+0.0000000000000000E+00 +3.1066894531250000E-02   
-2.8284551700186178E-03 +2.6932785281775985E-02   
-3.6901832216318375E-03 +3.7063456368171432E-02   
-2.5852318617669567E-03 +4.1066488523953074E-02   
+4.8635238218697197E-04 +4.4348778317202374E-02   
+5.5245241702639447E-03 +5.1232311930902094E-02   
+1.2529239357610411E-02 +5.5797666267573480E-02   
+2.1500455001985497E-02 +6.4683643978924024E-02   
+3.2438129371060942E-02 +7.2258725315582334E-02   
+4.5342221949522532E-02 +7.4988304985979054E-02   
+6.0212693445973464E-02 +7.9928011215312261E-02   
+7.7049505799627216E-02 +8.5025984820082862E-02   
+9.5852622186795244E-02 +8.7962647854283066E-02   
+1.1662200702716952E-01 +1.0022498851150158E-01   
+1.3935762598988433E-01 +1.0600122803296454E-01   
+1.6405944599937072E-01 +1.1456652370208292E-01   
+1.9072743524099112E-01 +1.2361657809827346E-01   
