6.052727020325037177e-01
6.081865466663650688e-01
6.093052389422413118e-01
5.998026359422740095e-01
5.910390040542370382e-01
5.940793161850039805e-01
5.880524706657304090e-01
5.924601199207107927e-01
5.812319951615473324e-01
5.720579745791960491e-01
5.729479790108540360e-01
5.762699552028172079e-01
5.885234394203200381e-01
5.927725776008840874e-01
5.928527467025602737e-01
5.912123747543922558e-01
5.868573453714840404e-01
5.868628203431685009e-01
5.803346712773825855e-01
5.837561721996363806e-01
5.797579102430701070e-01
5.822199995232534286e-01
5.831492486556386634e-01
5.840598508415101309e-01
5.857329725336282156e-01
5.910889955035747434e-01
5.851058091933544203e-01
5.874336633779132510e-01
5.905978542254790575e-01
5.895115949855689319e-01
5.932409510351216442e-01
5.924391874063799079e-01
5.975881292055363891e-01
6.014430772479865128e-01
5.960513591501959141e-01
6.021234106363090310e-01
5.999469573264645250e-01
5.962456256115675757e-01
5.972547546548410136e-01
6.009222224785658595e-01
5.960713663625789582e-01
5.942983731784801105e-01
5.980484211305301390e-01
5.913357448019644913e-01
5.916057461070317602e-01
5.897613568667444683e-01
5.849241409283179038e-01
5.907599971555050899e-01
5.898559950406098151e-01
5.873210755703694996e-01
5.907987725857811734e-01
5.882293782959735484e-01
5.861404968135647264e-01
5.953571882216706079e-01
5.924849926588591220e-01
5.834700622583707252e-01
5.855438025607074826e-01
5.864697223724131270e-01
5.828672160057881690e-01
5.810161184667416157e-01
5.696731802996873872e-01
5.660603488838806818e-01
5.671320850987301432e-01
5.633241859040637456e-01
5.742392069677757505e-01
5.749145201978017594e-01
5.790037409065111884e-01
5.784764298734981214e-01
5.797548438311335151e-01
5.827135282725743881e-01
5.748574060018069032e-01
5.853090627512045341e-01
5.780318562148285544e-01
5.785140691277101954e-01
5.752246169618637772e-01
5.724668410486570824e-01
5.678156792563566757e-01
5.613162919998971878e-01
5.536485108140426492e-01
5.584405663537597153e-01
5.617752197039118656e-01
5.574657175696305922e-01
5.594884221763823939e-01
5.552463289410780600e-01
5.487571608086300179e-01
5.450097338275627923e-01
5.500336289659571998e-01
5.446092329974945301e-01
5.419858126010840271e-01
5.429277138848103146e-01
5.433029159193500934e-01
5.362091002342067592e-01
5.369005358720085885e-01
5.346953941692081935e-01
5.354484256457197056e-01
5.343212397288579218e-01
5.248203838869525129e-01
5.181734272765723404e-01
5.054392064232262616e-01
5.094068010280627945e-01
