7.227858370384884212e-01
7.379470403510040022e-01
7.332875593640459932e-01
7.295626019533603124e-01
7.253130804844623025e-01
7.353857170102953145e-01
7.289633798674548526e-01
7.324259011714465695e-01
7.341933252985848313e-01
7.323325933006837873e-01
7.314776151496806822e-01
7.397188752111285570e-01
7.419984271468027526e-01
7.407162438263974469e-01
7.464866902665485693e-01
7.452577182737751826e-01
7.418554454993532277e-01
7.384506268287913677e-01
7.466048325244069028e-01
7.541070921973629382e-01
7.534129443648165392e-01
7.556275143960686780e-01
7.509866315562635508e-01
7.533439556459665676e-01
7.576458233246531337e-01
7.580788117763164191e-01
7.565047534444595545e-01
7.538122106904574515e-01
7.546702962088154276e-01
7.525102355781978503e-01
7.540822501262111066e-01
7.477513393841600520e-01
7.447289258594560479e-01
7.460639670798081546e-01
7.449582722241567811e-01
7.418172494733639155e-01
7.422718352360301308e-01
7.359925257230097717e-01
7.416682124683597888e-01
7.448594762088798227e-01
7.480768937699322496e-01
7.463085770482575931e-01
7.446537236497980938e-01
7.352005775032539603e-01
7.347777026508105491e-01
7.333707233839069639e-01
7.327249379421225672e-01
7.303249000419933523e-01
7.258632805540339294e-01
7.304308790443538868e-01
7.201297138578419688e-01
7.209239811137275744e-01
7.240188622728467305e-01
7.267631984863880401e-01
7.264626367060807999e-01
7.208427490575768370e-01
7.169790342215623946e-01
7.206868208473180548e-01
7.043631396030065606e-01
7.142548178668095549e-01
7.110796087837288892e-01
7.150825756550213130e-01
7.200744138802184224e-01
7.064710194145470412e-01
7.155244411993028075e-01
7.080923139668832134e-01
7.121565890272940624e-01
7.067160486461532276e-01
7.093141718892479464e-01
7.004159062718087192e-01
7.076622559553564784e-01
7.087248896019449074e-01
7.054145032280092487e-01
7.126564909012457205e-01
7.224499209577510683e-01
7.230249842099196744e-01
7.230331258818305518e-01
7.274904677549693943e-01
7.140095767452545594e-01
7.114149529355959789e-01
7.041193265357044151e-01
6.912716044976290330e-01
6.884694834536073671e-01
6.874912774877869337e-01
6.848389157165282182e-01
6.853830850794746521e-01
6.705131703318915060e-01
6.696603070898328181e-01
6.774716568365042324e-01
6.730044031671942317e-01
6.823007320667228148e-01
6.854441360472386391e-01
6.922826910979060777e-01
6.865290210788441705e-01
6.947203023654968668e-01
6.943983817530969826e-01
6.977215633789367599e-01
7.016121532532639815e-01
7.059522393837849297e-01
7.041658545645155254e-01
