6.930687932239530946e-01
6.977497103576509874e-01
6.979328778576077141e-01
7.042238182129366697e-01
7.060534502105728638e-01
7.084772064749418341e-01
7.115351814735946245e-01
7.090291410252739235e-01
7.026780581604112896e-01
6.988495824798193201e-01
6.928337080062423325e-01
6.875046683630843258e-01
6.817427730251324203e-01
6.878483889926159112e-01
6.848616670308204091e-01
6.879540436033042550e-01
6.918096954956207689e-01
6.820659969733873229e-01
6.904670117162613474e-01
6.891203294239107713e-01
6.929243880530673305e-01
6.972192154490870486e-01
7.111464239900944229e-01
7.065859232887679031e-01
7.064773862206396027e-01
7.059508293857561512e-01
6.976497433038133522e-01
7.026368944076861744e-01
7.007758935306875880e-01
7.073858389534800617e-01
7.059193782682775531e-01
7.034382538831425169e-01
7.076496288066458362e-01
7.092694169843658525e-01
7.006213281543772764e-01
6.991034295151425937e-01
6.910771547525837999e-01
6.888315202941364124e-01
6.915654288455750365e-01
6.923649870253278937e-01
6.883764939855301357e-01
6.882919699537065616e-01
6.907444784273425453e-01
6.944414736713719893e-01
6.929393116936017893e-01
6.832556918280701108e-01
6.863517721669908367e-01
6.877652192490293359e-01
6.875264122814153112e-01
6.837992362577107741e-01
6.771224202442416296e-01
6.684244855190140111e-01
6.733825941748181609e-01
6.717529874231897846e-01
6.636141166312001793e-01
6.670609206055068130e-01
6.746920189105567456e-01
6.710988348717086271e-01
6.636039170268628329e-01
6.668035276211541351e-01
6.715188517210914920e-01
6.573807315223680892e-01
6.619836583071030400e-01
6.629307664257553245e-01
6.693565133583800897e-01
6.714483495853568185e-01
6.669167561468085648e-01
6.707302157454428926e-01
6.741335166220399078e-01
6.689353413030574291e-01
6.696117276696843534e-01
6.728260712743361349e-01
6.818333358838635228e-01
6.791004153208163308e-01
6.779497968578325207e-01
6.740470012541515121e-01
6.723191311973377715e-01
6.762314273035093803e-01
6.797686805688684109e-01
6.759659498852926829e-01
6.719745411717084060e-01
6.759577915324652686e-01
6.813676172659859365e-01
6.941067959834175127e-01
7.009484212181413820e-01
7.042137538713917344e-01
7.046258761573969132e-01
7.240574357887046286e-01
7.160522842965124646e-01
7.189645778447744107e-01
7.124799986852630163e-01
7.119367830775902295e-01
7.134774270299627519e-01
7.071407282472841338e-01
7.048114184342137989e-01
7.053597732823013722e-01
7.029328238993099998e-01
7.045963828529120399e-01
7.061404112621301188e-01
7.044035355953797151e-01
