4.770335197923605275e-01
4.868983802724515808e-01
4.924143213820920129e-01
4.967788688076447690e-01
4.880247400919115464e-01
4.955522972428165751e-01
4.954404399461962982e-01
4.988685770516180229e-01
4.935148980358322612e-01
4.971103191123278364e-01
4.965070143401235647e-01
5.107556055794040262e-01
5.191527765296886088e-01
5.144198685315747310e-01
5.137703765407892753e-01
5.034719872400451601e-01
5.020311569337704283e-01
5.096721428781429974e-01
5.062810263752413054e-01
4.990521717550056024e-01
5.105281312458822551e-01
5.060777803636018479e-01
5.065532500501312985e-01
5.148661502517216659e-01
5.169882191676771210e-01
5.229844891240271743e-01
5.309513876537717003e-01
5.301968994827871429e-01
5.302541902211037605e-01
5.257223106122306255e-01
5.290242264229210178e-01
5.261781411090631355e-01
5.213787870430959259e-01
5.251002862004479077e-01
5.213000958730877876e-01
5.268098196614617867e-01
5.326707141256473710e-01
5.333860774209467914e-01
5.325547878035548077e-01
5.274948114796196297e-01
5.286574846870106814e-01
5.267148586264074339e-01
5.202133149866384754e-01
5.189173137670664016e-01
5.253883644888104332e-01
5.291600712557786856e-01
5.270181964497211435e-01
5.271409075801649635e-01
5.346702130900649053e-01
5.407134901181823716e-01
5.406034055590934750e-01
5.383706295972938705e-01
5.422343824395047251e-01
5.488366155893428244e-01
5.565359423466432753e-01
5.572493715454136520e-01
5.596780274325271476e-01
5.642877310342033770e-01
5.598901665421290863e-01
5.526219044473548170e-01
5.564313801469231713e-01
5.575971800526804412e-01
5.572665687259851230e-01
5.505312161331163967e-01
5.456918382200857121e-01
5.492057269722345758e-01
5.487971468092998073e-01
5.580772271804826934e-01
5.595108733526363842e-01
5.553820879341265782e-01
5.522511328205439440e-01
5.553067919935469332e-01
5.526501908790922846e-01
5.470192165067946366e-01
5.550723351991551091e-01
5.534164488213914046e-01
5.481584026463830472e-01
5.475312437964261481e-01
5.490284053928746744e-01
5.468531017461637500e-01
5.557029538305977567e-01
5.562759389818416889e-01
5.538478730277960338e-01
5.489964921554117971e-01
5.472076983091227476e-01
5.368627806425740889e-01
5.342029122404700070e-01
5.409169510617730658e-01
5.378163106095105173e-01
5.458352087323881108e-01
5.491709931994394056e-01
5.566899125864596121e-01
5.588875989738142369e-01
5.503922238729030969e-01
5.492521987703099517e-01
5.550829605178562165e-01
5.648105170754785798e-01
5.667060466248198258e-01
5.686260762516770484e-01
5.784220879682876459e-01
