1.060012280329645368e-01
1.137253532822625340e-01
1.087806796858463709e-01
1.107186318120921276e-01
1.145465554333314206e-01
1.102528828084294588e-01
1.121786571208824024e-01
1.091987088685539287e-01
1.140658646232021733e-01
1.107592360795171538e-01
1.116822446511017419e-01
1.093161711664167313e-01
1.123881363728939653e-01
1.149277196632584874e-01
1.139390907750809367e-01
1.092119173311239116e-01
1.108197399722991860e-01
1.132499913817818366e-01
1.127368032152648580e-01
1.080478483758788022e-01
1.118759548879043886e-01
1.163947575647573951e-01
1.185156984135631864e-01
1.086904760505237461e-01
1.091053260967501659e-01
1.150694810761347664e-01
1.082961365883466226e-01
1.134323825731820279e-01
1.176505314245295669e-01
1.113319441519959041e-01
1.081032681092963660e-01
1.149659248609691264e-01
1.097400773728224588e-01
1.120810929904264008e-01
1.130379842748334279e-01
1.134090649663853784e-01
1.138491816028714271e-01
1.133850138779989303e-01
1.083834824452822310e-01
1.130678165977539451e-01
1.134093564855198494e-01
1.125109413747162751e-01
1.139005097472902406e-01
1.151331976420130465e-01
1.111194470240417231e-01
1.120924691145546992e-01
1.111702757334829955e-01
1.107064804686229559e-01
1.130007747567554621e-01
1.145209136432154551e-01
1.157314323545793194e-01
1.124153863178833090e-01
1.127644741427553110e-01
1.102713813373454310e-01
1.128505557227223455e-01
1.117414777813215132e-01
1.166053738602614853e-01
1.099805525597625511e-01
1.136383035155565380e-01
1.089126177115959521e-01
1.149755432319286286e-01
1.107130432122219454e-01
1.183884586804238304e-01
1.113927231339980201e-01
1.109815974032759556e-01
1.144307741887718444e-01
1.129476152762979857e-01
1.125205587224671622e-01
1.092642916584112001e-01
1.105928945447831602e-01
1.097794443533938319e-01
1.134058168316361553e-01
1.172387416177313457e-01
1.123608832941184188e-01
1.101685861936141375e-01
1.135622922277148700e-01
1.153973140296278010e-01
1.091106506785179397e-01
1.095396604982251665e-01
1.090712597621228824e-01
1.118182483547761619e-01
1.130296923770043455e-01
1.119896948470112397e-01
1.103562500386117418e-01
1.139753311904013189e-01
1.145734853278490284e-01
1.142874176468975655e-01
1.094860076032463936e-01
1.145045697064716872e-01
1.160972742518882050e-01
1.146595247485890090e-01
1.139161430279077292e-01
1.072318340535208664e-01
1.128651574396459523e-01
1.112069092510265811e-01
1.084656066644571759e-01
1.131526647584939482e-01
1.118717348639759468e-01
1.122848270163507856e-01
1.140597196538051528e-01
