6.428953502986398671e-01
6.422823116473928007e-01
6.434862930500440115e-01
6.419409269832448972e-01
6.356116770599251620e-01
6.433416497269188739e-01
6.401246276225223131e-01
6.276010072624229608e-01
6.255909919527140595e-01
6.222502326363148484e-01
6.316609162987022463e-01
6.250771437063420422e-01
6.276089824745766377e-01
6.250000478351696032e-01
6.264287667422133721e-01
6.264223180147143744e-01
6.363610791681115764e-01
6.297974505582892846e-01
6.314790777812773204e-01
6.264109313267297585e-01
6.327826916219380093e-01
6.359080799212907253e-01
6.360437119641945136e-01
6.410551251451308552e-01
6.352036377733533135e-01
6.320638545444620116e-01
6.370572098978353193e-01
6.367517276724821151e-01
6.347528893669569516e-01
6.344723387917493573e-01
6.283090154998507426e-01
6.364405620314317336e-01
6.300493663973794067e-01
6.294192903171217379e-01
6.262566974249151874e-01
6.232850402476846075e-01
6.229082820314837399e-01
6.276934898523351958e-01
6.378278518693832888e-01
6.357931120015454241e-01
6.344818519144393987e-01
6.394110932856712504e-01
6.386561057674828845e-01
6.426192473017138251e-01
6.426656103865480141e-01
6.475395355319439883e-01
6.439457514888684564e-01
6.458784770061127833e-01
6.408616939646998301e-01
6.335889152409747149e-01
6.257515696182665010e-01
6.361495736831717096e-01
6.403427799781433727e-01
6.382742777455908678e-01
6.302552470639573023e-01
6.334685690247658929e-01
6.397421930917834842e-01
6.360155522489823188e-01
6.465011858018134827e-01
6.481372625816627098e-01
6.542207151706918022e-01
6.556956510497636836e-01
6.492632020630753065e-01
6.524288467174153006e-01
6.522660369962376414e-01
6.527846756974029496e-01
6.644911607214895044e-01
6.650661312135153214e-01
6.520890634906861827e-01
6.367610034706281397e-01
6.364412048924739107e-01
6.378759387729375785e-01
6.348627678213389913e-01
6.312755254636422952e-01
6.269984043426399811e-01
6.251285022333175068e-01
6.360799146180607933e-01
6.280821418940403245e-01
6.188848852784876176e-01
6.171292837653998831e-01
6.173194646798780827e-01
6.153605738508147738e-01
6.106831364827435271e-01
6.091600510100477761e-01
6.086144764826335596e-01
6.109440429336578937e-01
6.079436383929974763e-01
6.112097510604621586e-01
6.118616046347292725e-01
6.149351825360611645e-01
6.124754792962081584e-01
6.222655238175364145e-01
6.144059333932294642e-01
6.150039542654892610e-01
6.162255936260750966e-01
6.107230489476740409e-01
6.081192448585859278e-01
6.074574247197851440e-01
6.103403198999068913e-01
6.063252752720547090e-01
