4.800741060330168120e-01
4.910699982713616074e-01
4.967083034222620763e-01
4.923695986034141159e-01
4.880273322282687731e-01
4.944862860411523564e-01
4.957217880150991407e-01
4.971192831530224510e-01
4.892752318753032514e-01
4.824468726985512435e-01
4.899472221448629705e-01
4.964647021781328773e-01
4.943281731324152828e-01
4.970763050472007949e-01
4.887943794417135002e-01
4.902227220211023972e-01
4.851047599343375483e-01
4.812692050533722843e-01
4.908843693305787736e-01
4.915895333065158912e-01
5.025050312676024866e-01
4.982822535892492688e-01
4.932420295977834046e-01
4.992211293437913699e-01
4.947684369634016699e-01
4.954455544461745520e-01
4.961474774433288215e-01
5.001880982250676011e-01
5.030558782487715153e-01
5.144817955067935156e-01
5.115964502358528732e-01
5.030673408170756034e-01
4.986328252028562336e-01
4.933015748984079796e-01
4.948805406352663749e-01
5.053836677831367030e-01
5.009418631608746342e-01
5.046331343254799595e-01
5.024311304507258491e-01
4.945467115685506232e-01
4.955623622311906562e-01
4.886817443532904814e-01
4.896189740379609523e-01
4.875249294848112980e-01
4.943325901188684313e-01
4.933729022559486532e-01
5.062834213537955597e-01
5.078356579629075274e-01
5.022433904751948397e-01
5.041410498581114785e-01
4.996136050577831833e-01
5.063764237807817370e-01
5.023770506243498968e-01
5.064788452605333280e-01
5.073732392954194426e-01
5.166935630408342472e-01
5.073691425377061526e-01
5.064466616438115798e-01
5.078014860413879727e-01
5.029567640259748895e-01
4.976444451380858114e-01
5.009419010451411358e-01
5.046238831645087908e-01
5.060075207892543725e-01
5.009719536226855396e-01
5.030713123105958751e-01
4.963399050367903742e-01
4.933207982590993579e-01
4.990962614758292504e-01
5.025300593238379854e-01
5.090704283190992108e-01
5.100912102461636621e-01
4.984671803785521993e-01
5.002272618775934765e-01
5.022138925460741810e-01
5.070243373685476840e-01
5.090114498864056758e-01
5.053380739726035520e-01
5.055260649448836130e-01
5.137531092420025702e-01
5.073661055372578055e-01
5.107727344090234878e-01
5.105668273308691107e-01
5.080690511488770156e-01
4.953867594374017913e-01
4.981794751131847221e-01
5.000777901040064366e-01
5.011856608492013532e-01
4.944232908978680729e-01
4.897349449008571165e-01
4.968064360395250678e-01
4.954553893836063372e-01
4.980834164475920200e-01
5.034462591592645531e-01
4.938917228425324657e-01
4.967169434406027984e-01
4.943340117777050291e-01
4.948211065447638557e-01
4.849374912045412711e-01
4.864828151044142679e-01
