2.693278528177598524e-02
3.513999235264527593e-02
3.475337741767071942e-02
3.680625324486833105e-02
3.164247286873950876e-02
3.796848620236149829e-02
3.709133275463387391e-02
3.616173388984787740e-02
3.534169612105143854e-02
3.562506868573875329e-02
3.747095001022726635e-02
3.632434969596697039e-02
3.564963510705575211e-02
3.651227657694338519e-02
3.709683300247941518e-02
3.783635043430795541e-02
3.649272915333218181e-02
3.582987911270497927e-02
3.585915724795337572e-02
3.751569505731763843e-02
3.471335202272114728e-02
3.509837211932455292e-02
3.632822565825371414e-02
3.525317237952545202e-02
3.558590174843650339e-02
4.010715369257908391e-02
3.737761851425518145e-02
3.823771810435250273e-02
3.688625074431439721e-02
3.732742726587877369e-02
3.708701551330564894e-02
3.405689155561920922e-02
3.515520024607241001e-02
3.792176587408718769e-02
3.991653997149791078e-02
3.394388852007161617e-02
3.456087254757315985e-02
3.808319835145590471e-02
3.596794413155132708e-02
3.441842385305963342e-02
3.306356806839674811e-02
3.433583252238608940e-02
3.458429921248301619e-02
3.533177200236013726e-02
3.330411387610656554e-02
3.804781698467812889e-02
3.815208796815534181e-02
3.450595463741867874e-02
3.767438259536275841e-02
3.558184740588019729e-02
3.597698385261099974e-02
3.530668871574473705e-02
3.737508978061143683e-02
3.562935571634440884e-02
3.444661973879158123e-02
3.759257653397912735e-02
3.837485897074924268e-02
3.618162045688648465e-02
3.617500157366398961e-02
3.811021058330252287e-02
3.431846378399246861e-02
3.668470464586837121e-02
3.840719121990281149e-02
3.820124796895703334e-02
3.598763847856880499e-02
3.589147463214603651e-02
3.436814390727097046e-02
3.638947688791352442e-02
3.670193097801521115e-02
3.631974045929690226e-02
3.604828142527003593e-02
3.340051713436759107e-02
3.702829617023584152e-02
3.601045389610273845e-02
3.533409431843649584e-02
3.735229462852149296e-02
3.638247224945646840e-02
3.799986959094073247e-02
3.586711874252623833e-02
3.559819216586977003e-02
3.625370907242969620e-02
3.562596459871662097e-02
3.671507581530925046e-02
3.602569871302477300e-02
3.511208305258042839e-02
3.583449456862808358e-02
3.550678121982693558e-02
3.760684236588106300e-02
3.737043618770706510e-02
3.534857402622655631e-02
3.375153736031421409e-02
3.476132131405615389e-02
3.662939638410096788e-02
3.716178600206363619e-02
3.518236545148820116e-02
3.444733430382959649e-02
3.599467952131998189e-02
3.557054244784967068e-02
3.665833300208189843e-02
3.679381674742082664e-02
