1.236165780982734635e-01
1.215735275178640995e-01
1.257125822773211832e-01
1.251849834036771192e-01
1.234366142783246273e-01
1.266752261217324871e-01
1.266908754063868492e-01
1.285834254406275079e-01
1.259825330416055322e-01
1.239867409003012344e-01
1.236349944704953907e-01
1.252764679594293162e-01
1.333125159529151560e-01
1.285307004074087156e-01
1.239006371867627104e-01
1.260148574265735066e-01
1.294709804891846783e-01
1.276387342739350172e-01
1.248621277981546984e-01
1.262491192696706399e-01
1.308788180127303802e-01
1.237885091857472558e-01
1.270006960150334707e-01
1.303492310620833206e-01
1.226952946901213037e-01
1.286558055481467622e-01
1.262835242641219546e-01
1.245081439935959711e-01
1.316249451960906369e-01
1.279181366012489551e-01
1.271832989499105948e-01
1.254917460609649704e-01
1.308465293812634545e-01
1.254745653865561583e-01
1.277551085438926037e-01
1.294799709232360985e-01
1.282061041525152101e-01
1.259648346196464708e-01
1.252782699472414496e-01
1.242897101727491183e-01
1.311579335981677419e-01
1.255878600161665082e-01
1.271240700040484062e-01
1.262362680279102700e-01
1.239258489629498083e-01
1.239787323441866040e-01
1.328058596741049091e-01
1.254374896471483480e-01
1.286041040544517178e-01
1.243372118286252270e-01
1.245236747163000202e-01
1.282842585721676587e-01
1.276479202044502048e-01
1.238664746994745935e-01
1.284300645202433866e-01
1.256074471617493471e-01
1.181864470724156568e-01
1.239708128770733997e-01
1.239161388114192186e-01
1.263940114083591804e-01
1.300962890951536388e-01
1.311555451395864935e-01
1.252867682908704872e-01
1.230939638337627817e-01
1.239528854459625157e-01
1.279726522126584665e-01
1.301575088726744100e-01
1.259507754489245235e-01
1.259970015390920184e-01
1.279278827413764252e-01
1.306702403633817899e-01
1.253321642555544901e-01
1.279313591858817767e-01
1.303324316043420750e-01
1.240990262585039000e-01
1.260853509100698377e-01
1.230435352658271475e-01
1.209152146076795664e-01
1.277828003191278095e-01
1.268434947660386503e-01
1.299038628383328564e-01
1.295914426661329277e-01
1.281585883163094963e-01
1.261603746599519460e-01
1.326886581845705126e-01
1.251557529975210747e-01
1.259960013165398740e-01
1.262230560191018314e-01
1.226453229541988182e-01
1.284648277322637533e-01
1.232843406045345536e-01
1.216476437723424953e-01
1.239660320444913033e-01
1.223870018105534530e-01
1.254120955529280101e-01
1.299599186739190393e-01
1.248124856625390799e-01
1.260987169737907976e-01
1.235020721500284802e-01
1.256900932123141690e-01
