5.442955930203110526e-01
5.577867578222287515e-01
5.664503575903946375e-01
5.706601777225851491e-01
5.765529442352381739e-01
5.747128765198569189e-01
5.753454679806762062e-01
5.750052354027325174e-01
5.830910600047792824e-01
5.793315314073085309e-01
5.810646537123881350e-01
5.768490748519485845e-01
5.720649840237812533e-01
5.628866108439299909e-01
5.583200346611794096e-01
5.664241299249647144e-01
5.700230815338132029e-01
5.811835308998914984e-01
5.747284823251269659e-01
5.635806411450766662e-01
5.577142286910824476e-01
5.573897834452756772e-01
5.466388585985187953e-01
5.522789067471812752e-01
5.529166379262924202e-01
5.515620080733071307e-01
5.452473637714512211e-01
5.465187934669677450e-01
5.462411761731680304e-01
5.525732705104468012e-01
5.543134346679388091e-01
5.513906565941917304e-01
5.452495296296702154e-01
5.453081566476399855e-01
5.442992464203020297e-01
5.476101942956654867e-01
5.394926092672538420e-01
5.270086446666559787e-01
5.251818631754793243e-01
5.217943448962079067e-01
5.120318464780360124e-01
5.167612795560561079e-01
5.183054017131834001e-01
5.214791921809206476e-01
5.168186231055558189e-01
5.104584525480266866e-01
5.056708347436440487e-01
4.910726324277784327e-01
4.899087303490474166e-01
4.922319196621885995e-01
4.919970732360722243e-01
4.979959733043394232e-01
4.872566868165527643e-01
4.967354633671131059e-01
4.942382787091235130e-01
4.931925868592683670e-01
4.917068829795910867e-01
4.852096992368875039e-01
4.889753080997993884e-01
4.850317739867128219e-01
4.924096042238811921e-01
4.894471620911154397e-01
4.847989356914723658e-01
4.820077207752104798e-01
4.896138069679680238e-01
4.891662508919191743e-01
4.885980143376859042e-01
4.817940087947989447e-01
4.868706686325330324e-01
4.827361939450447448e-01
4.823054922480550788e-01
4.840166801435787924e-01
4.719047892136356559e-01
4.673452872546975945e-01
4.677535514292423535e-01
4.600642385980732163e-01
4.547224032963795848e-01
4.530231881399878757e-01
4.576236522242637106e-01
4.553374019626029723e-01
4.516187182196608196e-01
4.413033055457598053e-01
4.446210676337982726e-01
4.449262350152197731e-01
4.526150207022796579e-01
4.551547695172666330e-01
4.513777218320734752e-01
4.489225406858904366e-01
4.449275565888967665e-01
4.349356263706734005e-01
4.381758496155842564e-01
4.398643805544174001e-01
4.321785109691392845e-01
4.371070209522361361e-01
4.398413533906976314e-01
4.437459333528347427e-01
4.411687095107458823e-01
4.425169457163365405e-01
4.471430024441416240e-01
4.522045939348111609e-01
