5.583793447090753537e-01
5.694792850894931924e-01
5.711575719017616404e-01
5.674598001786783641e-01
5.660203147334470497e-01
5.620345723468911370e-01
5.629366761650642648e-01
5.657242320281985482e-01
5.693785266332545003e-01
5.679887471784912378e-01
5.728271995444149667e-01
5.726901570943673248e-01
5.784062168719136254e-01
5.766366276975459781e-01
5.837985981499458354e-01
5.799241776062362685e-01
5.754380701859280745e-01
5.708264704493266617e-01
5.625464539470408365e-01
5.577699405888225659e-01
5.630811102775351573e-01
5.605587560435623118e-01
5.525679717858205109e-01
5.517462309358727168e-01
5.485400442605998794e-01
5.434984856699799360e-01
5.433271641474703983e-01
5.502713376168713033e-01
5.642625818164359597e-01
5.593505489977346201e-01
5.639164658919236794e-01
5.631715459793023015e-01
5.664937287591053083e-01
5.731387758959022305e-01
5.738446549416690301e-01
5.829927447682324848e-01
5.896413771236456158e-01
5.900972113345874792e-01
6.008974114817619006e-01
6.081944308014241019e-01
6.088726885649305975e-01
6.107135951117546036e-01
6.204768381216667628e-01
6.131910576717862771e-01
6.154294607292041253e-01
6.222426897707221682e-01
6.247401151699147892e-01
6.380857741190163468e-01
6.422889830802110955e-01
6.516106455137018472e-01
6.499965870331081419e-01
6.555018188587067307e-01
6.616180768665280709e-01
6.478966275280587661e-01
6.526991567468330979e-01
6.402067613843693827e-01
6.376747564495357512e-01
6.327681563798033260e-01
6.362723581775061588e-01
6.381581064236773182e-01
6.392528222689385364e-01
6.415200568868169029e-01
6.431555274894978913e-01
6.520285911944543322e-01
6.576008384591915945e-01
6.601293252712057136e-01
6.550941446812426072e-01
6.514442594239278073e-01
6.496861875191628499e-01
6.455208535987280172e-01
6.412953737467110837e-01
6.444104880403461744e-01
6.434814642351676106e-01
6.427192701214997639e-01
6.387790138360449621e-01
6.377760192893054958e-01
6.328371776569693408e-01
6.393516567363700664e-01
6.439802296578258645e-01
6.440862252686807565e-01
6.456843361074027232e-01
6.472093146859245749e-01
6.542924126254119344e-01
6.507328034569863640e-01
6.646968838325446605e-01
6.669842810005877087e-01
6.689724804202477060e-01
6.709497634542233024e-01
6.863835711737561462e-01
6.775471546647928722e-01
6.768533357501191894e-01
6.814071159614079054e-01
6.853241804929750547e-01
6.857845485161323529e-01
6.888352860450900339e-01
6.975380971017144383e-01
6.971576085824098268e-01
6.951055639034503519e-01
6.984219018609161278e-01
6.985055171074452396e-01
