3.106689453125000000e-02
3.967948340043957189e-02
3.162863461257113540e-02
3.098144062775403523e-02
3.183510408143641612e-02
2.901909745028009857e-02
3.211458471838272988e-02
2.879010732785055107e-02
3.183803984515760216e-02
3.089363841760677659e-02
3.030033999752532181e-02
3.052044432040494984e-02
3.286022990505449437e-02
3.089312162655194482e-02
2.990228512806388655e-02
3.227952699279053317e-02
3.311287205211656259e-02
3.172303709643078951e-02
3.189761885538629216e-02
3.289078305494759491e-02
3.087237752498299403e-02
3.111792124076281571e-02
3.336239051369611908e-02
2.855916763449810325e-02
3.163618590734040836e-02
3.013891316604960791e-02
3.143400323015485553e-02
3.136915350062308150e-02
3.397565255903062242e-02
3.038931516558209672e-02
3.277715998242872880e-02
3.211988304919007053e-02
2.969834103993346935e-02
3.105909560824529278e-02
3.219665929274957705e-02
3.133121834861174460e-02
2.978813992825532497e-02
3.201509819232382925e-02
3.181756222439992288e-02
3.158953303838056559e-02
2.853861783202553751e-02
3.111673317169059289e-02
2.814053548959336015e-02
3.090497474582334925e-02
3.050495948180578440e-02
3.097756908524636199e-02
2.880987209667736082e-02
2.999115001900031288e-02
3.259410257139695039e-02
3.113566287263811252e-02
2.977237996994135799e-02
3.153710929914364802e-02
3.203062782341611903e-02
3.063230037822835261e-02
3.113658006704527262e-02
3.178548753408218241e-02
3.232579893470207549e-02
3.087217893045440809e-02
3.208360025361378653e-02
3.500006714646247685e-02
2.839220299964137495e-02
2.777842350671548555e-02
3.079041643686211693e-02
2.918037558484351535e-02
3.056647129219143555e-02
2.991614337200045048e-02
2.894714962701765149e-02
3.164151945412373157e-02
2.850123890724952369e-02
3.180581011308276917e-02
3.236893968857657011e-02
3.141748312082058570e-02
3.351381263214929518e-02
3.353217502731803412e-02
3.189072106974226439e-02
3.020257180768554789e-02
3.069556823164855050e-02
2.803745459784158511e-02
3.017848639000116767e-02
3.409086539550835321e-02
3.324568528913353360e-02
3.539318030746162191e-02
3.251164022292184208e-02
3.201100463511367955e-02
3.290362024374979266e-02
3.174171256524167817e-02
3.016473695315285974e-02
3.242125773993757842e-02
3.007169941469251678e-02
3.159058511895964511e-02
3.061581517795356963e-02
3.077606267282545494e-02
3.276290254840510952e-02
3.026847371239679840e-02
2.992181408037971821e-02
3.039749977604813691e-02
3.116000105199957793e-02
3.103710257911567599e-02
3.207298653770632862e-02
2.921160502043258778e-02
