4.854136285548982244e-01
4.947250984158421683e-01
4.921111592071208407e-01
4.878426863468055541e-01
5.040563408850642357e-01
5.072717517606049054e-01
5.058573810017231720e-01
5.115164756824764902e-01
5.057163103049133746e-01
5.143375776015219891e-01
5.241905621040428009e-01
5.242215978211895999e-01
5.215420734160927108e-01
5.211510292088361584e-01
5.180818786896470574e-01
5.079879868879859650e-01
5.098950969548798895e-01
5.127211608459568692e-01
5.161612809979854166e-01
5.146042725301309684e-01
5.164331951721187197e-01
5.119423616861704662e-01
5.102609269099592781e-01
5.115956860072212731e-01
5.038416408532244706e-01
5.091063887947411271e-01
5.144268667577935883e-01
5.053968568442077647e-01
5.063901441728482222e-01
5.004932170412366155e-01
4.976297535345830525e-01
5.024672802844084574e-01
5.047109302042842582e-01
5.050417232236813492e-01
5.070970005403113712e-01
5.149428099252086888e-01
5.161004366058667969e-01
5.185084242650566111e-01
5.272650202509496786e-01
5.363383014161177131e-01
5.383542340783116220e-01
5.370531367088277053e-01
5.328525806015231847e-01
5.329773168787836912e-01
5.434504901094340257e-01
5.482869314718559206e-01
5.712217169933572203e-01
6.043932189680697453e-01
6.139664920174808804e-01
6.180033515966731894e-01
6.263355310009062205e-01
6.304624363800540587e-01
6.299360058460266032e-01
6.321151349375869755e-01
6.338652975173204585e-01
6.327435915830469382e-01
6.323345413184112696e-01
6.330683781075152616e-01
6.330236536768157896e-01
6.308899147293205445e-01
6.330381277120629147e-01
6.305869288584364796e-01
6.314669818113208821e-01
6.307109209197481192e-01
6.319052908114524136e-01
6.329276791459390594e-01
6.336191696889079683e-01
6.318645740881503325e-01
6.320086355349942009e-01
6.328022332098000025e-01
6.332482166682991132e-01
6.333074822866868736e-01
6.288437553285552983e-01
6.342456382729643183e-01
6.334629449690452052e-01
6.324553396598505683e-01
6.320496325980136110e-01
6.341167290609784901e-01
6.356920422728178366e-01
6.335532407612638472e-01
6.339450777985252694e-01
6.363467012877168649e-01
6.366266129303823629e-01
6.337343010212146410e-01
6.361606090569795757e-01
6.337952791872376590e-01
6.365017923651287157e-01
6.371168925765769986e-01
6.374846699662759519e-01
6.375299770018387768e-01
6.323102557761979270e-01
6.359024909523447455e-01
6.344034900506640984e-01
6.359428801753318483e-01
6.353998659104325153e-01
6.372717423164544481e-01
6.368699869528882118e-01
6.348632168716161761e-01
6.380131361167105108e-01
6.381206343555705374e-01
