6.586743955205712764e-01
6.677964869362991163e-01
6.674674069477657401e-01
6.680493027157738961e-01
6.682923081801862564e-01
6.659745128168250705e-01
6.654115206179964659e-01
6.629917424100282286e-01
6.642632895025932793e-01
6.664132025312405894e-01
6.654341387089222071e-01
6.654912376204874525e-01
6.657370229569135045e-01
6.686207018642913447e-01
6.722951230191774874e-01
6.708679320747552577e-01
6.710844610781654396e-01
6.712219404889013807e-01
6.735324356123471023e-01
6.712559741980922423e-01
6.718615848705830063e-01
6.711641308286937502e-01
6.705988332909160743e-01
6.710037153038272972e-01
6.704115077686227941e-01
6.727883754062151667e-01
6.707910231030340675e-01
6.711467732240382622e-01
6.731842709182463969e-01
6.726151120880436984e-01
6.734811554983428650e-01
6.687572161392733028e-01
6.693515362716488948e-01
6.715638400020271792e-01
6.676948035799350478e-01
6.657152204822728292e-01
6.676992143403497337e-01
6.690848903975530337e-01
6.659585586061047557e-01
6.660910591070660081e-01
6.681684933377912694e-01
6.681070244127703672e-01
6.692702160907842979e-01
6.714183113714113915e-01
6.691994206322023908e-01
6.715258139741798749e-01
6.716655130072592961e-01
6.674897594756548092e-01
6.679223026501994731e-01
6.646784267580172489e-01
6.621401826485520115e-01
6.621538001154790853e-01
6.639539346308155343e-01
6.660246909807245874e-01
6.649334105285447105e-01
6.667123134708354826e-01
6.676990383485135183e-01
6.674068110550397392e-01
6.689607539342355969e-01
6.709301545700372404e-01
6.696483568793001329e-01
6.659397863114921989e-01
6.705024493821338805e-01
6.657339653741985996e-01
6.641243824952590691e-01
6.682398315535840183e-01
6.712908169215179299e-01
6.711427022661978770e-01
6.704944304536469835e-01
6.702715921049237080e-01
6.735368544139638258e-01
6.732916622517336469e-01
6.751810092066672375e-01
6.746875014891710043e-01
6.726003170744224713e-01
6.723729935003062153e-01
6.724340630853116174e-01
6.690983127837872857e-01
6.700128959143206719e-01
6.721619494708803710e-01
6.704672295057950704e-01
6.658802725308025083e-01
6.677527483192766677e-01
6.686429047018046523e-01
6.646924311946268427e-01
6.604922444000478343e-01
6.603637647194405824e-01
6.583903554004835179e-01
6.643211109971198791e-01
6.602162617618732021e-01
6.626327503760727211e-01
6.601747967840436715e-01
6.644314158056131570e-01
6.654760342551275798e-01
6.667520996472022787e-01
6.687423868571027441e-01
6.686738433317307440e-01
6.727140442093043626e-01
6.700983509268493288e-01
6.729634948279776818e-01
