6.666043570525043149e-01
6.748175955316020325e-01
6.747605450964478946e-01
6.726260026590932251e-01
6.723996454449223670e-01
6.754529389148882235e-01
6.767228634862407777e-01
6.776294802592466304e-01
6.799880452642967921e-01
6.765141739552396061e-01
6.770198712879277325e-01
6.779147664303460941e-01
6.742370566791482389e-01
6.746570048634968897e-01
6.732074634164249005e-01
6.804849223077169551e-01
6.773505670056280126e-01
6.746697682737891055e-01
6.734413903085636477e-01
6.712563690106213565e-01
6.697232192018988117e-01
6.727984313728296861e-01
6.744382950951259836e-01
6.754437313955592437e-01
6.754965297663437784e-01
6.766992436587221382e-01
6.768947431613170362e-01
6.748191656657640536e-01
6.785995595645575307e-01
6.748344231645708735e-01
6.729292935508898177e-01
6.683441602139690296e-01
6.690930792827304296e-01
6.627046902595341571e-01
6.577441331532483115e-01
6.535780371916500853e-01
6.511383617988929506e-01
6.551536959582454633e-01
6.483080744935372230e-01
6.504210764955338231e-01
6.515637516431133092e-01
6.465008378803569489e-01
6.512223392004059530e-01
6.451904079566810335e-01
6.434125659166498590e-01
6.358941573087230070e-01
6.342573746889905717e-01
6.355992211026619820e-01
6.299443763797447637e-01
6.232230852795705989e-01
6.199265033794925106e-01
6.196527242494005439e-01
6.133193580904425790e-01
6.129190909460068282e-01
6.075624526213482257e-01
5.943452150534016543e-01
5.858463744050217414e-01
5.874472273179868198e-01
5.881699752762418187e-01
5.858492822127577826e-01
5.899284962288452450e-01
5.838905179084690200e-01
5.838115746520736726e-01
5.850774012512346411e-01
5.807206365505988011e-01
5.779296871960775128e-01
5.738814793291423522e-01
5.723344976970879960e-01
5.856004905656291282e-01
5.734977530604340457e-01
5.680991070179984836e-01
5.724329025370619162e-01
5.701738024761587864e-01
5.721506441639280238e-01
5.809451174421293995e-01
5.817385177735592272e-01
5.787362885980954497e-01
5.853856475554480854e-01
5.764850498140465795e-01
5.788205256701569601e-01
5.719071927436577552e-01
5.804070689853096932e-01
5.779003163484823791e-01
5.848714777298884560e-01
5.726949803154663954e-01
5.739606012539874014e-01
5.828111750473232711e-01
5.845269561882158182e-01
5.819056376549642806e-01
5.761853740741582630e-01
5.797276637743223882e-01
5.697110033114349825e-01
5.696369357515940202e-01
5.630826049359060059e-01
5.676840143016900209e-01
5.660613632921978056e-01
5.591542128780873089e-01
5.664741057873003971e-01
5.760792635095933756e-01
5.692143767914392694e-01
