4.739114577954505192e-01
4.890657529618422372e-01
4.981477024170504753e-01
4.915102428494473874e-01
4.998393127909800393e-01
5.040587708967843028e-01
4.938778596489497019e-01
4.936186819392478498e-01
4.861580744776203278e-01
4.816691850472787917e-01
4.779878287378759305e-01
4.716863894383559463e-01
4.754001036571617322e-01
4.769960262012225005e-01
4.764090878811255703e-01
4.695985482630071761e-01
4.751053259956603547e-01
4.725942180421429661e-01
4.760638626517041949e-01
4.757704855081826278e-01
4.650664525768448687e-01
4.735266559218738180e-01
4.671646469647620092e-01
4.696385342820033060e-01
4.800303812691406047e-01
4.855112984979988444e-01
4.830017876377961095e-01
4.835417272674220612e-01
4.769841763817345148e-01
4.821271775837048246e-01
4.794742298597937658e-01
4.821290976186656252e-01
4.811651440407682667e-01
4.883416508758860464e-01
4.827979456215195087e-01
4.814392343463999580e-01
4.852754065478525614e-01
4.893399266442069462e-01
4.879556684371777475e-01
4.895642154687984138e-01
4.864964387124107725e-01
4.920807917084474292e-01
4.922388045578764970e-01
5.059162182660024154e-01
5.042008497366092801e-01
5.044376733899247345e-01
5.037463855100385857e-01
4.948649550532688290e-01
4.860791220225680886e-01
4.888818546725804959e-01
4.856209123642072911e-01
4.843151433647895354e-01
4.759580207009533326e-01
4.712638823255073661e-01
4.849905000887226314e-01
4.941452671532080565e-01
4.967334420674553996e-01
5.011914510078583351e-01
5.004062919085996430e-01
5.036385275479819956e-01
5.079742898058821066e-01
5.028857599007265922e-01
4.984303332630812267e-01
4.973690138015409712e-01
5.012133213368450413e-01
5.038860878584714431e-01
5.047033923231688535e-01
5.051972880634746366e-01
5.096728605288600722e-01
5.084912320265746466e-01
5.096328467190562872e-01
5.041989628034693194e-01
4.966106493134124222e-01
5.023590750427312512e-01
4.932559528599282928e-01
4.973236347363854670e-01
4.975476947498648217e-01
5.019276075877638910e-01
4.999500751102419205e-01
4.917949158115013653e-01
4.855459967051505288e-01
4.878262468628561943e-01
4.939613968204771277e-01
4.913812200407200459e-01
4.964176366730029266e-01
4.908110209278752079e-01
4.914161888533180589e-01
4.923706509969855150e-01
4.906329365240486018e-01
4.884921516301923838e-01
4.860451024070898685e-01
4.845286161580409923e-01
4.760195607275019003e-01
4.818985851749454374e-01
4.863448706970160962e-01
4.782281603241758661e-01
4.791672996549402042e-01
4.793663867792574695e-01
4.869514053703126177e-01
4.792021767122728315e-01
