6.472491305804339845e-01
6.541791186412545533e-01
6.497635813258137993e-01
6.520850316684270176e-01
6.486747822436818023e-01
6.504449497641298095e-01
6.557244534924953072e-01
6.509758551972191221e-01
6.544957137344964426e-01
6.532517662505017420e-01
6.524834204633933599e-01
6.535999023360817839e-01
6.523681359225487197e-01
6.554102476574898972e-01
6.521601123249394227e-01
6.541771991245468598e-01
6.536466060976606762e-01
6.508755407237259982e-01
6.535453517632543452e-01
6.510831885774557293e-01
6.530905994037301543e-01
6.500591065757954645e-01
6.503881186739755016e-01
6.523016310261073869e-01
6.551553713422434422e-01
6.558602045120436319e-01
6.518345674888574859e-01
6.517820905643619822e-01
6.512369087212543928e-01
6.536165825261820439e-01
6.541731929168469462e-01
6.526708162128179724e-01
6.520448636510537410e-01
6.529411537092322249e-01
6.537204974695549620e-01
6.539489789710691836e-01
6.530081962833150788e-01
6.542746843320584871e-01
6.513642685038187885e-01
6.511909451319923825e-01
6.530385803023037727e-01
6.536119412595454703e-01
6.509637017029921147e-01
6.522171354950742073e-01
6.532040059428930734e-01
6.520674760352778154e-01
6.521356815285364039e-01
6.520114730178628859e-01
6.522613379439836656e-01
6.516097632787164473e-01
6.554691581165209557e-01
6.535030475077683310e-01
6.499831090129557509e-01
6.521347783990224523e-01
6.500313385472394900e-01
6.516522996812746937e-01
6.539084959723056034e-01
6.529459627596427840e-01
6.514958785907305483e-01
6.523526559624264198e-01
6.535114746442407530e-01
6.527029581410295211e-01
6.509866218312183594e-01
6.523908943816998374e-01
6.528716024018459407e-01
6.526281638364990201e-01
6.487542235142014224e-01
6.525025956412904282e-01
6.535178695064248755e-01
6.511830711742184752e-01
6.530361250056894162e-01
6.509103314310182853e-01
6.495067393514024623e-01
6.505430410060355495e-01
6.531195652839274501e-01
6.523391341976090274e-01
6.503244315252784125e-01
6.532682861775891414e-01
6.507003428551931812e-01
6.502990136638149288e-01
6.504401976903385618e-01
6.515493000043942606e-01
6.493222229408885937e-01
6.529983481922434496e-01
6.513702163809103052e-01
6.501620568390864552e-01
6.505732568628894708e-01
6.510105802620447246e-01
6.499291837389717941e-01
6.520831291496111959e-01
6.473978487748954791e-01
6.507693884872185475e-01
6.533625501619877429e-01
6.506040199971561133e-01
6.487031890350691832e-01
6.519964646124553065e-01
6.508757820651895898e-01
6.500266956886368019e-01
6.533460239644522938e-01
6.507339710834478819e-01
