4.434877831720237390e-02
4.981710250138039753e-02
5.114529356613840144e-02
5.235500386661085664e-02
5.189428313331739817e-02
5.332035240542776916e-02
5.204143151828082015e-02
5.219351537092527249e-02
4.997714980078382663e-02
5.342808363767306140e-02
5.198635779272464674e-02
5.314563362464813645e-02
5.218729345947788201e-02
5.442829920632774598e-02
5.239505770095337356e-02
4.818029333233075917e-02
4.858185100135169188e-02
5.478270299593222814e-02
5.241467385651570055e-02
5.122724069286550830e-02
4.809109153913156132e-02
5.144683906265099665e-02
5.138529471267043458e-02
5.068630450395717607e-02
5.111905218132566098e-02
5.104968768184323102e-02
5.134412095051979485e-02
5.264567430348823796e-02
5.461606478343709881e-02
4.888042141580362793e-02
5.310468808544482888e-02
5.132120139429143663e-02
4.984031326289773550e-02
4.995191583460181772e-02
5.198548303314837193e-02
5.243682026173753646e-02
5.484923758533286064e-02
5.165016501912231273e-02
5.249302885553477904e-02
5.300952238668520805e-02
5.352345710749453755e-02
5.573161468376106042e-02
5.181057931928086113e-02
5.300237254444964408e-02
5.281212804756803270e-02
5.260294717479857551e-02
5.238493988415979241e-02
5.247315140758003482e-02
5.431622693168383642e-02
5.118029609371312766e-02
5.319034962827041968e-02
5.248344505779480723e-02
5.161777960295609730e-02
5.008110157980405486e-02
5.006325965497803593e-02
5.233475910333654224e-02
5.289804185669845504e-02
5.028838710252101635e-02
4.990511988442155461e-02
5.153252951924708336e-02
5.068164256386915867e-02
4.987283945342096958e-02
5.110099548399147512e-02
5.340409929334571232e-02
5.195131864001016619e-02
5.329340920642099827e-02
5.341251943874693320e-02
5.228561737492934403e-02
5.089042264978682617e-02
5.309362368244951308e-02
5.176932008659470424e-02
4.809366049809935678e-02
4.861469887550626950e-02
5.190583143741107908e-02
5.425351969584068373e-02
5.004080410451403060e-02
4.964149494223378534e-02
4.801533665849755383e-02
5.331436430103485974e-02
5.315707548315988518e-02
5.093791040021838912e-02
5.086050257190417867e-02
5.243697968940556203e-02
4.937977964251142465e-02
5.393332196387377875e-02
5.315324118016869631e-02
5.044423367113248791e-02
5.274571170343268778e-02
5.364346789403152960e-02
5.190372912275324768e-02
5.021231313735851493e-02
5.142548322326172261e-02
5.083085594319783351e-02
5.047782828335983796e-02
5.248357851182000600e-02
5.341571749470570840e-02
5.367424062209968927e-02
4.978096701441761529e-02
5.415545914225763230e-02
5.314268545250304399e-02
