6.540099632296533239e-01
6.609418307566981010e-01
6.613820154562288778e-01
6.643873440364400640e-01
6.614133838744935545e-01
6.616358866076836875e-01
6.621062599832475692e-01
6.637378369274075096e-01
6.609148039410502884e-01
6.607176387152180475e-01
6.605004497885311743e-01
6.606765715481844881e-01
6.590836668137661780e-01
6.582632851793506212e-01
6.572985192341191940e-01
6.589475268871012315e-01
6.590784937420608447e-01
6.581753527784526270e-01
6.563740477688969621e-01
6.584261239960627066e-01
6.596411797953547484e-01
6.615655038855334791e-01
6.603731451322849555e-01
6.599770828182771609e-01
6.584249305568954380e-01
6.607867938051394940e-01
6.593763894296065242e-01
6.609145759570818068e-01
6.609519367802287881e-01
6.624080684763485882e-01
6.594551802512507166e-01
6.601138279537095421e-01
6.620124905664476200e-01
6.609607167673029471e-01
6.605441340057701671e-01
6.573516307779109225e-01
6.606302773491600222e-01
6.589533174896384793e-01
6.594054308987498114e-01
6.600861572288269086e-01
6.608514690194098318e-01
6.600307183760323326e-01
6.603498311606880167e-01
6.618085165435395600e-01
6.581073707511971849e-01
6.610730945988536611e-01
6.563651191712971400e-01
6.577893000297856396e-01
6.607680031672036325e-01
6.598767370627878215e-01
6.567977339845434415e-01
6.601499590669825945e-01
6.573516384023246895e-01
6.594798688241590989e-01
6.597105484265508579e-01
6.581448715331914556e-01
6.601610106969083569e-01
6.598763313207940406e-01
6.616665229845092311e-01
6.576321328508413222e-01
6.606564106773041845e-01
6.609671328711093086e-01
6.591837695310054368e-01
6.623507674588011707e-01
6.630893110443516481e-01
6.597518470038721272e-01
6.624138301617487068e-01
6.594100002940898042e-01
6.599359456247301248e-01
6.570593718664626826e-01
6.576135066695145692e-01
6.622155613442333166e-01
6.594117635222191964e-01
6.583972417344081673e-01
6.624072944162967547e-01
6.607969969103097974e-01
6.628196574166298483e-01
6.623618058259141961e-01
6.580289935247900512e-01
6.571926585762446482e-01
6.580401738779135812e-01
6.603634366172768111e-01
6.579507311527055258e-01
6.574719919166793769e-01
6.587256781556105611e-01
6.584695756596384841e-01
6.540932010278192044e-01
6.572185127370897550e-01
6.603766285955585680e-01
6.594770712272450819e-01
6.560976019619664257e-01
6.562616966914056604e-01
6.604531106549857977e-01
6.578210422868591145e-01
6.568504964896987319e-01
6.570839600056970209e-01
6.577604330453961090e-01
6.591725009857459794e-01
6.613342684940518579e-01
6.588192039830351732e-01
