7.992801121531226127e-02
8.539571476585725018e-02
8.800530176154623685e-02
8.814789963596747491e-02
8.668970997414687796e-02
8.673756907135207750e-02
8.659358995173190021e-02
8.592551341675240539e-02
8.727675647497287748e-02
8.660269783499303931e-02
8.539401004374255755e-02
9.062814157652694658e-02
8.697912984181407903e-02
8.809483330579735705e-02
8.652372326387411383e-02
8.470083201366418457e-02
8.231747364343040829e-02
8.738987527633090835e-02
8.822895691846667499e-02
8.594414192442415001e-02
8.741441690184387214e-02
8.400468009900230459e-02
8.438740263566774091e-02
8.569732116856235149e-02
8.704094570044121348e-02
8.472004310872702226e-02
8.717490808939637459e-02
8.656194735161010234e-02
8.851557259842057768e-02
8.700999832068916084e-02
8.432765965947880415e-02
8.633789302176364533e-02
8.889997276334792031e-02
8.589359576716798506e-02
8.600973077047463500e-02
8.618110554142750790e-02
8.774689758332668288e-02
8.800464555515620513e-02
8.683773220819834826e-02
8.349403339303382299e-02
8.648094907515656293e-02
8.559584485467973403e-02
8.722929668994808261e-02
8.664972097715271937e-02
8.651170127291607503e-02
8.894781968209136691e-02
8.516656318594514885e-02
8.571597806063893654e-02
8.662703646840001770e-02
8.551138150561080065e-02
8.563724714149228978e-02
8.293408895650647428e-02
8.581507930396194139e-02
8.821982490608933081e-02
8.821920091312505929e-02
8.659623351974818362e-02
8.135775331349619222e-02
8.271498895959172870e-02
8.346230238857477168e-02
8.879229862175586074e-02
8.497465255018309127e-02
8.603136547031174641e-02
8.667400678236361622e-02
8.595432281976340960e-02
8.609676856250897403e-02
8.366499965188586851e-02
8.602939187636773899e-02
8.616863575492915428e-02
8.797355263442083184e-02
8.559194338178370554e-02
8.992484446338398774e-02
8.557285508215869974e-02
8.192963014014986722e-02
9.181141323234053020e-02
8.628696754410392078e-02
8.668519873898336559e-02
8.839217901561399748e-02
8.816800207510404330e-02
8.513290286119512551e-02
8.378407304611762418e-02
8.499939388920188521e-02
8.741957989796493578e-02
8.817378006167783666e-02
8.827926593178328507e-02
8.706631391053902547e-02
8.924680055759602604e-02
8.966531557534301866e-02
8.411894907418920875e-02
8.823047096001176981e-02
8.782973945850555686e-02
8.722662787950948016e-02
8.658733107448382538e-02
8.784322573649380739e-02
8.673964504407855047e-02
8.733832711425157380e-02
8.463613110810927487e-02
8.169999648021210314e-02
8.309730866172387875e-02
8.557653077746257830e-02
8.130337508962007242e-02
