8.796264785428306587e-02
9.824836778835163709e-02
9.920156760342543900e-02
9.737403505939797033e-02
1.006061051668721285e-01
9.894495395391736392e-02
9.763211619366489458e-02
9.980981570761085497e-02
1.014168444289706705e-01
9.523267623381483082e-02
1.002070164077052405e-01
9.814250251118533663e-02
9.960278951693635197e-02
9.676326431203478851e-02
9.504574343867439046e-02
9.974795857446949743e-02
1.015450269022967894e-01
9.961756573300141471e-02
9.896924581452057335e-02
9.950944758013149927e-02
1.008435191345849191e-01
9.975603165695118291e-02
9.218697708812270686e-02
1.023677279964153447e-01
9.813270424134953873e-02
9.718481369685272320e-02
9.570609495203938333e-02
9.626952516864924203e-02
9.963008540666545843e-02
9.901505058209167376e-02
1.004572941788955953e-01
9.714836981908470115e-02
9.548064660287586269e-02
9.545498085764830831e-02
1.032857226869399042e-01
9.828264939835054670e-02
9.868064152007252621e-02
1.013225141584361555e-01
1.002727879209942413e-01
1.012667756640195094e-01
1.011785300347870925e-01
9.694549660122139811e-02
9.475760427396448526e-02
9.946683812122392165e-02
9.820921613246999526e-02
9.917537905220413785e-02
9.853723598384719895e-02
9.476682261752225611e-02
1.026849740192057464e-01
1.002423239687200429e-01
1.003459888938145472e-01
9.985610935034112956e-02
9.851853092204612694e-02
9.994408540273613806e-02
9.610489015756451536e-02
9.641094202405584013e-02
9.861892806216190910e-02
1.026956058383176051e-01
9.893167311249087548e-02
9.586212220671623541e-02
9.984833452637253970e-02
9.661255610122371218e-02
9.687013473622507753e-02
9.936921339745481696e-02
9.874651775488733907e-02
9.995179491750390277e-02
9.955380733615967759e-02
9.588490634770802101e-02
9.464400229325402314e-02
9.957957076115797612e-02
9.748171120911028331e-02
9.851529855564289395e-02
1.008813443731970544e-01
9.991287876560500658e-02
9.769803845507839257e-02
9.806406550825318147e-02
9.975127944739031749e-02
9.721636415677736842e-02
1.005611672617772456e-01
9.825297420245265867e-02
9.765897398412903829e-02
9.741716462616092920e-02
9.859433668534070550e-02
1.033014268682226483e-01
9.857107156591080055e-02
9.531637340940063430e-02
9.931834100631448115e-02
9.835808302901669076e-02
1.002329262614317512e-01
9.827393574692074030e-02
1.006851722045252889e-01
9.777486177145983115e-02
9.990521397825763428e-02
9.544291837856569427e-02
1.008502847771294841e-01
9.606191987521943421e-02
9.925377873542169660e-02
9.777181890742772663e-02
9.779222311802912571e-02
9.812870882582745702e-02
