7.855510781509869034e-01
7.943976564286275854e-01
7.896351624781220435e-01
7.897741967823959097e-01
7.912373473213261121e-01
7.937093752636337207e-01
7.904702295546615076e-01
7.898560641087706280e-01
7.903499372103075515e-01
7.903137008757271653e-01
7.913113881250530834e-01
7.912344709104510709e-01
7.909796164972409116e-01
7.940770109381301012e-01
7.894896190416296200e-01
7.897629819827431952e-01
7.898850495249067905e-01
7.935934919068102777e-01
7.938772478548730138e-01
7.900934918563756737e-01
7.897674216337471353e-01
7.930478815064196940e-01
7.908702832418268436e-01
7.906907891975885061e-01
7.925462215398066945e-01
7.918137903807138667e-01
7.923556465433163609e-01
7.908683333680681660e-01
7.928732176813976240e-01
7.899399519682881454e-01
7.879253177789101725e-01
7.895899402067219075e-01
7.921593729469700307e-01
7.888081215303601734e-01
7.901518935751877803e-01
7.927114063551223833e-01
7.873268895187794936e-01
7.913926806656663704e-01
7.893380037730062249e-01
7.930035199157813297e-01
7.883112357285417815e-01
7.915382658743941313e-01
7.925663686370731931e-01
7.891094035987133992e-01
7.875307080368263435e-01
7.914426556921068112e-01
7.897640564349612813e-01
7.925049494115585791e-01
7.955948731948918606e-01
7.894298116942266574e-01
7.931757963251353516e-01
7.924077408139889034e-01
7.920244190423725295e-01
7.945872614100588649e-01
7.910878349897395578e-01
7.936465208113734349e-01
7.924239523623638481e-01
7.917459118803457097e-01
7.905600915454860100e-01
7.901171755166593869e-01
7.911248249057967197e-01
7.940268468404660940e-01
7.921948828191263114e-01
7.918295262178857152e-01
7.928243267023874497e-01
7.925613758683930365e-01
7.936926310126042328e-01
7.938799539262455518e-01
7.913561010359145831e-01
7.915532453218898645e-01
7.899958120329279021e-01
7.902994180079212505e-01
7.934398568267734264e-01
7.933611755918000830e-01
7.924427664107716041e-01
7.912471737108924819e-01
7.931201316866332007e-01
7.921886087637349805e-01
7.919995524672805987e-01
7.915443023675174938e-01
7.900633361235360752e-01
7.922993501957271700e-01
7.933208846986357088e-01
7.940855231149049898e-01
7.926912879810052992e-01
7.937522958362536185e-01
7.918773100461329317e-01
7.923382395261505673e-01
7.910606519941714154e-01
7.900279230529907437e-01
7.914807526459683995e-01
7.915385073677535521e-01
7.905883437718199680e-01
7.931454713334697981e-01
7.902241963928011703e-01
7.912070145381441266e-01
7.933037217874034930e-01
7.945140123538759758e-01
7.916346287063436016e-01
7.924425990852541624e-01
