7.810050398595753673e-01
7.873574991164468129e-01
7.850250526253783612e-01
7.866067614289524723e-01
7.877961005365206049e-01
7.861791294203044345e-01
7.891675595955259803e-01
7.846681489806408560e-01
7.861834790388833039e-01
7.853903274176596838e-01
7.831589871939184100e-01
7.879422909989850510e-01
7.844293117817300320e-01
7.860506998138212520e-01
7.873816271537166234e-01
7.845504227393710339e-01
7.866521781830746463e-01
7.832207926130414499e-01
7.867002502079272208e-01
7.825220475244403229e-01
7.828497331631549816e-01
7.842219485892116815e-01
7.832490464807342345e-01
7.868875453878614312e-01
7.856088796732132451e-01
7.840760634156170861e-01
7.855984255135469718e-01
7.850335684943188230e-01
7.866531365254522123e-01
7.862319721556580987e-01
7.847318778591527710e-01
7.842279679624428734e-01
7.886072582672383202e-01
7.881985884271844878e-01
7.880832243162818607e-01
7.851095805171618425e-01
7.867811683987493421e-01
7.867404744223479574e-01
7.831321656528782427e-01
7.888075723952334695e-01
7.865725323617924758e-01
7.865669985323995306e-01
7.859537024621710000e-01
7.896932556489979493e-01
7.873620317648409861e-01
7.874826429986696574e-01
7.887497143303908720e-01
7.886731092993516379e-01
7.869563012020162063e-01
7.873999823193905678e-01
7.876649626723906117e-01
7.874436012649201899e-01
7.870637845131772670e-01
7.855052005042614249e-01
7.875744425800809134e-01
7.860440039792475631e-01
7.883579343617967972e-01
7.874558532230048202e-01
7.834227725921922847e-01
7.860226959911070788e-01
7.870459357270630507e-01
7.862380396251361647e-01
7.877148872342745189e-01
7.877194470558939177e-01
7.847186787764632854e-01
7.856718418442490970e-01
7.859355067825055663e-01
7.876036582750151060e-01
7.894995172273135964e-01
7.859705220035813067e-01
7.847197431938018886e-01
7.831731664989504127e-01
7.868910096931880371e-01
7.863123661253870189e-01
7.867644637745530023e-01
7.851040163015958750e-01
7.865373350157988108e-01
7.871448575008012094e-01
7.864465471400428065e-01
7.882978118074456253e-01
7.890069663544677647e-01
7.872645561113098545e-01
7.862894952523187264e-01
7.901084874715746942e-01
7.853682712945374567e-01
7.861940183668697513e-01
7.839608595987648254e-01
7.849854007777528064e-01
7.875448581009072413e-01
7.870236497018343602e-01
7.866488272714532437e-01
7.837893827344410980e-01
7.872604176359986328e-01
7.848015595979811465e-01
7.852297019629250752e-01
7.860812726928785299e-01
7.878849000558192373e-01
7.875030408623608924e-01
7.858466995884819672e-01
7.854430503386765627e-01
