5.579766626757347997e-02
6.045793311043366064e-02
6.063958498768627636e-02
6.010559509858671295e-02
6.440470722890317967e-02
6.600736230406856198e-02
6.318396515303334460e-02
6.330561782829241535e-02
6.092092368470054115e-02
6.278113613203645249e-02
6.222009079141987975e-02
6.165504033216862023e-02
6.035107031755367751e-02
6.420357169805868125e-02
6.194322617557020128e-02
6.110692604485072621e-02
6.478041366606182572e-02
6.116490611778115788e-02
6.370211099777992048e-02
6.402017742567767122e-02
6.137363855893811226e-02
6.207212218903924300e-02
5.999354300195135908e-02
6.071440019391385196e-02
6.444041352370925846e-02
6.424118047948657040e-02
6.517910602321674851e-02
6.264381091677373448e-02
6.436629101720910129e-02
6.263795047530475169e-02
6.266183588826809703e-02
6.375990654567145755e-02
6.044931919897901518e-02
6.218253158267487285e-02
6.331515707242431346e-02
6.366558078672088228e-02
6.573237118410614477e-02
6.052574864346142725e-02
6.314728845144390590e-02
6.432779055542223179e-02
6.038089171299480806e-02
6.411984593246186637e-02
6.194665048458091600e-02
6.285390013433844736e-02
6.198606301285503745e-02
6.269026730069029996e-02
6.110661845994324465e-02
6.308681442090881275e-02
6.196930963226152111e-02
6.366953367939742758e-02
6.287995142949007188e-02
6.333866909137776668e-02
6.384665902168468188e-02
6.346129673824926765e-02
6.356682556142470575e-02
6.186715811267119031e-02
6.568167062121380018e-02
6.315788937510742607e-02
6.075490456557777058e-02
6.325638484621042001e-02
6.562191862880677184e-02
6.452564926772730303e-02
5.976659191049858016e-02
6.134078643187223373e-02
6.346842209689182446e-02
6.267150549632016787e-02
6.463887642667336120e-02
6.276162089105298547e-02
6.518413069537049020e-02
6.318581760211099130e-02
6.723976949623881871e-02
6.411349198984730990e-02
6.052531105211330503e-02
6.304720590334830788e-02
6.483349341375234387e-02
6.260893901079878088e-02
6.274635460899283257e-02
6.211254521083473673e-02
6.252166351883589601e-02
6.432139392018820789e-02
6.238786838748874158e-02
6.120529938880406307e-02
6.563144201844411940e-02
6.227643273623181819e-02
6.184436599803716517e-02
6.303891752640995716e-02
6.443485528696599185e-02
6.389455661258004737e-02
6.235758886719945659e-02
6.529602751306720632e-02
6.437421123675300672e-02
6.419826771074874094e-02
6.405446511371849783e-02
6.044460621973990477e-02
6.144750853674971203e-02
6.103891142799025560e-02
6.378098589353592418e-02
6.055832845849739438e-02
6.136040520495807116e-02
6.012419610020509203e-02
