6.375000270645851952e-01
6.415559067409599692e-01
6.391667950750233862e-01
6.388207839269033350e-01
6.420881537466971434e-01
6.403908660158901256e-01
6.424183884361033270e-01
6.415606369262708553e-01
6.391224919900744261e-01
6.418732277980410128e-01
6.430432324842852987e-01
6.415772382960236442e-01
6.374259011481494541e-01
6.404640566234990340e-01
6.382592803207930432e-01
6.390458800684476470e-01
6.392858310810283218e-01
6.383567133775850388e-01
6.401958212879030885e-01
6.423843718561845773e-01
6.398651518547531225e-01
6.424561948797555821e-01
6.391657102932997159e-01
6.402589040519978125e-01
6.414805859608235794e-01
6.419801808775214003e-01
6.400256148838688874e-01
6.418784354080966370e-01
6.400758468643932275e-01
6.411045968243737070e-01
6.421628957251249714e-01
6.432717634783942096e-01
6.439229624797523366e-01
6.406435628934415982e-01
6.426797628416275332e-01
6.429122487619423065e-01
6.398418122682653086e-01
6.396960862541050119e-01
6.413876107880469579e-01
6.397606458754070413e-01
6.406264589037168333e-01
6.424961982463386345e-01
6.413159583388233775e-01
6.414505079287535771e-01
6.395969960663412390e-01
6.439881535716800443e-01
6.423414163500731355e-01
6.400272515447994470e-01
6.411408378254566109e-01
6.427679087417565995e-01
6.409315120616667638e-01
6.400716878858681014e-01
6.436669745735275061e-01
6.410600216530950579e-01
6.425913680468507971e-01
6.408937033237749326e-01
6.417187394651706622e-01
6.415124659088002890e-01
6.403029822250556613e-01
6.428892604374714104e-01
6.412719481081476935e-01
6.384031887430836605e-01
6.421887641134640390e-01
6.428667966875205586e-01
6.406097205020808705e-01
6.421210760598949907e-01
6.411814849077670520e-01
6.406288795895767052e-01
6.419816996669316378e-01
6.401734431143601967e-01
6.428048227075289223e-01
6.419070792764874911e-01
6.435176261796200503e-01
6.408002979711573399e-01
6.405577780778606289e-01
6.406960177332725603e-01
6.412047174067128097e-01
6.423590510822313471e-01
6.418161173563224908e-01
6.440345186286091650e-01
6.399302254561525238e-01
6.405489467527331060e-01
6.421031794598303089e-01
6.399165656839592708e-01
6.412912424806613831e-01
6.404339107783890706e-01
6.426605224288435281e-01
6.434654577310319201e-01
6.411766479223987014e-01
6.429861101078343522e-01
6.427785276788581248e-01
6.429069430316071143e-01
6.403905605887315611e-01
6.415442349979321168e-01
6.413708631112715608e-01
6.414352657650677081e-01
6.446398250195120028e-01
6.397708978131504409e-01
6.413644782480145690e-01
6.397869517279617391e-01
