6.514911275506010124e-01
6.542634303992151956e-01
6.588917835099868947e-01
6.512994443824267066e-01
6.566432822586510953e-01
6.531043285447217794e-01
6.563178630237916922e-01
6.551588064054276739e-01
6.606757471791123715e-01
6.597280708435593333e-01
6.592092325237953743e-01
6.567195003443422330e-01
6.563120824381262208e-01
6.600102443679486397e-01
6.628561018351114553e-01
6.639666691447018154e-01
6.665519885553355950e-01
6.648162986607268898e-01
6.675298274804621901e-01
6.639184457056996891e-01
6.678868124121373206e-01
6.660355139088663945e-01
6.642941829819186683e-01
6.654761832142915834e-01
6.664545753631607727e-01
6.671066872839187534e-01
6.652435082457298643e-01
6.617522883722650739e-01
6.611216139188100804e-01
6.618549727910723046e-01
6.622211617961512031e-01
6.640060983673596873e-01
6.605723616583497604e-01
6.599065731083866293e-01
6.642937257162560005e-01
6.665204882525416208e-01
6.693340345202083430e-01
6.685912271109023530e-01
6.690915331294766677e-01
6.687965051700052177e-01
6.718876630721816179e-01
6.684780764264992570e-01
6.685592982460882849e-01
6.705730591978508182e-01
6.654017640905813824e-01
6.675663539334847352e-01
6.680288809342869172e-01
6.672871563546241003e-01
6.636167312752206948e-01
6.578615535594287689e-01
6.652564189523608729e-01
6.634057908122141800e-01
6.582344608083597892e-01
6.594181654899826661e-01
6.631093920520865215e-01
6.630964385548568929e-01
6.616267492680337758e-01
6.582699246530994142e-01
6.657701001457865253e-01
6.646724129156323935e-01
6.589968407087105629e-01
6.626113376576121539e-01
6.657937798429165444e-01
6.603256743657754946e-01
6.594100251033759852e-01
6.647503454876995121e-01
6.637629443140311558e-01
6.662636267531241163e-01
6.648542473190621749e-01
6.642777532952474084e-01
6.633225538871538873e-01
6.626416032774695708e-01
6.610588104437823409e-01
6.629793014843951005e-01
6.609034650802910749e-01
6.618965041946589523e-01
6.615098999619988263e-01
6.628278180211735204e-01
6.622809768184103607e-01
6.658321403705020902e-01
6.643632573392750373e-01
6.611263153913198298e-01
6.647355747546869198e-01
6.636053611691267173e-01
6.627260646426690327e-01
6.648244484066476723e-01
6.642013095647427701e-01
6.627498465107002357e-01
6.652539124503658030e-01
6.646975162772912338e-01
6.638227836454810848e-01
6.668063741913043962e-01
6.653676668462846777e-01
6.672370598895727145e-01
6.613790604592580946e-01
6.629872759217982914e-01
6.645126649591096557e-01
6.644022945020912063e-01
6.625270850449187510e-01
6.619470712429822434e-01
