5.676387602918780972e-01
5.815186429198567764e-01
5.852433979570041966e-01
5.759292945367877614e-01
5.761476371563833965e-01
5.786827339942286486e-01
5.869817596237574264e-01
5.805167756769014087e-01
5.748951823199394129e-01
5.762110233970904050e-01
5.786907664122691308e-01
5.816059519805389932e-01
5.794142462619984446e-01
5.774837703732387251e-01
5.736838747126595806e-01
5.689739313968404932e-01
5.687707825321131061e-01
5.713509522610085156e-01
5.755725072963413513e-01
5.787669717866187336e-01
5.855502082796935071e-01
5.852996419572389364e-01
5.939789990648791651e-01
5.995452070453279880e-01
5.959321703277433713e-01
5.937405856617883337e-01
5.998948198863794934e-01
6.052365290887912197e-01
6.012453312035195285e-01
6.066339474495271444e-01
6.073386163325333875e-01
5.976588049316970963e-01
5.973953382069610019e-01
5.995958038870909945e-01
6.035643841527555953e-01
6.115258952963724681e-01
6.187347473374791296e-01
6.219486669594835870e-01
6.147093992423584563e-01
6.108353620395661210e-01
6.185342317625190933e-01
6.205219200627123399e-01
6.204944149842401835e-01
6.224615896565730555e-01
6.217574396247806945e-01
6.261545776857884160e-01
6.207754242889060858e-01
6.262332098690834847e-01
6.322849107809971336e-01
6.397449037180634734e-01
6.334205490545148365e-01
6.256801432309599953e-01
6.304802091088836935e-01
6.208117266091980335e-01
6.268103150979602578e-01
6.264567372412337409e-01
6.363108791345803983e-01
6.348595083813686202e-01
6.390681258630162009e-01
6.436347471408117027e-01
6.371542418390090390e-01
6.381011555155728932e-01
6.398820617779439335e-01
6.416254931499267844e-01
6.466986562600249844e-01
6.396113382647734547e-01
6.361677766664722844e-01
6.391027263691000382e-01
6.457492779075894029e-01
6.388173503939668096e-01
6.400027796119612811e-01
6.412465969943532684e-01
6.438881195005410341e-01
6.420360017820256893e-01
6.441662228666370504e-01
6.431075987941455852e-01
6.586677870560071479e-01
6.607509092998031797e-01
6.595476192468361365e-01
6.565230489890230281e-01
6.504818222911883385e-01
6.537329568621558229e-01
6.583869960760930784e-01
6.583353091004453539e-01
6.612014979467673026e-01
6.613967414322363680e-01
6.508031839858411383e-01
6.516160210347030635e-01
6.450911515608197533e-01
6.325985488926524347e-01
6.310754109673546441e-01
6.318351614738265676e-01
6.223168606664220004e-01
6.268498914629192509e-01
6.276255601684490593e-01
6.210804378569531048e-01
6.300437464864947490e-01
6.287487849339592483e-01
6.324076646024845427e-01
6.408005307163453512e-01
