6.971794561977590066e-01
7.121698365407586051e-01
7.110259308354316410e-01
7.128953677880980333e-01
7.093163664813701974e-01
7.071821169773438998e-01
7.111063990195520823e-01
7.120610471000460295e-01
7.133261134228491285e-01
7.104201728195362886e-01
7.117336028030987194e-01
7.081387440084729867e-01
7.074248709555996939e-01
7.098607703860354556e-01
7.124233330944835796e-01
7.134012219652681175e-01
7.106217023502059416e-01
7.192561204278193898e-01
7.264047758580116643e-01
7.213587488349324506e-01
7.123977786079325192e-01
7.147824946088461306e-01
7.170502314779634290e-01
7.164572380225640025e-01
7.278380264342645400e-01
7.240794493689093336e-01
7.264313180065660180e-01
7.296810673375607736e-01
7.366719921559681250e-01
7.269191699907781024e-01
7.288609575478042224e-01
7.236343950892271115e-01
7.233751467561362336e-01
7.266759310586931031e-01
7.278924632184606835e-01
7.174166439661997519e-01
7.288067175055621405e-01
7.265665980169793148e-01
7.240262044972418654e-01
7.336711341542317966e-01
7.320571538178802795e-01
7.362712482702928884e-01
7.310049333174241104e-01
7.307843587271662944e-01
7.316765155316982128e-01
7.377042951622638789e-01
7.384633783011163022e-01
7.343390816544899113e-01
7.304001156060719868e-01
7.327970340508785929e-01
7.301540508895101311e-01
7.374051574632563000e-01
7.401685943112578103e-01
7.388969258890510927e-01
7.405051971046479053e-01
7.385461237806394408e-01
7.439326409898903147e-01
7.409673235287850268e-01
7.416761736448191922e-01
7.455587902662339506e-01
7.487203821936373460e-01
7.469283607702155159e-01
7.512483696019317536e-01
7.497384171605311343e-01
7.504399522217782836e-01
7.512404397783194465e-01
7.510905391267272968e-01
7.487872388774844401e-01
7.497012242577536512e-01
7.500487305393587212e-01
7.558274433097120770e-01
7.512946772092200520e-01
7.565275816393252084e-01
7.533993858810497102e-01
7.530326367593203063e-01
7.536479583503516988e-01
7.500616879381554192e-01
7.525953331348570474e-01
7.510100478297497828e-01
7.544995247053278842e-01
7.509653777487566018e-01
7.469380150902623638e-01
7.506926734607005658e-01
7.526055649994526364e-01
7.422878749925687636e-01
7.441427253665935382e-01
7.448037604561297265e-01
7.492298413084952369e-01
7.517016887454678331e-01
7.436253513211511512e-01
7.459568104167182412e-01
7.353562805976159300e-01
7.342769658418828449e-01
7.333024671657351057e-01
7.309042342774216827e-01
7.291729119995675745e-01
7.340171885630988324e-01
7.272765600839157241e-01
7.271885560986084407e-01
7.246485330680147996e-01
