4.816548788065240783e-01
4.815701754690416836e-01
4.830838706656269688e-01
4.821496036099782723e-01
4.823387711144243584e-01
4.834818296366630852e-01
4.822365597127495906e-01
4.827951638579398574e-01
4.832154244822989275e-01
4.831800026367186751e-01
4.821165850013197640e-01
4.829286853726494355e-01
4.822760624645722194e-01
4.833938430642038542e-01
4.822058321656056412e-01
4.822466176440314278e-01
4.825995498304738729e-01
4.815094638369435409e-01
4.820056524760426564e-01
4.824368742497940898e-01
4.821150518475632030e-01
4.824376244954414750e-01
4.823490702973489141e-01
4.834993072308336193e-01
4.828989926720658188e-01
4.826252460612636686e-01
4.821762746781773634e-01
4.838523428163473694e-01
4.825673089273361249e-01
4.821661424219294001e-01
4.826290771874007235e-01
4.822996522579933720e-01
4.829079815409735854e-01
4.819640869675564376e-01
4.831924356781337471e-01
4.821141607327635858e-01
4.822756656117186402e-01
4.825803496124824732e-01
4.816348446193889354e-01
4.828641471458787748e-01
4.831404639791873068e-01
4.825773507649688265e-01
4.830288272813708650e-01
4.824411011613183864e-01
4.822454395810050753e-01
4.817688626295714149e-01
4.821336373575667578e-01
4.825063151289746832e-01
4.830433233748041566e-01
4.824796888330590283e-01
4.812398581426175492e-01
4.821602980352974743e-01
4.826607015123848821e-01
4.820460819981970957e-01
4.831484117224902342e-01
4.829434185554645209e-01
4.835746243029375169e-01
4.820971982538793110e-01
4.821105431138783537e-01
4.828646773366922496e-01
4.822331235870698229e-01
4.820817859977279407e-01
4.824420930207128366e-01
4.822499969329863134e-01
4.823435456546643629e-01
4.815089726878623022e-01
4.821953616039201806e-01
4.818212866216220469e-01
4.829592872967251593e-01
4.833830036701921573e-01
4.828926336412867615e-01
4.831562157144000946e-01
4.829868162454250546e-01
4.826452939911546336e-01
4.813028673829535253e-01
4.814628311796754767e-01
4.816609880952382738e-01
4.814838975663187082e-01
4.819463279492535168e-01
4.827982645506997406e-01
4.840426341013958633e-01
4.833304938152067631e-01
4.818465379421061900e-01
4.829854735085842843e-01
4.824292262193391467e-01
4.821749341151043144e-01
4.826108411102174034e-01
4.821622184286659119e-01
4.815607288701918565e-01
4.811633020433725427e-01
4.833365270555741722e-01
4.826270027627325154e-01
4.835052680246257339e-01
4.833891824906418888e-01
4.821692208851912076e-01
4.832462942013244778e-01
4.825235142950303202e-01
4.818339766100081523e-01
4.830185068539987192e-01
4.826339201186911065e-01
