9.811326459522846655e-01
9.822413157052345412e-01
9.824364920641008858e-01
9.813224403757974112e-01
9.811432178405428139e-01
9.820653307674189758e-01
9.836829159579376647e-01
9.818052863334726377e-01
9.822727475855790313e-01
9.823618823141567757e-01
9.818671265978053952e-01
9.820148464866436111e-01
9.832279320549409674e-01
9.819017808955503579e-01
9.829214413985192245e-01
9.828377049707137658e-01
9.824484431355504643e-01
9.819359872080013485e-01
9.813832271771538718e-01
9.816158329925741555e-01
9.818198073105511847e-01
9.817413450066900804e-01
9.814096650543751021e-01
9.816916749366184636e-01
9.822561160006397785e-01
9.821494566886960209e-01
9.824040673444298655e-01
9.810124282524903538e-01
9.824612614743596373e-01
9.828533458287840308e-01
9.818733775687618071e-01
9.814028691127150150e-01
9.816689426251745676e-01
9.815890654952474925e-01
9.821125879699323935e-01
9.814498899172499069e-01
9.811276343424213398e-01
9.812519609320862202e-01
9.828123015443197552e-01
9.824258576390874076e-01
9.828984820794539612e-01
9.828825708506643277e-01
9.816345077615650228e-01
9.821673811783695474e-01
9.812541324595663861e-01
9.822919607496234384e-01
9.818785301748741423e-01
9.819767726596717594e-01
9.823603625055569166e-01
9.825809190551719752e-01
9.815032906844359806e-01
9.816341592484685297e-01
9.807162194733189953e-01
9.826469397789057147e-01
9.819950451885959275e-01
9.820679378766014045e-01
9.830456112308469940e-01
9.818139655764276386e-01
9.813686704778654679e-01
9.816437982949868246e-01
9.821932554827208506e-01
9.823358334132248348e-01
9.817376931007526508e-01
9.809319082938146028e-01
9.820963649866303324e-01
9.811377263907906654e-01
9.809231168000376311e-01
9.811854908861287194e-01
9.817248383877785756e-01
9.818182506631701889e-01
9.822058636964030587e-01
9.826132057212405568e-01
9.815215259186749197e-01
9.815431532824769878e-01
9.824861338485427753e-01
9.822491341954706634e-01
9.821149133923386954e-01
9.816908535016357629e-01
9.817544917869578391e-01
9.815570188367943594e-01
9.811932790958496353e-01
9.821136388810910445e-01
9.822907170446824043e-01
9.813180515185305763e-01
9.817391554641083928e-01
9.830209817363275704e-01
9.827934405749165769e-01
9.819057174360055207e-01
9.820756348812227365e-01
9.811950828096746013e-01
9.815302334867200829e-01
9.817905583934642966e-01
9.819525722553679170e-01
9.823952560643560705e-01
9.825400138689053264e-01
9.823410944491330898e-01
9.822813010013869972e-01
9.824682668003916763e-01
9.821719800103028142e-01
9.814147676721262092e-01
