2.148713823593106365e-01
2.154241377148657932e-01
2.153116266390513456e-01
2.169930277369190308e-01
2.178501172740401060e-01
2.173279828757486432e-01
2.164833653063094610e-01
2.165912826082229681e-01
2.153367951307378625e-01
2.171910214951173757e-01
2.160647624315175930e-01
2.148735164874638337e-01
2.160979587304811544e-01
2.166131822760982428e-01
2.158042919418683980e-01
2.157643360501250995e-01
2.174703663775055529e-01
2.166332979025260008e-01
2.164131829111940464e-01
2.165783793714338712e-01
2.163884582518291744e-01
2.173132045169421378e-01
2.166339834964003397e-01
2.162200446314863911e-01
2.161426665740143194e-01
2.156870462936105737e-01
2.161033593238201600e-01
2.158353329266013421e-01
2.176763969746429161e-01
2.161381543782064374e-01
2.161927545725087774e-01
2.163634369669803492e-01
2.162454599046431947e-01
2.155650419410023444e-01
2.153628779575652019e-01
2.159119613494180356e-01
2.168673154987140195e-01
2.156961534287771542e-01
2.164780984766554450e-01
2.152059799265516604e-01
2.163392421532497611e-01
2.150404521256548684e-01
2.171560068036405000e-01
2.166523807060157791e-01
2.163692443422779443e-01
2.159725557631531623e-01
2.161821697516769225e-01
2.175926393887943344e-01
2.158819655595369813e-01
2.160828779155145873e-01
2.160048753351104245e-01
2.150034064889010110e-01
2.158913601207508304e-01
2.164104937062100165e-01
2.171754892357645184e-01
2.165876140305166286e-01
2.153917461172917269e-01
2.164684160305884730e-01
2.174191810049084794e-01
2.161781413561032483e-01
2.164640329884834902e-01
2.152748335016917425e-01
2.162664376590887616e-01
2.163766794570309016e-01
2.169672112440195755e-01
2.152219823904898410e-01
2.160231138068768320e-01
2.161550587932120626e-01
2.168174931417975460e-01
2.167239658704413485e-01
2.156569361759959891e-01
2.154566922469762780e-01
2.163153369859637798e-01
2.166996706829031616e-01
2.169883117419252327e-01
2.166020748341384583e-01
2.166423472623196789e-01
2.161639979166316006e-01
2.160935181117550896e-01
2.158323575796268767e-01
2.161498907339945152e-01
2.159951112982052834e-01
2.155030822304348503e-01
2.153265466958294017e-01
2.161922084663087107e-01
2.164679348834296913e-01
2.168590520218060536e-01
2.165529462408662398e-01
2.168960666752518807e-01
2.159876992575467392e-01
2.156427508636519774e-01
2.164212390343402959e-01
2.156982162299620198e-01
2.157631518614310795e-01
2.155285964738273830e-01
2.172023028740660555e-01
2.157708643636668533e-01
2.162488873252411126e-01
2.167257695671387374e-01
2.160657963403095350e-01
