7.000602235631082637e-01
7.004962628142984427e-01
7.003515741333335987e-01
7.004810676532631231e-01
7.014084907501028088e-01
7.004248835345340263e-01
7.007139731110861858e-01
7.012747289101468606e-01
7.009878545122587568e-01
7.009944562168419768e-01
7.001478377066481240e-01
7.006079312520393509e-01
7.008754888927138937e-01
7.000077110320492846e-01
7.002542277372008073e-01
6.998720940971595583e-01
7.009774900835634703e-01
7.001109813275441240e-01
7.002571126699691506e-01
7.009926895318205897e-01
7.006602822004748266e-01
7.013768386993834980e-01
6.995223252982610829e-01
7.005384286476299405e-01
7.001966413263913669e-01
7.001564422094785911e-01
6.999766204154098670e-01
7.010358898772272029e-01
7.007624387621959050e-01
7.007901900462354394e-01
7.010816444922214341e-01
7.016781287648418131e-01
7.016528299380573319e-01
7.003156215099470838e-01
7.007424736084941763e-01
7.007920724986148597e-01
7.001620148939146082e-01
7.011578318483165928e-01
7.000967959638544347e-01
6.998202998498210814e-01
6.997682694077836940e-01
7.010465832783712159e-01
7.005044298573565031e-01
7.006887174097747861e-01
7.013789730727426619e-01
7.007348180737122956e-01
7.009569198412080038e-01
7.008340288628198689e-01
6.993658148665151675e-01
7.008082752597484255e-01
7.012301620939145330e-01
6.998791200872839235e-01
7.003828561879660297e-01
7.008927186981830371e-01
7.004795029543777751e-01
7.012252633240163568e-01
7.008580907968491314e-01
7.001051728432543531e-01
7.001061473289771353e-01
7.010989282795583311e-01
7.013877208764033311e-01
7.002631592570316421e-01
6.998592310490292512e-01
7.001879795774441639e-01
6.996256747979809898e-01
7.001691257902344923e-01
6.995144640566814953e-01
6.993856173865102832e-01
6.996536249890343839e-01
7.012004944131644546e-01
7.005671859501548804e-01
7.008076657311099744e-01
7.013472499895038181e-01
7.010558675095636127e-01
7.011420907370691236e-01
7.005404809390994858e-01
7.003316627382267789e-01
7.002436104826794683e-01
7.002050814848375104e-01
7.007120496750205429e-01
7.011061412978216723e-01
7.007913977171920106e-01
7.004224618828880367e-01
6.991586882957779858e-01
7.014835041636587887e-01
7.011150416328355561e-01
7.014403155380992683e-01
7.015718764238727534e-01
6.993692859704464526e-01
7.001065509307153878e-01
7.008947397186089390e-01
7.006809750730869091e-01
7.006911064836389702e-01
7.002109224706820623e-01
7.004106369072378158e-01
6.995215198383639699e-01
6.993361751133830850e-01
7.009788200371529499e-01
6.998209205482162076e-01
6.996596274984492325e-01
