6.605656838286980692e-01
6.609944258505722203e-01
6.611547336995478030e-01
6.620622739784403077e-01
6.608007016638406395e-01
6.615736427596061731e-01
6.616389432854021813e-01
6.614181023895606693e-01
6.631761508205694655e-01
6.614291208290428159e-01
6.628763251522602484e-01
6.629160930944217878e-01
6.607382020851128024e-01
6.613510749972578706e-01
6.612576816459699858e-01
6.613209453789626879e-01
6.607464707340173771e-01
6.616971570354305276e-01
6.607808241866232057e-01
6.628133421715536322e-01
6.620996751743402076e-01
6.610926083866576208e-01
6.616370443373822408e-01
6.617003924841792228e-01
6.623063048773124573e-01
6.618263885681316960e-01
6.608599714527598756e-01
6.620793412116630083e-01
6.609649830152191097e-01
6.612520957988552439e-01
6.624454884985715442e-01
6.608818609246850384e-01
6.622567258403309065e-01
6.615536071389367390e-01
6.611815393688691422e-01
6.618693339700455480e-01
6.608716659606093113e-01
6.615980450606036012e-01
6.623974722903741563e-01
6.624262824649908010e-01
6.617772509497865663e-01
6.621049273957064774e-01
6.614018271269365146e-01
6.623020261740932835e-01
6.614771976181553770e-01
6.603040195266725032e-01
6.604226317072240393e-01
6.621163970457117909e-01
6.611314930114259303e-01
6.624176351015587105e-01
6.618721449355342568e-01
6.613987920851077673e-01
6.616973739452003400e-01
6.617884484202337658e-01
6.602852240521775995e-01
6.621575874700017517e-01
6.608751222912233603e-01
6.621399954919086062e-01
6.619193963673453140e-01
6.610380779619537961e-01
6.614596886403051323e-01
6.616702452636926690e-01
6.610566303909695129e-01
6.620648634602477323e-01
6.629513137199899431e-01
6.612349191278531491e-01
6.611837643887652494e-01
6.618256979741743429e-01
6.609954542055922477e-01
6.619938048978046830e-01
6.617744558235107988e-01
6.622778781501067469e-01
6.621862494504934249e-01
6.605158541648786796e-01
6.598571353913105231e-01
6.623382881604307215e-01
6.611481129688723257e-01
6.615215719623731561e-01
6.613720797224276193e-01
6.617812977051237278e-01
6.610572230360767243e-01
6.623519122950903837e-01
6.628994068698716990e-01
6.617908407383499281e-01
6.609782440057312414e-01
6.614538082437213529e-01
6.612310757560375674e-01
6.613573162914669901e-01
6.608406843486992477e-01
6.616865991398135360e-01
6.619789702910375828e-01
6.619855398975083016e-01
6.610938721319248312e-01
6.628629206934066875e-01
6.618696481290065048e-01
6.612730633867112129e-01
6.608760836889119306e-01
6.608935716402457583e-01
6.622149831513365337e-01
6.625586217413624857e-01
