8.560000506131233700e-02
8.665383961738100382e-02
8.670544438561195166e-02
8.555532385510651594e-02
8.702430532008886832e-02
8.732520393744028220e-02
8.702172331056098886e-02
8.582833997236621881e-02
8.736776915193478210e-02
8.675624293445136082e-02
8.768115360911601930e-02
8.616903844017530234e-02
8.675245641870649171e-02
8.689706352814126344e-02
8.685340245015640837e-02
8.632879666169712696e-02
8.623413787074130088e-02
8.755430005755290845e-02
8.804100751625815180e-02
8.641236358747685087e-02
8.635295848021320997e-02
8.730969740560654002e-02
8.606276933333978363e-02
8.708651673577236241e-02
8.712380967523097874e-02
8.702651675037829937e-02
8.711150898726807701e-02
8.696973429836196701e-02
8.627752393492772731e-02
8.671489564867751465e-02
8.531699304540628359e-02
8.630754156385647691e-02
8.680499665666967235e-02
8.583003138225908657e-02
8.809936263833217929e-02
8.520379138356198867e-02
8.642310593211545433e-02
8.679204892426775619e-02
8.674154846148815490e-02
8.612246226005015881e-02
8.576005638543801601e-02
8.611746701489939038e-02
8.575114053507143508e-02
8.566617867593653846e-02
8.630717734872339619e-02
8.684780567299785203e-02
8.673279063924302368e-02
8.717472818443652849e-02
8.645103950125959669e-02
8.560500325306678870e-02
8.664485018312489961e-02
8.653910358643837619e-02
8.603705852691222178e-02
8.709905684569932416e-02
8.734850165529464694e-02
8.601869634401192177e-02
8.718185791402677243e-02
8.687056750949773143e-02
8.633498643478357271e-02
8.764307845132338071e-02
8.514996834679615378e-02
8.598991188528662399e-02
8.591809639957731504e-02
8.634981909750967521e-02
8.684869336726779021e-02
8.702530846547701371e-02
8.581974831323280206e-02
8.713431453928024983e-02
8.700004990321708043e-02
8.592879676907162756e-02
8.653245267930623208e-02
8.752135622872012077e-02
8.596682815964931668e-02
8.672802867940354599e-02
8.691092303623321191e-02
8.622270286898958691e-02
8.581009179195123182e-02
8.654392129932914068e-02
8.741921741105791732e-02
8.570248958524280536e-02
8.656757496053710255e-02
8.622457516627084206e-02
8.627700948757009713e-02
8.562554677427935967e-02
8.534580691900885141e-02
8.701086453203821236e-02
8.796036909541865567e-02
8.688581043274375137e-02
8.725588644794432525e-02
8.676565963074073240e-02
8.671467676898755861e-02
8.567454023974860333e-02
8.741989342549574826e-02
8.625606113666851871e-02
8.749411029811729468e-02
8.721175145991252875e-02
8.623869408344628229e-02
8.677027275242576998e-02
8.654905792627826111e-02
8.725108050275268146e-02
