2.607603175399663131e-01
2.624836615266542550e-01
2.615711482909780505e-01
2.619092577030834867e-01
2.614513312807761336e-01
2.627266377346700876e-01
2.625167889851725000e-01
2.618227291730861883e-01
2.614725909282181737e-01
2.613105467517572444e-01
2.624209844155506177e-01
2.619470784555461007e-01
2.626338361110350794e-01
2.634244762425351771e-01
2.631402675055187768e-01
2.617330527351408587e-01
2.624700452952581364e-01
2.618566737054444094e-01
2.611792282699304524e-01
2.625371260382644567e-01
2.620706689362403141e-01
2.631125036267265016e-01
2.631558801473685705e-01
2.625530631437532070e-01
2.624396740135493955e-01
2.624357152692762263e-01
2.620732472052105799e-01
2.634213531407965658e-01
2.604015259809597249e-01
2.631783455878731748e-01
2.621641955257884571e-01
2.627415327091345842e-01
2.628196488074848181e-01
2.610064274140674323e-01
2.620759794346804172e-01
2.629334943076179765e-01
2.618435558624012671e-01
2.619948849391076084e-01
2.621148976333810832e-01
2.620980335273853101e-01
2.629300721727241830e-01
2.628452962087712286e-01
2.620310366244553713e-01
2.624380211147201991e-01
2.620429414340091911e-01
2.622989650709240395e-01
2.605696855608728435e-01
2.610892789107791545e-01
2.621719075823339407e-01
2.621734115878284754e-01
2.617447710975405739e-01
2.628095184449229516e-01
2.619021102349462504e-01
2.620632405631198592e-01
2.616989534449767896e-01
2.609664186110545181e-01
2.620570757214735758e-01
2.626884902579614822e-01
2.617267362948119680e-01
2.617685506213178748e-01
2.616448382013314422e-01
2.618119488620954116e-01
2.624520520884755515e-01
2.610930041533531254e-01
2.622857469869571689e-01
2.621832781657766898e-01
2.616728104530645083e-01
2.627959123149378184e-01
2.626200261317549467e-01
2.617918294566540238e-01
2.621073941276544916e-01
2.616913234451583858e-01
2.620076258518350687e-01
2.622568746972350207e-01
2.623733081021183411e-01
2.626982518987462933e-01
2.610879613200686178e-01
2.621228778927997549e-01
2.632200228031305045e-01
2.627740964494635345e-01
2.621009588100324805e-01
2.618064328021533771e-01
2.625346369731446083e-01
2.627025100662419010e-01
2.617241810136093361e-01
2.619310732655419915e-01
2.623022523859018795e-01
2.625607326448532453e-01
2.622464246047528369e-01
2.626716970811414642e-01
2.617350404303891431e-01
2.626388044327571669e-01
2.625182018142273588e-01
2.621438537064466057e-01
2.622034314886985129e-01
2.625109474870873649e-01
2.629429618950956948e-01
2.625583272625886533e-01
2.621897002935399401e-01
2.623824213873223177e-01
