6.810055924546462580e-02
6.840103231254052174e-02
7.019517597402993858e-02
6.899422603427318723e-02
6.964065237249776608e-02
6.821954584144573897e-02
6.926121714645966376e-02
6.851697395324171658e-02
6.908183670938228271e-02
6.902982469292984202e-02
6.909156688210520147e-02
6.870542148092850798e-02
6.888210078337544950e-02
6.794241305735590486e-02
6.938467290702790558e-02
6.769832067612291393e-02
6.975457596631391699e-02
6.898287934530591969e-02
6.877308293308034837e-02
6.902799663504738392e-02
6.927505617795771953e-02
6.885262224873986425e-02
6.947439966853810600e-02
6.744798450385311450e-02
6.904056934950850155e-02
6.880691803326254019e-02
6.917926116014389004e-02
6.934025644653980802e-02
6.874689172075346133e-02
6.896350058120485904e-02
6.815354774162463158e-02
6.777652149094200162e-02
6.971290451294287482e-02
6.945739028182432162e-02
6.875861086836990155e-02
6.868225568797459157e-02
6.927717878942235563e-02
6.945585542133382584e-02
6.897630636889905131e-02
6.793359370454898905e-02
6.898100101305353060e-02
6.893507107514831866e-02
6.809693984605103001e-02
7.032755026270531840e-02
6.876111315209051944e-02
6.943734187414392356e-02
6.907775088693490773e-02
6.854647286764120606e-02
6.744790085039675809e-02
6.778711643761166361e-02
6.835159352998179672e-02
7.003260993465518225e-02
6.859110715953917192e-02
6.960849460310622461e-02
6.866773847966001210e-02
6.974977399407930601e-02
6.873385789126673640e-02
6.969701525826590971e-02
6.822323351189724105e-02
6.941159129886106949e-02
6.870933539457811656e-02
6.866276539679008750e-02
6.884765282296620437e-02
6.832811572196099970e-02
6.830753645789584827e-02
6.853621682039040541e-02
6.840254358007792634e-02
7.051601604719834326e-02
6.927567018441055380e-02
6.839619808559264935e-02
7.007728634642776400e-02
6.827388541963527735e-02
6.958311288336052614e-02
6.940320677941984318e-02
6.848724329643508801e-02
6.967052936515094608e-02
6.935714745235868617e-02
6.918081867797351570e-02
6.796482818235491385e-02
6.807712406017135676e-02
6.834903632885408475e-02
6.833012625701709308e-02
6.874001836066030713e-02
6.860369861670553848e-02
6.827107512998936700e-02
6.927577490147000805e-02
6.804295819449925065e-02
6.989172843452104433e-02
6.827947088678204546e-02
6.861092046152547641e-02
6.831047142201296385e-02
6.874861401496357161e-02
6.855480620555273741e-02
6.889630817719918920e-02
6.948750834044606361e-02
6.875554705619793538e-02
6.827163628201611545e-02
6.893544969403220257e-02
6.881563787826502909e-02
6.789205357842460764e-02
