2.444818738535130959e-02
2.555259669938482123e-02
2.533075123767793146e-02
2.555379155113063350e-02
2.520010713702462712e-02
2.633995876427506350e-02
2.596819216334032149e-02
2.638026733128743390e-02
2.462427312128470658e-02
2.591139633211447801e-02
2.511526939165254629e-02
2.556860770704781974e-02
2.589186607127801770e-02
2.537843854824537587e-02
2.604220505535786642e-02
2.602221859739053261e-02
2.632739717003100902e-02
2.596126938762756409e-02
2.562618994554874755e-02
2.458276420325272021e-02
2.491515589639139300e-02
2.499462068860268740e-02
2.657245269923940931e-02
2.539711890278342071e-02
2.503941406050152682e-02
2.533271206753705956e-02
2.450579936153094579e-02
2.663550411705558479e-02
2.505312213749784356e-02
2.647232401489681142e-02
2.575675446062691137e-02
2.523424789081126288e-02
2.660596614526678644e-02
2.571031289528990377e-02
2.506327065963165346e-02
2.648957456222795354e-02
2.537205340931031339e-02
2.569295772164921152e-02
2.555082797151120300e-02
2.658861840547355887e-02
2.613342263129863827e-02
2.592665795908703774e-02
2.556444170657601322e-02
2.602937608229130562e-02
2.585517662102880532e-02
2.624370980481634252e-02
2.563821083130202183e-02
2.603748341685770823e-02
2.647232925843155671e-02
2.606392867096565813e-02
2.579487867833985676e-02
2.609757396533738880e-02
2.593737787424226296e-02
2.465695828447198729e-02
2.651257568244484025e-02
2.592658207882863469e-02
2.564316950391703348e-02
2.551551408614427183e-02
2.611436731473552528e-02
2.562076102224429552e-02
2.663709714750579077e-02
2.658082960716731669e-02
2.562921790859476467e-02
2.622007226234072605e-02
2.559666644125465490e-02
2.674668293955055620e-02
2.521693017706730031e-02
2.569267597486002072e-02
2.601552680893525621e-02
2.600578963294665827e-02
2.618801882474193835e-02
2.597112505817164574e-02
2.579364146166144775e-02
2.610368909755221220e-02
2.572658635942328548e-02
2.595538793740859163e-02
2.450380386603952937e-02
2.598730678812952513e-02
2.632796889581288588e-02
2.525737413496025735e-02
2.537832069014069047e-02
2.633517781958962661e-02
2.677348061216411335e-02
2.532099860815501327e-02
2.509701166079901513e-02
2.579265671494450005e-02
2.594736260335062106e-02
2.597312148191911751e-02
2.565138598901718289e-02
2.516227577193837217e-02
2.633846519881791887e-02
2.678708599511069738e-02
2.511821412472453954e-02
2.621409809948997346e-02
2.538532697370345093e-02
2.526131238284853517e-02
2.601289808114646412e-02
2.721908654133868566e-02
2.556857752257685190e-02
2.502939684272673104e-02
