2.363216853758346447e-01
2.366092280300142736e-01
2.369918062848274665e-01
2.361782501702712478e-01
2.365086886671550481e-01
2.366297299005039600e-01
2.363823630213226501e-01
2.379521275293742522e-01
2.369154226825326837e-01
2.371766758764852212e-01
2.374169791315454137e-01
2.349506434297291835e-01
2.367053508059185907e-01
2.372529365652772393e-01
2.363769302044836373e-01
2.389425859898764992e-01
2.371527305367272520e-01
2.375862224866351902e-01
2.376560513311435363e-01
2.371793349999919420e-01
2.383358856908087131e-01
2.370101551488549285e-01
2.368938918087217516e-01
2.372867150289936222e-01
2.378053681958751109e-01
2.386256263231794628e-01
2.363459533229011755e-01
2.370582733655925978e-01
2.380486653926792151e-01
2.379521751100384108e-01
2.376490561189861239e-01
2.368267667372079832e-01
2.388260902398807173e-01
2.367432870958729729e-01
2.366921836495876619e-01
2.372031644167602038e-01
2.378475266709307312e-01
2.367986426460935989e-01
2.365391050757309210e-01
2.361700470305639898e-01
2.368001914718046164e-01
2.365489741454679384e-01
2.380545040413934443e-01
2.368538027165631998e-01
2.369412041108059364e-01
2.370826043944315176e-01
2.378356626852191624e-01
2.367552585662737741e-01
2.365387988312442347e-01
2.375107474435014798e-01
2.369317266307948422e-01
2.364866822930037360e-01
2.366887476226984532e-01
2.367166412809027232e-01
2.370155972291104196e-01
2.363610285163470492e-01
2.374813510341771683e-01
2.370649009346015301e-01
2.380129107286339529e-01
2.365996689250643437e-01
2.372943131931684047e-01
2.376194194821092398e-01
2.373053600038044220e-01
2.374693461822333096e-01
2.374123705188675992e-01
2.373643994577185334e-01
2.367858881185915254e-01
2.366655972858307533e-01
2.371747440763020964e-01
2.370928047550665274e-01
2.368668897210755298e-01
2.367438628426923874e-01
2.360426955597434984e-01
2.368047479047992177e-01
2.372855460550665208e-01
2.372302577129516699e-01
2.373402918127939243e-01
2.375153591892429916e-01
2.369106374324105313e-01
2.375512104404156055e-01
2.376443126209787926e-01
2.369108870798768418e-01
2.382560149984639941e-01
2.377605708052444033e-01
2.357892873527522859e-01
2.381757046995690574e-01
2.373119215107851454e-01
2.371011809605879650e-01
2.370522658451939824e-01
2.375436912307060111e-01
2.376254139670209986e-01
2.360576435242563720e-01
2.375868716439342165e-01
2.367749147533983189e-01
2.373939450423021569e-01
2.365342452285972008e-01
2.372251816587782058e-01
2.360253514358469640e-01
2.375566937264218803e-01
2.365632979189488672e-01
