4.490208175872337781e-01
4.513079917449857037e-01
4.497713401672515099e-01
4.495528019256418428e-01
4.510429037852703438e-01
4.499181946533358234e-01
4.505055593638033207e-01
4.500705518360117452e-01
4.511101797247267786e-01
4.510550575631874226e-01
4.500192769117887237e-01
4.494072109261774139e-01
4.503551096541562049e-01
4.506280800035759038e-01
4.494711358243647092e-01
4.497906474570834146e-01
4.502756129391723983e-01
4.501800646268083739e-01
4.505077628590357652e-01
4.505019828024976469e-01
4.503519820550934138e-01
4.501822048813164390e-01
4.510124880695263183e-01
4.502798384920077002e-01
4.508643260972624023e-01
4.505881885442996060e-01
4.511028064161549667e-01
4.504167767239017350e-01
4.502863019903645680e-01
4.500643680966675553e-01
4.505142459327262094e-01
4.515333361590908590e-01
4.499182428812597556e-01
4.506524901116875093e-01
4.513107631526012131e-01
4.509623245350800058e-01
4.485578889795997504e-01
4.505088756413907491e-01
4.499577286378202978e-01
4.502061965978908509e-01
4.502375286247915498e-01
4.496394044669742573e-01
4.504238719596380669e-01
4.507894192718291393e-01
4.516428590350729522e-01
4.506637797790855604e-01
4.497132631530427194e-01
4.507738420688173764e-01
4.502663635147138854e-01
4.514302619872337941e-01
4.499764629918822090e-01
4.499024437026076795e-01
4.505000811034640673e-01
4.510561111372470844e-01
4.505793964272234997e-01
4.505389512795487938e-01
4.509526400136434354e-01
4.510759532069049671e-01
4.507826251644898585e-01
4.495771779789686784e-01
4.510623852928494770e-01
4.497714464845974369e-01
4.509231563788501651e-01
4.506980671582151432e-01
4.510668672552780034e-01
4.507913277541726327e-01
4.499762309262215210e-01
4.517153851355563687e-01
4.508845835850318062e-01
4.503717111458538924e-01
4.506632659492338933e-01
4.506699237521922807e-01
4.503417439381728338e-01
4.489072689902556812e-01
4.504236683798865104e-01
4.497261181844426359e-01
4.516346690232361238e-01
4.502897344999554630e-01
4.496032500033713131e-01
4.502960096566581694e-01
4.505620979580156060e-01
4.509511422038403050e-01
4.500907783337709800e-01
4.502341409158187036e-01
4.528370898685180057e-01
4.500424850194863491e-01
4.505134534190360363e-01
4.502129312437813669e-01
4.508597721627448651e-01
4.505630204256237947e-01
4.510887962166441056e-01
4.509748651006792453e-01
4.514798941082390771e-01
4.514655839070109700e-01
4.508623473429488882e-01
4.512928308940144517e-01
4.500675624748863290e-01
4.508309616688841448e-01
4.507113744025408875e-01
4.506456831399755503e-01
