1.910377307403003655e-01
1.914349644089901326e-01
1.926168516402604336e-01
1.912948717642601326e-01
1.917344478495709159e-01
1.916569345346224029e-01
1.913284092781681323e-01
1.923957401333641071e-01
1.928395046799853407e-01
1.921110527293741210e-01
1.912500771624094376e-01
1.928420424322002946e-01
1.917640325643951149e-01
1.922782717950912712e-01
1.928531301972495893e-01
1.924395999509402877e-01
1.923557427005165021e-01
1.920268113862752535e-01
1.920851455053192436e-01
1.924591000877668157e-01
1.913776854062572697e-01
1.912423838787911112e-01
1.925577775869509178e-01
1.918655123562353904e-01
1.919746632461813429e-01
1.926990832167418399e-01
1.909641567395504169e-01
1.920142990690076323e-01
1.917853186038835922e-01
1.909354109884376094e-01
1.916925336114406742e-01
1.925487398333926015e-01
1.921614868602756210e-01
1.915618584226000398e-01
1.906837737272987499e-01
1.915881330885925715e-01
1.929986903069256243e-01
1.916710896855914059e-01
1.919060643866385141e-01
1.920712101888369661e-01
1.914080117685250104e-01
1.919866168697199615e-01
1.922523066178306594e-01
1.909348969158288223e-01
1.913735478000818946e-01
1.924221718742171183e-01
1.902700913671334371e-01
1.923128801922806552e-01
1.919038512578952194e-01
1.908215667488840084e-01
1.917006787232306553e-01
1.924571506687852152e-01
1.921038449410203686e-01
1.922050954858936511e-01
1.921962364857588423e-01
1.928690071479396140e-01
1.930285506895199898e-01
1.926846199374856461e-01
1.923610585389575189e-01
1.917292250303914147e-01
1.924627644181557407e-01
1.932577319694540885e-01
1.921219168512937614e-01
1.918074310323563125e-01
1.908808287352732336e-01
1.917865355131103122e-01
1.915014624588139147e-01
1.915298246833060936e-01
1.926332221115840126e-01
1.929419328381368204e-01
1.912668345422798011e-01
1.922303695472329654e-01
1.922974771330499266e-01
1.917753646684345059e-01
1.927220971858714105e-01
1.916100261992282061e-01
1.925050318084784995e-01
1.923045023519825425e-01
1.916755709366451677e-01
1.914304850302946392e-01
1.915970950018787700e-01
1.918026084873395709e-01
1.918127800767762681e-01
1.925970306432308599e-01
1.915339053485858589e-01
1.928056144590347132e-01
1.924880271404650622e-01
1.926955544005351517e-01
1.916290608947475993e-01
1.912498605265905982e-01
1.917775288109097587e-01
1.925368353431934632e-01
1.924151688909220281e-01
1.915784513990834159e-01
1.918334561241837877e-01
1.924204046079281138e-01
1.923545544832052923e-01
1.913081805344175601e-01
1.914173332604594269e-01
1.920883928476344871e-01
