2.110223197529728645e-01
2.108490015620535507e-01
2.099915229343245204e-01
2.117480692822976129e-01
2.104479925793614481e-01
2.110578625298173416e-01
2.113605131778052149e-01
2.102199633885565300e-01
2.106810190365595026e-01
2.114786951510248536e-01
2.118688338532906390e-01
2.122569002841062924e-01
2.099100716991063043e-01
2.106975544072408335e-01
2.105361924451994438e-01
2.099628963201879694e-01
2.103720621341932384e-01
2.119759990345871647e-01
2.099242509336968487e-01
2.105696375247720353e-01
2.115711816708044091e-01
2.104199157571990941e-01
2.110253391236134868e-01
2.117097862038062606e-01
2.105807067997671478e-01
2.110713888159511109e-01
2.107405364002215564e-01
2.107819609522817161e-01
2.099433656766967471e-01
2.116947260097735983e-01
2.105991947124999375e-01
2.116504783631965037e-01
2.111960326943439492e-01
2.109696674701696806e-01
2.101715727531541511e-01
2.117573307130047877e-01
2.109137939037580844e-01
2.109779431370417124e-01
2.105377525785513404e-01
2.104623653579055786e-01
2.107215245565942641e-01
2.107559556068432371e-01
2.118723917839417381e-01
2.100195824032399239e-01
2.105493878077448477e-01
2.102203597497041554e-01
2.107944293425028370e-01
2.111350242156413426e-01
2.108528859061034599e-01
2.115124333695710956e-01
2.108162521781284660e-01
2.119085884689535793e-01
2.111428451832732256e-01
2.106157037249439812e-01
2.111531544841545593e-01
2.111090571056837562e-01
2.117828300764246219e-01
2.107531554506933136e-01
2.105625997422720386e-01
2.113432721900401212e-01
2.111743427008719032e-01
2.103756257584024902e-01
2.114229200096619798e-01
2.107267847671724370e-01
2.115620710628460244e-01
2.113409147884827144e-01
2.111109099592883842e-01
2.110314678640234920e-01
2.110539764496077442e-01
2.100011288805475052e-01
2.118066348721341363e-01
2.117672331498807181e-01
2.107791209521614473e-01
2.097369777443980343e-01
2.119971612688360540e-01
2.110573852713600318e-01
2.124351322253498764e-01
2.112881548818580368e-01
2.102426260607136721e-01
2.114087030635888320e-01
2.109409621571035343e-01
2.111656548673732092e-01
2.111060799701045820e-01
2.114436862576991594e-01
2.113785923613390738e-01
2.104984846726417613e-01
2.119727919293628304e-01
2.104531251578092843e-01
2.107253808569531928e-01
2.114006546830652367e-01
2.113395100261538651e-01
2.111408008313667706e-01
2.122150801544338272e-01
2.113935205322204913e-01
2.106702705730234271e-01
2.117136758369402849e-01
2.111626353751269725e-01
2.105817487790910825e-01
2.105332760140354587e-01
2.113545959198973034e-01
