3.687264737708685902e-01
3.681077650311094240e-01
3.689568888843074990e-01
3.689215664177720733e-01
3.696782491037816087e-01
3.695876928169287146e-01
3.682304365173832972e-01
3.692487240196491438e-01
3.704276046627533181e-01
3.697959162408896439e-01
3.694276058145641306e-01
3.703994913927901589e-01
3.687869833290233768e-01
3.701815499845004798e-01
3.694553397664286365e-01
3.691704078567438208e-01
3.687294893118782113e-01
3.693939894734931118e-01
3.705051077825015082e-01
3.685647853406113228e-01
3.690481933026030781e-01
3.703994543325496158e-01
3.697184111557846875e-01
3.694498253780776342e-01
3.696633333805885435e-01
3.707823459010542999e-01
3.687411189134471301e-01
3.693182580986604235e-01
3.695924563922279305e-01
3.689617379882266790e-01
3.689292769733827360e-01
3.697554268535759858e-01
3.702510202855172072e-01
3.692548090902693647e-01
3.703923705102463715e-01
3.695569542387384665e-01
3.688422206075683274e-01
3.707025490489423425e-01
3.684208680218135634e-01
3.685113844036981279e-01
3.703679001138761029e-01
3.694065036200088192e-01
3.696988609270803749e-01
3.698237906132036956e-01
3.695714391903184293e-01
3.695826782745023076e-01
3.685069379868391448e-01
3.692557002171628078e-01
3.694613790851801749e-01
3.685725188936724850e-01
3.689131350175414159e-01
3.698953820142046878e-01
3.689424300620338659e-01
3.693654647942173908e-01
3.695354442202117284e-01
3.706268222092863329e-01
3.694151173531007304e-01
3.692090082527448858e-01
3.708126081288255493e-01
3.694140771105060561e-01
3.684980075679039624e-01
3.686195236912830353e-01
3.686612962362347257e-01
3.681394816524640179e-01
3.696248868094432760e-01
3.691694545678380068e-01
3.698682038927311178e-01
3.704655306177270790e-01
3.696791553091900440e-01
3.692117412462385673e-01
3.706061316268953187e-01
3.692698481258183119e-01
3.705576347667449144e-01
3.685249486752805170e-01
3.697095363002403934e-01
3.690023247306577492e-01
3.695204185279221121e-01
3.696976252258645790e-01
3.701208377946745287e-01
3.691500659877700596e-01
3.699982583956516469e-01
3.697014194079342175e-01
3.698015741053495287e-01
3.700742815864656032e-01
3.695222769749157976e-01
3.693852659640617930e-01
3.694193457699109784e-01
3.694728727003941948e-01
3.695018903824099921e-01
3.695958819548028629e-01
3.691124700984969031e-01
3.698748031791053159e-01
3.693679039422039789e-01
3.700975785466046331e-01
3.695465675011322393e-01
3.688842109507347033e-01
3.690848387109180728e-01
3.695103707957496653e-01
3.694455475335275407e-01
3.669881465732327541e-01
