3.088921530748793831e-01
3.093173552990479691e-01
3.093070912908201242e-01
3.090967176806558858e-01
3.101781465398295023e-01
3.106246366894548361e-01
3.092935838217076294e-01
3.094326618585370725e-01
3.096864542523377062e-01
3.092671556582817782e-01
3.098397732677627969e-01
3.093756949183264493e-01
3.101375978389418475e-01
3.098621861940691891e-01
3.094191311396476962e-01
3.093290948340594593e-01
3.092828315433011621e-01
3.086532337246937763e-01
3.096093085557759528e-01
3.088263218140649968e-01
3.093484340274632594e-01
3.093836968226515438e-01
3.097096567378753718e-01
3.094796685589158436e-01
3.085049542534043510e-01
3.097331524163887684e-01
3.095456425228911845e-01
3.093756420572532084e-01
3.089982633509432697e-01
3.100218403487907115e-01
3.082653630266086187e-01
3.097242043104919684e-01
3.086240986864101088e-01
3.097225340854921072e-01
3.098384347879989398e-01
3.090432360772479847e-01
3.097388970479005854e-01
3.079366516992251279e-01
3.096381569489430330e-01
3.092307444773730873e-01
3.091379075687987754e-01
3.093110266452152035e-01
3.093695183856450814e-01
3.089512348720447332e-01
3.095091409807115834e-01
3.090751672961461471e-01
3.092149606976271059e-01
3.090584451420955170e-01
3.092539732030201161e-01
3.093854292913947868e-01
3.097591818503334093e-01
3.092249599982808128e-01
3.104949908253356039e-01
3.090680454506165020e-01
3.104505879000278301e-01
3.085682617518720194e-01
3.095551862055410663e-01
3.089247352797951929e-01
3.092349343338742784e-01
3.095663585500275650e-01
3.084566882103662588e-01
3.076321890731708586e-01
3.095520911743958048e-01
3.093506963313025215e-01
3.095929156644481872e-01
3.096003137563720919e-01
3.093557336943312253e-01
3.083886260161724513e-01
3.090714261723433443e-01
3.101706902361492935e-01
3.103538406109438985e-01
3.095503579554058082e-01
3.090271977597567332e-01
3.090571173543297800e-01
3.092255389242729580e-01
3.086486999530133613e-01
3.086346729633389629e-01
3.095679674372253665e-01
3.094400235730541127e-01
3.104483636289204762e-01
3.081595298603507227e-01
3.095759254746900391e-01
3.091935463268188355e-01
3.087340081448017859e-01
3.093075273174204498e-01
3.101746567282370193e-01
3.100193845733845710e-01
3.102026503652803302e-01
3.086554704547355699e-01
3.094332969274996015e-01
3.101146991080335757e-01
3.097843468316618942e-01
3.099880384393395305e-01
3.097180026238399164e-01
3.102375265094046708e-01
3.088455561327438370e-01
3.091462897030162194e-01
3.094692105655079128e-01
3.089623131099782372e-01
3.090316142675129663e-01
