6.237861135351969732e-01
6.251323624336033724e-01
6.247359723065992743e-01
6.241459438643852664e-01
6.244258867364896881e-01
6.235714838365689072e-01
6.243052885954415432e-01
6.251747537379863662e-01
6.252768342656163103e-01
6.249841204422996732e-01
6.248367866973143503e-01
6.246208438333169521e-01
6.249791124388677233e-01
6.239383683588128893e-01
6.242320277120905203e-01
6.241625931494552137e-01
6.254633305812999922e-01
6.242743840442293024e-01
6.243020168460273744e-01
6.245647287909310563e-01
6.234227447660257715e-01
6.249924545552831834e-01
6.233913781414088806e-01
6.238058183824921610e-01
6.242978840485399195e-01
6.246962789073779998e-01
6.249393131197188422e-01
6.254060002286206954e-01
6.259142420773662341e-01
6.246943233120666461e-01
6.245217999113761298e-01
6.244467462885394671e-01
6.248680340489360940e-01
6.247770668124212889e-01
6.243846579119740614e-01
6.238572586093666938e-01
6.251306204987132631e-01
6.252105734706191464e-01
6.235198706489952780e-01
6.229343870685778439e-01
6.245067255310967624e-01
6.237901888995822652e-01
6.231446209035259587e-01
6.245883531009848166e-01
6.252156949420316634e-01
6.232637835042926788e-01
6.235113768308244708e-01
6.244344842336526646e-01
6.229193447924599170e-01
6.238127789502272424e-01
6.248945159442348407e-01
6.233793742121842563e-01
6.250566867991746989e-01
6.245254744820715187e-01
6.247478121007841168e-01
6.244007451074470305e-01
6.251486375318104916e-01
6.245008666071673042e-01
6.231368828299057583e-01
6.245226124562575087e-01
6.237961429093429322e-01
6.222646200649515347e-01
6.239760445352289242e-01
6.248325322733493392e-01
6.243462906701637838e-01
6.243851087428137214e-01
6.247060752488167168e-01
6.235802634791602905e-01
6.241211489182375560e-01
6.258869409274281370e-01
6.236466956162433073e-01
6.257210511809070397e-01
6.257494400461400819e-01
6.247687160773272019e-01
6.243538481683529318e-01
6.247522832316121377e-01
6.238971849049974594e-01
6.245456675855542983e-01
6.244812748398638202e-01
6.245313962023997245e-01
6.242675453950721209e-01
6.250262043937070411e-01
6.239039209156364008e-01
6.254410857702361604e-01
6.252063603464306230e-01
6.241086425462164522e-01
6.240141290664977802e-01
6.234116769809858738e-01
6.238996995345724716e-01
6.235363622986402898e-01
6.237163731625798846e-01
6.242271868340597551e-01
6.236496173472978466e-01
6.243913016166029450e-01
6.245128106823764069e-01
6.245699793122687637e-01
6.250799802765094615e-01
6.247279974669996960e-01
6.243354610482568789e-01
6.257173342336421751e-01
