2.614979990562372736e-01
2.601763887463331981e-01
2.616513919236094221e-01
2.612260830933409994e-01
2.618169528234235433e-01
2.606939765732711467e-01
2.617437455731797535e-01
2.617471235057420853e-01
2.614778001033228882e-01
2.614654327710925763e-01
2.621355528703142035e-01
2.611523180422309909e-01
2.607943183324010761e-01
2.607573441661616975e-01
2.619438559970752589e-01
2.614874948362584939e-01
2.606174128611607466e-01
2.614322314694332849e-01
2.622567732614816127e-01
2.616059618132769438e-01
2.604797903620748589e-01
2.621945036166319354e-01
2.611866422610739091e-01
2.621205948318636181e-01
2.611408773062671718e-01
2.617965560222079158e-01
2.600736885773533569e-01
2.618259552029313930e-01
2.610558142409941107e-01
2.600525825308551697e-01
2.617083972615900089e-01
2.608212633213418119e-01
2.606390016217134953e-01
2.611413598892755594e-01
2.622079077368281719e-01
2.605985759579530492e-01
2.614999679383853137e-01
2.619061106660320881e-01
2.618228752438629403e-01
2.604446095509996839e-01
2.613108439512729086e-01
2.620033783598011978e-01
2.609687799611161152e-01
2.615893087222289082e-01
2.611348283526973013e-01
2.608282603451155257e-01
2.613516791436825137e-01
2.610429525594688549e-01
2.613451510523332466e-01
2.608219882513599375e-01
2.605618439579936996e-01
2.622020804107955683e-01
2.596663316099869223e-01
2.611672372770316719e-01
2.609193378629451887e-01
2.622168369430032953e-01
2.611990309926243148e-01
2.604398796854481279e-01
2.611825039532619797e-01
2.610810324257911152e-01
2.610720775877135025e-01
2.613244490938522180e-01
2.603938264405874503e-01
2.611027344663601757e-01
2.616565511961068680e-01
2.614930856389777181e-01
2.614305881252086405e-01
2.613908416105443777e-01
2.607906039588449021e-01
2.604764759291713361e-01
2.619510875026700436e-01
2.604701670229045973e-01
2.613151107646580207e-01
2.619752385308639631e-01
2.603907896930507948e-01
2.623568317526975835e-01
2.614568005956217078e-01
2.601691694096318064e-01
2.614815079927557129e-01
2.619700159177341670e-01
2.618260609330108069e-01
2.612129224085699142e-01
2.607417351871755273e-01
2.620624142397879330e-01
2.606166223597993215e-01
2.624249760511307983e-01
2.612161031579432469e-01
2.610467443841925084e-01
2.611815822137059651e-01
2.608726945063956082e-01
2.602963333445604266e-01
2.619540534005636023e-01
2.611391642467879581e-01
2.619340217370161872e-01
2.614228620888068289e-01
2.609806082466033517e-01
2.608949767987825963e-01
2.619584090090223416e-01
2.607681859543779512e-01
2.605644932446439799e-01
