8.695369887662447450e-01
8.691491980943993889e-01
8.697905080125278854e-01
8.707563068893429126e-01
8.697554651106259582e-01
8.699778660025866417e-01
8.689069749170768020e-01
8.700252655863316420e-01
8.683416842724880347e-01
8.702205576666336428e-01
8.699612601918540467e-01
8.697956460784690425e-01
8.696363545574183895e-01
8.698896523408472525e-01
8.698102512645884410e-01
8.681480214858213751e-01
8.690395903232682739e-01
8.699928327287387297e-01
8.692400452047124304e-01
8.700302482653157199e-01
8.711585333634922490e-01
8.697236931272396276e-01
8.679922311853921491e-01
8.693274593609906509e-01
8.694097629369810232e-01
8.688266114213725189e-01
8.690298074296567421e-01
8.688011746341723907e-01
8.688959228963801795e-01
8.699336744503604057e-01
8.700794552305906038e-01
8.702238165434358352e-01
8.700288018058002226e-01
8.693236100429011515e-01
8.715112647079614749e-01
8.703982523864626231e-01
8.701561396614929667e-01
8.703648403244492737e-01
8.703891160905696811e-01
8.697124343826680981e-01
8.694458575689001378e-01
8.694170782174782675e-01
8.703289360361612381e-01
8.698688496443893747e-01
8.703058938269628841e-01
8.706680935186933423e-01
8.704533633597724140e-01
8.696040624149788956e-01
8.698795314823888347e-01
8.699762685226146708e-01
8.702080903947890800e-01
8.693676275714009583e-01
8.694155639346767828e-01
8.691490587549602909e-01
8.694364888758775445e-01
8.695888502990904989e-01
8.692784144168002047e-01
8.700678832997680301e-01
8.683712810159722739e-01
8.691807962834333656e-01
8.701709279795302177e-01
8.702372463631466992e-01
8.703948155115007745e-01
8.706990405842323089e-01
8.705269677595341982e-01
8.702536197744284996e-01
8.708109499598875036e-01
8.697729450775382176e-01
8.693109158431933103e-01
8.697040990611075717e-01
8.695398749618465928e-01
8.700699199662540462e-01
8.689794795526843973e-01
8.699135438085390248e-01
8.695506957249432567e-01
8.707435217255281579e-01
8.701741958085191797e-01
8.691741134374666444e-01
8.706095823170948433e-01
8.696065981148801693e-01
8.700701133779622509e-01
8.687192433988186746e-01
8.694633747770845744e-01
8.696641741334634190e-01
8.698892538609385161e-01
8.683661827698466729e-01
8.694208466583615014e-01
8.696475838069088748e-01
8.693849963769368916e-01
8.698849449055783278e-01
8.689140787249540754e-01
8.697519800435271620e-01
8.696853134591275847e-01
8.702591160323851494e-01
8.697037620480196907e-01
8.693128162609604637e-01
8.688454290597537044e-01
8.692733318185348335e-01
8.698529836906481183e-01
8.705422306972747659e-01
