9.889251927987743329e-01
9.892372476498301204e-01
9.892528633319739306e-01
9.899833820197605494e-01
9.898455093013729389e-01
9.893190843504254817e-01
9.886023179778953285e-01
9.903389577964625268e-01
9.902918834644418578e-01
9.890447532410098219e-01
9.894636940931741398e-01
9.894091744920370246e-01
9.905344527742423466e-01
9.898839073935873367e-01
9.896685779169762665e-01
9.887201837662722426e-01
9.896782235832154440e-01
9.901879777467837984e-01
9.900446361567061260e-01
9.897808847985589686e-01
9.896801171536899755e-01
9.898053663848979111e-01
9.902395609767922213e-01
9.884626959971007931e-01
9.900033993355135120e-01
9.898595505810930950e-01
9.896824615143835491e-01
9.909597807884196197e-01
9.909720478658694542e-01
9.899359858966112480e-01
9.895000830201665654e-01
9.897961975394369283e-01
9.895681022271591853e-01
9.890890843035036184e-01
9.887003074000706437e-01
9.900316106719548870e-01
9.892355589040133790e-01
9.897102254949030620e-01
9.899472406455996909e-01
9.895218023757943460e-01
9.913320661256848076e-01
9.914642866080211059e-01
9.896600812511227030e-01
9.902441151777556794e-01
9.890039867229465376e-01
9.906740730180720877e-01
9.904902029652536966e-01
9.894500288836491908e-01
9.900653994470827168e-01
9.901691551147246972e-01
9.889803006396161722e-01
9.900586129166671912e-01
9.896518328181038715e-01
9.905802772222186414e-01
9.898773010845658415e-01
9.898748425206005397e-01
9.892875688727374994e-01
9.888838113919300454e-01
9.897015314004621311e-01
9.889104672980821853e-01
9.903705646584288758e-01
9.897173596505802751e-01
9.902421543338629784e-01
9.892107360565151053e-01
9.904485331768615453e-01
9.899809593825045217e-01
9.895964554340990205e-01
9.894516293285834374e-01
9.898192781972650067e-01
9.903253992738975109e-01
9.894977005072389531e-01
9.900184755061876007e-01
9.910341772795456805e-01
9.900869445666957702e-01
9.908674304769919949e-01
9.891791507854374998e-01
9.897608189075829399e-01
9.885368658612585513e-01
9.887466469407344416e-01
9.899673949479508295e-01
9.903561473245612312e-01
9.900267075491151481e-01
9.901661782037207704e-01
9.899495592538273270e-01
9.887134541205364613e-01
9.896158195279873837e-01
9.902169205169975008e-01
9.906006277725758480e-01
9.897671086678920815e-01
9.891450079250206917e-01
9.889644828825059353e-01
9.901385309304895355e-01
9.907806981671715141e-01
9.898923835321454812e-01
9.899001520138045462e-01
9.898128499654285095e-01
9.888394342042445828e-01
9.905550226830976968e-01
9.886481357488478006e-01
9.903288558723690738e-01
