6.988757030112144331e-02
7.085449294676805787e-02
7.011462994873202126e-02
7.058287437292751210e-02
7.069379148018489767e-02
7.042756554124529611e-02
7.103399552621524060e-02
7.006349700492175980e-02
7.089277046298292362e-02
7.078918079401094743e-02
7.097820717319586192e-02
7.028653908529754191e-02
7.063959738060809901e-02
7.098234903820488384e-02
6.988178480263623760e-02
6.924979260633148948e-02
7.020763857250750251e-02
7.142833841244106141e-02
7.163321825423293876e-02
7.011338176574077874e-02
6.949136111202269817e-02
7.077653594367294687e-02
7.049933971175509351e-02
7.104944828941742174e-02
7.072733632398063575e-02
7.028469328670036709e-02
7.101989123708449259e-02
7.089863104503878188e-02
7.047894390584005797e-02
7.096792814136540506e-02
7.116140862536160516e-02
7.106198004751558550e-02
7.103247405592993946e-02
7.161877271787485399e-02
7.197368041501589486e-02
7.096927517187943957e-02
7.077391790525727755e-02
6.975858841407737987e-02
7.080096392081720869e-02
7.088421530924042535e-02
7.106661044333077715e-02
7.156759744375476573e-02
6.991465634941576579e-02
7.022245874663793352e-02
6.961131243916256206e-02
7.033813763341772995e-02
7.008369951272341858e-02
7.148590303470780949e-02
7.113876805901289679e-02
7.086942587608216493e-02
7.010796666138224831e-02
7.058526649462343316e-02
7.018022664716935810e-02
7.063714186458369682e-02
7.135090437509672423e-02
7.114401370272464831e-02
7.048479932152193483e-02
7.111098660126177751e-02
7.137445248348164850e-02
7.053776679163314967e-02
7.151708208308826809e-02
7.030673187528338475e-02
6.982670076868087439e-02
7.001918498194310836e-02
7.032034827252862941e-02
7.099309698677980229e-02
7.152697577922549621e-02
7.045378127823803682e-02
7.012724887486934677e-02
7.079701798045368033e-02
7.035522555445411497e-02
7.077361080958002870e-02
7.018718992659331302e-02
7.137567982929352017e-02
7.020738028094759831e-02
7.091742447331678134e-02
7.100912306815231057e-02
7.118122932790434121e-02
7.073662840770000848e-02
6.984776640812311033e-02
7.085158328608925915e-02
7.185403022107972326e-02
7.018616169678508487e-02
7.059859298561940721e-02
7.040112141868723472e-02
7.162369615379787779e-02
7.049624678111020282e-02
7.011701994610403110e-02
7.052819695515441523e-02
7.070913483669470645e-02
7.126381871530571011e-02
7.115568193159382826e-02
7.063258218617649020e-02
7.033131907424911011e-02
7.089415583412352062e-02
7.043727814592681824e-02
7.045002351594573109e-02
7.062917770413122687e-02
7.048016700868028894e-02
7.156030564638808655e-02
