9.738217346433108990e-01
9.750138022891035039e-01
9.748906426460688390e-01
9.745456915332560976e-01
9.749547215939420308e-01
9.739530321818734571e-01
9.745268003829952175e-01
9.745898368241441290e-01
9.751605693343832204e-01
9.751086052666056991e-01
9.752846439907671972e-01
9.757493197772377780e-01
9.750817115118339817e-01
9.745609603792209086e-01
9.756062971870669287e-01
9.753924192475851296e-01
9.756806964198989629e-01
9.745690584360190423e-01
9.744645224771093517e-01
9.754009398243902451e-01
9.742756880327203550e-01
9.746789320702683446e-01
9.754137294704489092e-01
9.755456272470470758e-01
9.745117775395915061e-01
9.755134727319183519e-01
9.757052196139741618e-01
9.742439711128869639e-01
9.738712227552909217e-01
9.748641138478322254e-01
9.753551685346082412e-01
9.753482904750689908e-01
9.749090262129750384e-01
9.741047760463642513e-01
9.746730957443219268e-01
9.737347025964091518e-01
9.750682149372862373e-01
9.750752951080179365e-01
9.750373300164134616e-01
9.755895899311533004e-01
9.749399353446022154e-01
9.751657549631529420e-01
9.739670368540410683e-01
9.742710107315755153e-01
9.746445086058850293e-01
9.750254614359310512e-01
9.745987419873682889e-01
9.742949719650907392e-01
9.752950268186907357e-01
9.751311675672329482e-01
9.754301138619666522e-01
9.742617371774180413e-01
9.759516975016623297e-01
9.746957036903698413e-01
9.757473117226161952e-01
9.758919307558688860e-01
9.749528663406379358e-01
9.743749318866354869e-01
9.751982082204937452e-01
9.746998352310257685e-01
9.751391878482412734e-01
9.746723508420557236e-01
9.741956830486433461e-01
9.750241299755347812e-01
9.756704849155406478e-01
9.756956785311438063e-01
9.746637543339230492e-01
9.751099301010728304e-01
9.744272356756510378e-01
9.753421463575941974e-01
9.747495417538825091e-01
9.756066321756172721e-01
9.749187841555524425e-01
9.747918506958763718e-01
9.744972719873535860e-01
9.740023301329130412e-01
9.749177033496732037e-01
9.748268209444110877e-01
9.738785409480812394e-01
9.752607568240958535e-01
9.748355243402881953e-01
9.743454464052974107e-01
9.748371605016711294e-01
9.749517554879161274e-01
9.747479482026958353e-01
9.756370525044648634e-01
9.754122695373115270e-01
9.753713865042326070e-01
9.748171082907678420e-01
9.749303902542902911e-01
9.752381951768440693e-01
9.757798698390618419e-01
9.752927330258894800e-01
9.755375999558523192e-01
9.756603831586192488e-01
9.751693898291516893e-01
9.739889866738508095e-01
9.748944911658243839e-01
9.752075393266264047e-01
9.746319191353173261e-01
