5.200276827367615873e-01
5.211190336724290662e-01
5.227676615058921561e-01
5.218775298531720397e-01
5.203861740284128068e-01
5.219510096974835367e-01
5.225300944257971203e-01
5.210526361552909602e-01
5.230667641418638159e-01
5.212854944192064632e-01
5.216779129023731976e-01
5.213010006649116956e-01
5.218669641922381031e-01
5.219444446114634983e-01
5.216440539193201165e-01
5.223401500483082494e-01
5.212537528399090458e-01
5.213367647728982535e-01
5.212156316513824050e-01
5.223541647548595179e-01
5.210793964907364240e-01
5.212776079032779286e-01
5.211746834564601194e-01
5.214766325934807600e-01
5.222339027917943799e-01
5.223873095575912728e-01
5.211756669854727964e-01
5.206836913702077574e-01
5.221748837863792181e-01
5.222192357656973982e-01
5.214023922387982513e-01
5.213530348876183051e-01
5.211440631896169240e-01
5.218953229096651159e-01
5.220946286181669116e-01
5.221191915078571277e-01
5.207308468551596903e-01
5.210785776742444808e-01
5.215936187786245348e-01
5.206362343184028907e-01
5.216138605871784018e-01
5.227150235616164764e-01
5.221010480929433317e-01
5.213112758666285096e-01
5.216272753289040720e-01
5.208044745127076158e-01
5.221777117877586250e-01
5.220468777002221783e-01
5.212358267063014194e-01
5.211697100937657812e-01
5.227109056639613893e-01
5.211235113095842308e-01
5.213826231596203620e-01
5.215530332505473599e-01
5.219720573761219562e-01
5.211428261963771957e-01
5.214293672600571750e-01
5.200166153182488316e-01
5.222394023244791850e-01
5.215672552882870683e-01
5.216757889958532068e-01
5.221028917111263379e-01
5.221089413310788796e-01
5.219120004117779876e-01
5.217524862285104481e-01
5.219654960040620573e-01
5.211436603006722734e-01
5.219929899345550073e-01
5.211133205367382004e-01
5.218226278717077449e-01
5.209447513030727173e-01
5.217146225232891510e-01
5.222826445443224941e-01
5.212762776302577450e-01
5.216650140603192876e-01
5.224113054170755888e-01
5.205892123920571324e-01
5.210305339504704980e-01
5.224451915875675256e-01
5.213760396614721682e-01
5.204791770980663479e-01
5.219259294584855935e-01
5.210332829595234472e-01
5.215070162911614737e-01
5.212688090171919697e-01
5.219529365951411926e-01
5.215630543616502912e-01
5.217305886522851655e-01
5.209388819588749442e-01
5.226639573453200072e-01
5.211032971276694514e-01
5.219196042053391160e-01
5.221851158782604418e-01
5.224594098167543166e-01
5.207745998881465610e-01
5.217009977764718309e-01
5.215174847495726018e-01
5.213187407023037734e-01
5.212948041100705643e-01
5.224725716533960007e-01
