6.817462444713189296e-01
6.832867179717432293e-01
6.834030378291995333e-01
6.835559950882963420e-01
6.834535771595776632e-01
6.838951549353131654e-01
6.835792323607547960e-01
6.829403746550924970e-01
6.837094264315224379e-01
6.842526495924434737e-01
6.834115813112887627e-01
6.847481920987703585e-01
6.829831427698083157e-01
6.837342274931789143e-01
6.841549736663159464e-01
6.835143318550408464e-01
6.835477568821448635e-01
6.834292976202025471e-01
6.834504050110461471e-01
6.839478000748110409e-01
6.830585243491673619e-01
6.848805622912825797e-01
6.840514676789406501e-01
6.835585172597684611e-01
6.831780358432060218e-01
6.836330251501290256e-01
6.825124874751086201e-01
6.843301056996927700e-01
6.831096370435461029e-01
6.829508764753824401e-01
6.841057441528646255e-01
6.831506906928362932e-01
6.834680281018392645e-01
6.829634215561433130e-01
6.836880462958569993e-01
6.840814086461064480e-01
6.834424826084845028e-01
6.840989711149538799e-01
6.832965607672785158e-01
6.839350699472162010e-01
6.830137239484206368e-01
6.843428782949112499e-01
6.826185313259189869e-01
6.844111534008615605e-01
6.836940911034329327e-01
6.823622969567968433e-01
6.840147193440644369e-01
6.837896133408234434e-01
6.827108432398637516e-01
6.840428647604023249e-01
6.843122730114812313e-01
6.829451527426908530e-01
6.829924793383559400e-01
6.830355236899137150e-01
6.833985981793990749e-01
6.846155029488546484e-01
6.833391163641927557e-01
6.838632360695031664e-01
6.840230648841718608e-01
6.844098110152213588e-01
6.839098206826178528e-01
6.829799034240504607e-01
6.849383799201498313e-01
6.833644648979750880e-01
6.844642995315056710e-01
6.836970946087546075e-01
6.855082058835857417e-01
6.837773234073591944e-01
6.845048456830002959e-01
6.848981523009256556e-01
6.833273006083262491e-01
6.836230290514244690e-01
6.824058993010448937e-01
6.839751119321626494e-01
6.835000762853997713e-01
6.840595190984476437e-01
6.840051513316656173e-01
6.827550063290355187e-01
6.851099749835432018e-01
6.834042152982966467e-01
6.828234906638945834e-01
6.835109033410494694e-01
6.836876946683725365e-01
6.831695085679352353e-01
6.840624508830634998e-01
6.837313199917034456e-01
6.833903738569129249e-01
6.830047207037120982e-01
6.828780641903471338e-01
6.831243438977792071e-01
6.836882217197981504e-01
6.839012365036529761e-01
6.842207334644812011e-01
6.838712608794361714e-01
6.835308885328920114e-01
6.828744998822425805e-01
6.817895960668006738e-01
6.845605984982530146e-01
6.836950587209822405e-01
6.836361723257230461e-01
