9.358804996658560693e-01
9.360454927297245931e-01
9.363064484260904541e-01
9.361860908205970055e-01
9.356922215637146767e-01
9.372359017553159033e-01
9.364777971565851900e-01
9.364891591012625138e-01
9.369120810899491669e-01
9.366651371163996487e-01
9.370940796149005436e-01
9.368915406732019058e-01
9.358711890254785004e-01
9.371100666035619975e-01
9.366770746437820261e-01
9.374191163188652087e-01
9.360331490146447386e-01
9.368578779541252288e-01
9.363631474575688785e-01
9.357189711058208070e-01
9.371804100304327312e-01
9.367241818383678087e-01
9.370972377841225720e-01
9.368731098506227761e-01
9.361310912893756608e-01
9.356155524044520444e-01
9.367910020379739411e-01
9.368516118817644678e-01
9.376859579203650208e-01
9.364023121544795547e-01
9.366390205541876846e-01
9.368950347476509011e-01
9.370114715917838843e-01
9.369123182421741358e-01
9.365951245501951128e-01
9.360965269920096254e-01
9.375566967902440041e-01
9.371260386624460370e-01
9.363640803588406669e-01
9.359028755458314031e-01
9.365013869796923185e-01
9.364704114859299100e-01
9.367041901728148101e-01
9.373295703812388746e-01
9.363465837186188967e-01
9.355226511821579383e-01
9.351772438585315150e-01
9.369090175867156312e-01
9.362346323074910437e-01
9.366445755619849933e-01
9.372175163705047662e-01
9.357130108554443382e-01
9.362924937932275427e-01
9.371659420306851507e-01
9.370524294681352728e-01
9.365298615372799063e-01
9.356497610747953608e-01
9.367026280925028203e-01
9.377475784592368413e-01
9.371254615797008913e-01
9.374897327917991463e-01
9.371805509451646143e-01
9.367440585187105651e-01
9.358357764332873030e-01
9.359510951147669289e-01
9.367637114442455282e-01
9.374849935638306375e-01
9.363045896939251600e-01
9.344818995369740255e-01
9.364361723782033131e-01
9.365545893644040554e-01
9.363117500308715258e-01
9.364692496909438058e-01
9.362826197492142288e-01
9.362669787948476596e-01
9.358679382090162591e-01
9.370240965261044108e-01
9.361152035201749655e-01
9.378406916794843617e-01
9.368339376261383133e-01
9.372556157471020333e-01
9.373670346976159529e-01
9.353676964105854807e-01
9.358310730702472657e-01
9.359837465811376989e-01
9.363078600490124526e-01
9.360926215257520111e-01
9.364715634073013106e-01
9.369952528133926872e-01
9.358299161775347486e-01
9.368747627298252834e-01
9.370512359146282444e-01
9.365806797197868683e-01
9.370005044580207443e-01
9.367737408757601525e-01
9.365019431694774354e-01
9.354294166860517290e-01
9.364353460971228671e-01
9.360501402294917339e-01
9.365646637973270572e-01
