5.379158907090304531e-01
5.404263292481903402e-01
5.396252355910009513e-01
5.385168394370329903e-01
5.388053394827001519e-01
5.399619175037487784e-01
5.403211394263905953e-01
5.390323551493493293e-01
5.390816089655836585e-01
5.395075479433790733e-01
5.404571782573009964e-01
5.392974968644819178e-01
5.396523279983496124e-01
5.392234490719043372e-01
5.399411176240749288e-01
5.388945768776354228e-01
5.398278053855292136e-01
5.382065617769269394e-01
5.393012940144547018e-01
5.401013270153746104e-01
5.382621433832225355e-01
5.393553522339658013e-01
5.393858427890572127e-01
5.401020359300029439e-01
5.397698619868238623e-01
5.397554717913443101e-01
5.388272558783293587e-01
5.395904260621106063e-01
5.398577562655193507e-01
5.403222466596018236e-01
5.400921550148367611e-01
5.394105735334737695e-01
5.405479148336707063e-01
5.389185029025880258e-01
5.396987856370174530e-01
5.406154536339261574e-01
5.394469842462061848e-01
5.392766604631583638e-01
5.402742746455551082e-01
5.395972127982002764e-01
5.389925752882525067e-01
5.394624707030171162e-01
5.399183937680449574e-01
5.400169929723608320e-01
5.396164425759438776e-01
5.393721898845016405e-01
5.398095427559761461e-01
5.394733512755256477e-01
5.397091581353485878e-01
5.402335681920635846e-01
5.399020344987754960e-01
5.400386606236627918e-01
5.404912493229496739e-01
5.385474443477253903e-01
5.390256535003725702e-01
5.386548637478374424e-01
5.393520617368421366e-01
5.393516961589419623e-01
5.396181240810461466e-01
5.399120817185635302e-01
5.392311421963447149e-01
5.401114750530922048e-01
5.399366696064875626e-01
5.401338373491961775e-01
5.394715213860648007e-01
5.388055077416145089e-01
5.402799902765711426e-01
5.400427260431228671e-01
5.394485366462579146e-01
5.387890180267501661e-01
5.387006212815048656e-01
5.396255561324866390e-01
5.408335335184798476e-01
5.404137101465439352e-01
5.388013243708702493e-01
5.394029055578175580e-01
5.397555875124212532e-01
5.396911003816818875e-01
5.389274875160723344e-01
5.382066241778582505e-01
5.397387528212773677e-01
5.400311094536388579e-01
5.390707398017186014e-01
5.398138167172013002e-01
5.397577531377476534e-01
5.403578201831318317e-01
5.387831795711728322e-01
5.393808203807157753e-01
5.391334918911956375e-01
5.397137576350180543e-01
5.409312880413076341e-01
5.389487800938543849e-01
5.398022945705467368e-01
5.403176507776448201e-01
5.404376422025937154e-01
5.398783274941694188e-01
5.403221972450509281e-01
5.399164970411269859e-01
5.396083574564003449e-01
5.404700469125786055e-01
