4.008672028168624446e-01
4.009906159251983016e-01
4.020985136744716915e-01
4.021386047329070790e-01
4.021713732374507799e-01
4.011465066558369541e-01
4.016862043951335282e-01
4.018411426526935504e-01
4.016719010969725390e-01
4.012524629571664336e-01
4.020698287628631240e-01
4.013189646350969753e-01
4.003556206279024199e-01
4.014813729790116525e-01
4.017205206515617744e-01
4.024780559031148064e-01
4.015499949489355069e-01
4.021091547877245764e-01
4.021381581456203724e-01
4.017572740731328862e-01
4.009922061248797354e-01
4.016039023346988923e-01
4.017629118346641715e-01
4.011918070264575698e-01
4.011914078044447329e-01
4.013771993043411812e-01
4.010432798302270840e-01
4.014876441126307149e-01
4.010648687217591712e-01
4.009751021655870717e-01
4.024432001750982146e-01
4.021542171889108119e-01
4.008019646525682878e-01
4.026961607129246890e-01
3.999714749634897260e-01
4.020121051867421302e-01
4.010485609760260362e-01
4.009238026813153333e-01
4.008797114257548477e-01
4.013548302271376378e-01
4.005062673253413363e-01
4.008986122624386139e-01
4.010932797855331078e-01
4.000955963636548263e-01
4.024560242438154911e-01
4.019453594641224647e-01
4.014789649978556252e-01
4.006973412122458167e-01
4.000793272299624226e-01
4.015473873491623991e-01
4.016327663762671030e-01
4.015340532591998302e-01
4.015662367954144774e-01
4.009762428838060666e-01
4.014861018330400100e-01
4.024746843187470002e-01
4.011298011412764430e-01
4.014569564993627493e-01
4.021161296578243949e-01
4.020096008588194270e-01
4.017641832605201024e-01
4.015386918602293354e-01
4.010844526185105563e-01
4.016357115215163365e-01
4.018587317423457650e-01
4.010577243282320570e-01
4.020084328211422919e-01
4.020717405142506529e-01
4.004118905722793831e-01
4.009114630485876019e-01
4.025851031886867326e-01
4.003187687790278337e-01
4.021277691873761384e-01
4.019702398061903437e-01
4.013803831571166603e-01
4.019958139012415610e-01
4.013472865886074659e-01
4.025281290815122537e-01
4.020471492857049522e-01
4.019662851780330670e-01
4.009720014308264524e-01
4.009450636864653750e-01
4.016632119246211774e-01
4.013450591530199896e-01
4.013181632246722863e-01
4.017224886517375415e-01
4.004985952490845991e-01
4.006828244728469213e-01
4.011329949151870577e-01
4.017637992940767400e-01
4.017489581460248482e-01
4.018239859063590380e-01
3.999378918588301635e-01
4.015017691042190862e-01
4.003376425931803873e-01
4.011460047829299436e-01
4.014856235126542106e-01
4.015442510674308019e-01
4.016810685141921633e-01
4.019754304052665095e-01
