4.186121474826403621e-01
4.199574783153157131e-01
4.194457923181557635e-01
4.195600166991859670e-01
4.188164378399297783e-01
4.201457000654378882e-01
4.197148386784140817e-01
4.190372241182261925e-01
4.189806364960588780e-01
4.180005166003229466e-01
4.192610513228434144e-01
4.196785320288256016e-01
4.202017198746039184e-01
4.204307388336226969e-01
4.196168616205843138e-01
4.203426067241495812e-01
4.197301396407517871e-01
4.200142146167047397e-01
4.189084766329439491e-01
4.194802877640320116e-01
4.193308104355700783e-01
4.195002791365344263e-01
4.187736908180206274e-01
4.192848060227330476e-01
4.197347620920084399e-01
4.191621546826159728e-01
4.199673689717776659e-01
4.191247785476324150e-01
4.198193401889535603e-01
4.193629620385542767e-01
4.178821363501269426e-01
4.196931262438698962e-01
4.203929332314942924e-01
4.204395212681209526e-01
4.196300304311049167e-01
4.195862171130588791e-01
4.200000720985757052e-01
4.191239278253915401e-01
4.198078735901647485e-01
4.194215845003889109e-01
4.202545149572722849e-01
4.190898578317823198e-01
4.195278004474060629e-01
4.196535178355401685e-01
4.196399214836719072e-01
4.208485653904886492e-01
4.196548427794769554e-01
4.207616632820505576e-01
4.199134577209078234e-01
4.204981647368722930e-01
4.200107331242817210e-01
4.202559559470886441e-01
4.197770644889415870e-01
4.196313642401666710e-01
4.191093548434847715e-01
4.196699675307358768e-01
4.198236837223521256e-01
4.196863670672911217e-01
4.201779503632112056e-01
4.200847035660255635e-01
4.198691226311708768e-01
4.193836741486421937e-01
4.199952114345965049e-01
4.196494426331856542e-01
4.186129333485349435e-01
4.191861890258644641e-01
4.196335947338649675e-01
4.185430194198193066e-01
4.193063679227277962e-01
4.200702617295830610e-01
4.197608142753109783e-01
4.208349035214586364e-01
4.198806168822295515e-01
4.203120402088581509e-01
4.190231522782688622e-01
4.195367035339064854e-01
4.188690803422518427e-01
4.187468013819145574e-01
4.191761574252040878e-01
4.185720702642191648e-01
4.186124157447411731e-01
4.189067035962267260e-01
4.201760131055077285e-01
4.194767926465164942e-01
4.195453354246552191e-01
4.195661068800168314e-01
4.200679095535511109e-01
4.192264390969004939e-01
4.192271892518513177e-01
4.196280922524097123e-01
4.198650067729363666e-01
4.194130119064646278e-01
4.188219641862899745e-01
4.193981205918371757e-01
4.186743157100790702e-01
4.200849266229616519e-01
4.197673448161757248e-01
4.188440355823971339e-01
4.197124896038744168e-01
4.192637402073607911e-01
