9.487843879030899430e-01
9.502562919981862866e-01
9.508310595948579191e-01
9.505403390976634448e-01
9.504534301812843644e-01
9.511206006284839143e-01
9.507409568130362754e-01
9.495049973909939212e-01
9.501898634931317256e-01
9.505515287817926096e-01
9.500904093554096708e-01
9.496909586190561692e-01
9.491626339626327846e-01
9.501027476791102933e-01
9.498982792721430979e-01
9.506650959764122444e-01
9.502208435139734011e-01
9.499719756852320618e-01
9.506133328699624130e-01
9.494568382485601976e-01
9.500633122373983719e-01
9.500734774646963920e-01
9.490693532606774285e-01
9.496140567558315482e-01
9.502144873927086399e-01
9.491630294619410879e-01
9.503467322981538068e-01
9.506002589112581003e-01
9.496998768389661727e-01
9.506340775273081078e-01
9.502066659143657557e-01
9.490458183865668751e-01
9.512828344004374825e-01
9.503555035741777512e-01
9.500401750131027834e-01
9.503510076909230664e-01
9.498501460404891183e-01
9.501722356872717157e-01
9.497005620877874144e-01
9.498390053377154807e-01
9.515247996094732263e-01
9.501893980115723171e-01
9.496311847426028852e-01
9.503937125643451278e-01
9.507491420722201658e-01
9.503020389234225762e-01
9.500122364037397737e-01
9.495420893303827548e-01
9.500512423865872247e-01
9.514622587444827584e-01
9.497886496597893746e-01
9.507242302802005884e-01
9.499694974292964833e-01
9.495449402599958066e-01
9.498640468959116401e-01
9.498037614608212387e-01
9.501338789549449437e-01
9.496137886224573776e-01
9.496870617636419265e-01
9.501701842074168347e-01
9.497481988051665880e-01
9.509954619740293991e-01
9.485237259128161957e-01
9.499726898876561521e-01
9.491207078715125922e-01
9.497412912719549460e-01
9.497171337636769461e-01
9.503056473759097234e-01
9.500266095525103927e-01
9.502784321115389510e-01
9.498273127125591575e-01
9.495489478263727801e-01
9.494879854349621562e-01
9.496957487271204812e-01
9.499593737669085325e-01
9.503746997145896547e-01
9.505141916644408440e-01
9.511438321020979636e-01
9.493874517579875549e-01
9.504662955029038462e-01
9.499626197063431032e-01
9.500960471252304362e-01
9.505233031086821605e-01
9.500168151219900992e-01
9.504083925136390665e-01
9.496555550381663435e-01
9.506455757432736853e-01
9.506493354631377901e-01
9.507302223837745814e-01
9.501392259408747432e-01
9.492347974608128514e-01
9.509272286722003642e-01
9.500996988498047191e-01
9.497301801301853974e-01
9.501175309506866284e-01
9.502888926353927346e-01
9.506603526960768491e-01
9.505968911060543869e-01
9.498192509472594969e-01
9.502269681021805470e-01
