9.941229841487397856e-01
9.936227017662707661e-01
9.925936561154184989e-01
9.925014552302653392e-01
9.933700822193092250e-01
9.931723428269706444e-01
9.940694872017343808e-01
9.936826358456624098e-01
9.931460782577865576e-01
9.929598507497434667e-01
9.937918960913367794e-01
9.935588425101499199e-01
9.931212389395476237e-01
9.934079653540501820e-01
9.934363470854032929e-01
9.941352864085269969e-01
9.935561209601930788e-01
9.933427834979511317e-01
9.934452800048695353e-01
9.934523775221733022e-01
9.932293111336344404e-01
9.933428970804200064e-01
9.928605105959028565e-01
9.938799683693927411e-01
9.935806412935810350e-01
9.932063633984606899e-01
9.941142581902785436e-01
9.943581032581538803e-01
9.938879974334258183e-01
9.929797518221241681e-01
9.946587625018800116e-01
9.925112797505546425e-01
9.935262096149619637e-01
9.929734643922911719e-01
9.934259687011830486e-01
9.939750355020107175e-01
9.934042899692602235e-01
9.934937377452530693e-01
9.929046747874592516e-01
9.931004574299114873e-01
9.925028450299973048e-01
9.938736112334966011e-01
9.921427944309648694e-01
9.917330893511766554e-01
9.937288495691152246e-01
9.923701608448699529e-01
9.928162356526237797e-01
9.921417202461593199e-01
9.927563870389801703e-01
9.940780817987220352e-01
9.927989513383743692e-01
9.939739310043911313e-01
9.938640487334998719e-01
9.926986609838881481e-01
9.934313168220705315e-01
9.932103042277766747e-01
9.938559752269962022e-01
9.931034257851527602e-01
9.926498625806069454e-01
9.926378324638964745e-01
9.928797910172166841e-01
9.932504096456522547e-01
9.932183308321456128e-01
9.932221194970451972e-01
9.929713439908187667e-01
9.933442455874209598e-01
9.927185528707591633e-01
9.932307253327726793e-01
9.933158694503574360e-01
9.935878557058208660e-01
9.931557588160189187e-01
9.936727944143595170e-01
9.933850348607298208e-01
9.935168321348908371e-01
9.941726674995673418e-01
9.930568534663787306e-01
9.922269313897491561e-01
9.933719108578558110e-01
9.938810790515614224e-01
9.934909079418308142e-01
9.939704843240793064e-01
9.934100602712421235e-01
9.955158783340056772e-01
9.935926240703563117e-01
9.944363472326481768e-01
9.923549244630248678e-01
9.945858747068186956e-01
9.932650268704765750e-01
9.924209232469114461e-01
9.926356575163299834e-01
9.923049128053111900e-01
9.941161554446581450e-01
9.940096901827663034e-01
9.932220876164823409e-01
9.931090221643188443e-01
9.936546507954416851e-01
9.926304252502133885e-01
9.944338791126448029e-01
9.937029529611972611e-01
9.931794317749808032e-01
