2.043804663094918317e-01
2.043835178252190743e-01
2.051433253782729005e-01
2.038982555021927046e-01
2.060360004497620023e-01
2.040500923237791309e-01
2.061290758264627265e-01
2.041255461536365945e-01
2.052209072569335935e-01
2.043595838758993921e-01
2.047613028190071738e-01
2.054821230187913739e-01
2.062257122528196596e-01
2.048574668049002456e-01
2.053271100601636867e-01
2.052150025874151518e-01
2.041902254282242923e-01
2.058332006744933163e-01
2.053930193234483892e-01
2.046462056571979882e-01
2.054713913120500002e-01
2.044079886370263888e-01
2.058282240528098161e-01
2.064515803432169228e-01
2.049274223859119393e-01
2.065087181835848495e-01
2.053773333804153334e-01
2.044828164339778376e-01
2.036400100483923836e-01
2.042994194073547987e-01
2.037881303061701566e-01
2.047187903133715070e-01
2.044730634505441957e-01
2.051580247335756668e-01
2.059603221115571814e-01
2.057374137795959790e-01
2.048459141396290206e-01
2.049024351081432660e-01
2.052022740740803153e-01
2.048556680975899269e-01
2.046740281137938711e-01
2.053975665605626555e-01
2.038849451947217228e-01
2.048513896908833731e-01
2.045564386635166099e-01
2.049149356340423944e-01
2.061732986835850823e-01
2.053476888060767336e-01
2.047844240880919431e-01
2.048979550930046800e-01
2.049007296860541061e-01
2.052682294632147131e-01
2.062905920691831818e-01
2.047140317839646062e-01
2.046365690682190319e-01
2.051978395952410716e-01
2.057946356646511155e-01
2.057940488143322755e-01
2.051169284572831875e-01
2.050714965801013756e-01
2.055053592547501640e-01
2.051733093130228003e-01
2.055779369478835106e-01
2.040442002448615011e-01
2.050184928214293933e-01
2.045679586307023179e-01
2.059007840833554370e-01
2.052779314379457043e-01
2.053133400916166973e-01
2.040758204371845297e-01
2.042337760597758844e-01
2.045416649042520463e-01
2.064185561768107358e-01
2.057018978180518154e-01
2.041136498502826857e-01
2.051143965970023408e-01
2.054041265597237598e-01
2.047159129857566151e-01
2.056622260857241813e-01
2.067477976675039519e-01
2.046864656740596811e-01
2.062478659683887050e-01
2.048092685204364882e-01
2.050472662596578011e-01
2.057344548583768251e-01
2.059195533879184525e-01
2.053914132611306398e-01
2.052692323288167753e-01
2.044601708193459211e-01
2.054789701708318594e-01
2.058284307177465355e-01
2.051687968288582187e-01
2.046905029316606617e-01
2.052911981727397195e-01
2.044369779004887588e-01
2.065171055149916390e-01
2.047715696009644593e-01
2.048127981093337269e-01
2.042421821431257833e-01
2.046900136929963865e-01
