4.956603158447437929e-01
4.968923499170092017e-01
4.980080453937345553e-01
4.979689892665019046e-01
4.971510125431511939e-01
4.979681524705197315e-01
4.982794150893268270e-01
4.966844024661463686e-01
4.985561318507844009e-01
4.972273666022685723e-01
4.978260021273577252e-01
4.980014354901661777e-01
4.979182423708257144e-01
4.979156967778180509e-01
4.984234045937163682e-01
4.975697342275706703e-01
4.967620512625793849e-01
4.975402563479228712e-01
4.980640323116617418e-01
4.975543594269625780e-01
4.974181796147304491e-01
4.988209043115758301e-01
4.982612748424865012e-01
4.980648768280132588e-01
4.971583107333400475e-01
4.976244024445275471e-01
4.969610819531320445e-01
4.973801637706500856e-01
4.980425928055841611e-01
4.964929192029821636e-01
4.961449082831003721e-01
4.971836884638768383e-01
4.979924848576054996e-01
4.970024905242129143e-01
4.971879189473341065e-01
4.989222543516729225e-01
4.977383761579471932e-01
4.984306024621536491e-01
4.973197865609141344e-01
4.981732524816907537e-01
4.985504540470604429e-01
4.969072117849049341e-01
4.966534743097320015e-01
4.972471969419299254e-01
4.977502651599513550e-01
4.979139221614300448e-01
4.973045498256776220e-01
4.970551864097184636e-01
4.973654831318469749e-01
4.983176729086135071e-01
4.969795688560881830e-01
4.968085555280977728e-01
4.983771105032310800e-01
4.969663771289153376e-01
4.978346628860036982e-01
4.977557928903576512e-01
4.968616068008001041e-01
4.970480381581295903e-01
4.987046253618916403e-01
4.988869828653739180e-01
4.985339758820482858e-01
4.975982289610731413e-01
4.980619305516361672e-01
4.979098035207187856e-01
4.986334540620748768e-01
4.971478007763330820e-01
4.971444676915641736e-01
4.974999983791435487e-01
4.971077153904982504e-01
4.978862701954448466e-01
4.969283741252377706e-01
4.984253625433072155e-01
4.975123695992932360e-01
4.969155438056969687e-01
4.973258243605208628e-01
4.965885449693768217e-01
4.970455554393250486e-01
4.971755329157330761e-01
4.967371995786171168e-01
4.980806621738764761e-01
4.973595446826511446e-01
4.970530617778982085e-01
4.969016766933187501e-01
4.978579290359054221e-01
4.971845377668130950e-01
4.976393831778662125e-01
4.991854250313619845e-01
4.974607420614176045e-01
4.977675104919512261e-01
4.974041521985247405e-01
4.977091709347821746e-01
4.980355601869280724e-01
4.975339873896229004e-01
4.974930317497710530e-01
4.977753888708528751e-01
4.977607553230970483e-01
4.983499862364426658e-01
4.970399706857321354e-01
4.967720501522712162e-01
4.981158412426701654e-01
