4.089861911968495356e-01
4.091981315582363110e-01
4.091497697642734188e-01
4.094651003385433863e-01
4.091933293194546239e-01
4.089208307738524395e-01
4.099506734388362883e-01
4.100975813531884118e-01
4.089509787220196868e-01
4.089226349316532616e-01
4.087024651848628620e-01
4.089237541130152920e-01
4.086992652407793747e-01
4.095460294852250605e-01
4.099805823668616345e-01
4.090668179525269177e-01
4.108656146862404435e-01
4.098387107948219810e-01
4.096265737239834226e-01
4.101373203061169370e-01
4.089258192924349888e-01
4.108400092246903279e-01
4.109684442170628005e-01
4.083021866381089104e-01
4.106166868251701629e-01
4.100501392723090999e-01
4.090837536876547054e-01
4.087343918058408132e-01
4.086059021243378941e-01
4.095272698471793538e-01
4.091476298216046859e-01
4.100549241557963631e-01
4.107757652885957178e-01
4.101043897400960536e-01
4.097937444628664272e-01
4.096073058018711022e-01
4.085892387883488519e-01
4.099136397401315079e-01
4.088776468689072630e-01
4.089706736369523865e-01
4.096994073023317862e-01
4.096517081965226903e-01
4.105155112853746124e-01
4.092090573983359070e-01
4.100544554449033208e-01
4.108369772844038814e-01
4.094531003512311140e-01
4.098384715985925464e-01
4.095579600773766593e-01
4.095971658053229048e-01
4.099594713499378762e-01
4.097938431268094428e-01
4.096026315338112123e-01
4.099541495630370513e-01
4.095382798486404963e-01
4.102788569776827932e-01
4.095400265748281310e-01
4.084454838193440906e-01
4.090191252997754101e-01
4.087996248607169703e-01
4.096829303386231302e-01
4.093718585407660759e-01
4.091486251073713776e-01
4.091524798611819724e-01
4.107671357691958791e-01
4.094468774801082178e-01
4.088654168750215367e-01
4.096434915530627885e-01
4.104564127526753037e-01
4.096826939842793114e-01
4.099948911492755643e-01
4.109480972088255246e-01
4.091939838667758012e-01
4.099640697171725856e-01
4.097404463715196288e-01
4.091012525642896414e-01
4.096965378266288482e-01
4.091611304275541428e-01
4.092619318338488466e-01
4.098206415295377880e-01
4.095519002999333802e-01
4.095814298647766361e-01
4.090859597990166296e-01
4.093034924711632661e-01
4.083170072784620408e-01
4.093340290938577430e-01
4.082976171305793267e-01
4.109345399684097844e-01
4.087402137329129159e-01
4.086663023114541216e-01
4.101375791882609922e-01
4.095695036499210628e-01
4.086616880084256720e-01
4.097819766730066426e-01
4.097237049667252773e-01
4.098779798889865544e-01
4.090600759527003305e-01
4.100615531302767569e-01
4.089950834196233731e-01
4.098766646759672838e-01
