2.194859215739009550e-01
2.230369299212985879e-01
2.223493175080371032e-01
2.215451424906358102e-01
2.224811130133358406e-01
2.218996855507991139e-01
2.229829599630459014e-01
2.230955768603213041e-01
2.232626544020778758e-01
2.224873951294085161e-01
2.227556568945297799e-01
2.224807115100883581e-01
2.230664365312399477e-01
2.220274656462878360e-01
2.221575705354337793e-01
2.222198210808058183e-01
2.225105493474019980e-01
2.215225687511630515e-01
2.228028332798548394e-01
2.228591222578314990e-01
2.214682058846337287e-01
2.212713771167929000e-01
2.220290735196384924e-01
2.223453216206076610e-01
2.235446941035302837e-01
2.224382228516914028e-01
2.232545177405224623e-01
2.225845014634127428e-01
2.219047288920870664e-01
2.230803928891779975e-01
2.217310726937410104e-01
2.218513792380420457e-01
2.219638185236925965e-01
2.218913798451988550e-01
2.218613013895837094e-01
2.226919983226472721e-01
2.212078002772860930e-01
2.229608724601956082e-01
2.225960526562427155e-01
2.230676572143120429e-01
2.221514056094254785e-01
2.222632085633935994e-01
2.212897451657165337e-01
2.216838063644609724e-01
2.208480231258357906e-01
2.219142444828778871e-01
2.226156137700809334e-01
2.219822463318276984e-01
2.221656327667461406e-01
2.218671903969249848e-01
2.220856271178575647e-01
2.217603854207498837e-01
2.205658302539887927e-01
2.229028722591994138e-01
2.216588744287486257e-01
2.212841882531161042e-01
2.217272190778931673e-01
2.222156549871825426e-01
2.221322683393793240e-01
2.222554309913795101e-01
2.218011411496683960e-01
2.218206751576015934e-01
2.210686295376110833e-01
2.212030071528659492e-01
2.217673910951034055e-01
2.213609862154172214e-01
2.209287103855207268e-01
2.224135554078056631e-01
2.218967021720674726e-01
2.226574310140641833e-01
2.215375719571653357e-01
2.220306052354622528e-01
2.224624400186030471e-01
2.232157803272429575e-01
2.216398590663444246e-01
2.224278190925216836e-01
2.232960719192166876e-01
2.232425156574162073e-01
2.210144194133592532e-01
2.215542074717314347e-01
2.230707500554960365e-01
2.212585555071106547e-01
2.218898850509770093e-01
2.213442623119134811e-01
2.219557538607168090e-01
2.222792911083865675e-01
2.221530374936486474e-01
2.222824080058978802e-01
2.222162071513985593e-01
2.220305164988323199e-01
2.213563147544883591e-01
2.220735401678945731e-01
2.214456680119761822e-01
2.228953024919800574e-01
2.220432126348722002e-01
2.217320392932362327e-01
2.225593604886687560e-01
2.213851411495894039e-01
2.219668351264564299e-01
2.219687071133425171e-01
