4.802829116130363785e-01
4.814381200207306644e-01
4.821596792476866566e-01
4.808498528757933488e-01
4.815326006853459795e-01
4.808675050113529470e-01
4.807858688546520765e-01
4.821803416717816981e-01
4.823729696224353658e-01
4.825059092847137077e-01
4.818913002414315638e-01
4.816740393493886829e-01
4.816307674769858549e-01
4.811526965996658634e-01
4.822905152295852149e-01
4.821628143100308295e-01
4.814334151343412360e-01
4.826433796699481915e-01
4.818667123215744641e-01
4.823022015398437667e-01
4.819049835606754595e-01
4.818356403337320515e-01
4.825901560409742719e-01
4.815630035015624477e-01
4.817291792466928402e-01
4.807719198241692249e-01
4.819393837758301213e-01
4.818853595339328555e-01
4.816243658918622494e-01
4.812191454862984608e-01
4.832558090769042969e-01
4.812656570360370201e-01
4.825347362559962439e-01
4.815703138917541426e-01
4.819945878635057968e-01
4.821109005401947867e-01
4.816484185665626527e-01
4.815010466350632679e-01
4.819024721342033968e-01
4.808275795052806556e-01
4.828954027264510951e-01
4.816201225699132116e-01
4.813774999050128844e-01
4.813329252580548778e-01
4.820836742668338504e-01
4.815614053632678582e-01
4.798617919185015901e-01
4.820530825534157238e-01
4.818355198194163580e-01
4.814388991057937384e-01
4.816084878112203427e-01
4.813643587644338417e-01
4.831987807135225133e-01
4.803213902558235993e-01
4.811349181157109633e-01
4.814585888613699960e-01
4.813620728475443422e-01
4.818625944911804071e-01
4.820828842571416861e-01
4.803608474257441419e-01
4.819562354235387147e-01
4.814414355108567189e-01
4.810647037121915659e-01
4.807842367672463535e-01
4.815830367006337376e-01
4.815219135926866456e-01
4.811867278284377991e-01
4.817508405127053361e-01
4.815504253056790418e-01
4.801746433913262058e-01
4.810542790284740300e-01
4.821949070573103846e-01
4.815703192658120635e-01
4.807490225847818044e-01
4.817088272771655189e-01
4.824121762869842955e-01
4.812986738284025234e-01
4.817573487012584144e-01
4.822219657740609566e-01
4.818164944025109531e-01
4.818158323446550817e-01
4.812393633027912676e-01
4.818061893547031516e-01
4.810498359616797170e-01
4.813519703293593910e-01
4.803352071254017308e-01
4.812343984833205024e-01
4.814134835746317620e-01
4.819634859301594187e-01
4.825332972915320484e-01
4.822989696660202052e-01
4.812959192883768944e-01
4.807893976468282093e-01
4.809592845965265928e-01
4.811096116139897960e-01
4.807536685577666891e-01
4.814935418039966164e-01
4.811582972393354529e-01
4.822751081780247695e-01
4.826092676845604723e-01
