6.894744163928260283e-01
6.896915682415457605e-01
6.899972164837213651e-01
6.889711802770889237e-01
6.906630611362690741e-01
6.897019445857182074e-01
6.908910009216771009e-01
6.896793235553807522e-01
6.908080458206150576e-01
6.904007197658932338e-01
6.900294846264116710e-01
6.894529846302680509e-01
6.905712266759456153e-01
6.901430596208075752e-01
6.894674090592296523e-01
6.911926781089237082e-01
6.887613154938189153e-01
6.901734386148592471e-01
6.903248010322939887e-01
6.909183631536814918e-01
6.905865216419738717e-01
6.899728097506554469e-01
6.909095122475871209e-01
6.904644593396339625e-01
6.918686840802177329e-01
6.906206166561579263e-01
6.904447355397751451e-01
6.912306014670694942e-01
6.902290460347459966e-01
6.907589044877572304e-01
6.909205467099439613e-01
6.911779888196489807e-01
6.897871855708948008e-01
6.912324797332075610e-01
6.912961154171711753e-01
6.907134015249642989e-01
6.898059370070286356e-01
6.903640741978918083e-01
6.911262575940249064e-01
6.894256068758141121e-01
6.904241352089270922e-01
6.898395433286078626e-01
6.907942045664581254e-01
6.900988926816011837e-01
6.901935353776149640e-01
6.914992170327605159e-01
6.901357788903046409e-01
6.901284989939403536e-01
6.902357365051162708e-01
6.900540484477708514e-01
6.908308390929913667e-01
6.904188338963745952e-01
6.889641174889714614e-01
6.896300384690097207e-01
6.903758476160055668e-01
6.902911720531546003e-01
6.900144853076011220e-01
6.897329205370626992e-01
6.911125943220541856e-01
6.895708978768773090e-01
6.902994336828799371e-01
6.900937043248664970e-01
6.904850391999897141e-01
6.897191951317029890e-01
6.911112559336242134e-01
6.897849803221820508e-01
6.901834829637760738e-01
6.912962616586741937e-01
6.897839875505852314e-01
6.900874312085539808e-01
6.902785776727010658e-01
6.896902200416847872e-01
6.903603128453897897e-01
6.910487722015957734e-01
6.892504280081157564e-01
6.910058637121005987e-01
6.913380324949517375e-01
6.903832733712749192e-01
6.892282212533440422e-01
6.911590949349328827e-01
6.904681958812529663e-01
6.896502264181660902e-01
6.918011125358025648e-01
6.903933909453578988e-01
6.904501555767321719e-01
6.912700861196309221e-01
6.914486054600381681e-01
6.906182875801643029e-01
6.902440458338056084e-01
6.907943951924597759e-01
6.910181570704507781e-01
6.887303658142400753e-01
6.898527599223792661e-01
6.900221413797089642e-01
6.903591098001720106e-01
6.897944510381532890e-01
6.901036757985494763e-01
6.895912365014257306e-01
6.899688794131764169e-01
6.906216156691202812e-01
