5.708355443356818437e-01
5.709839483365627411e-01
5.728293473764716204e-01
5.708076834600037675e-01
5.712760345201821632e-01
5.721877100711540987e-01
5.699321219030266672e-01
5.709302397287789876e-01
5.713687910544980042e-01
5.712073483214050729e-01
5.714387892751155995e-01
5.710788676923079787e-01
5.727684821607468280e-01
5.710723639731601908e-01
5.720606278798651134e-01
5.723616513780050985e-01
5.725908398886676576e-01
5.711780882179098295e-01
5.727108759693356754e-01
5.703125629223650961e-01
5.713104565454139028e-01
5.723445645947833338e-01
5.718600209672477508e-01
5.718684893128627156e-01
5.714154091227839904e-01
5.705476374282205665e-01
5.722366800074022430e-01
5.703915432968589272e-01
5.725921507144231537e-01
5.717581943333058803e-01
5.714455004642415847e-01
5.706328561205251670e-01
5.713127629409440189e-01
5.718582587167142517e-01
5.716494889151876313e-01
5.724136162824862151e-01
5.709194280266403076e-01
5.716668223347649569e-01
5.720680883183801857e-01
5.714880836164782929e-01
5.720123213494283654e-01
5.712524517828145854e-01
5.713652062982652602e-01
5.722985163807601250e-01
5.737848497318468466e-01
5.720118013837809379e-01
5.720058311395050943e-01
5.719654419271327228e-01
5.715045170137427188e-01
5.719433743393104175e-01
5.716796599920017652e-01
5.703174214192998637e-01
5.709632373092252688e-01
5.717320400888359355e-01
5.702062666807001801e-01
5.704278253429256873e-01
5.714058839575091309e-01
5.708854454067225914e-01
5.715767359169390271e-01
5.722883132432721176e-01
5.702822488895193942e-01
5.720143381497848623e-01
5.717909814512565081e-01
5.705841700920053494e-01
5.710612220906550185e-01
5.716561396190411592e-01
5.709027550832100895e-01
5.716120321158877360e-01
5.722177032201177793e-01
5.714120905975490494e-01
5.711787048103558195e-01
5.708271669980911067e-01
5.706594850131690988e-01
5.718302716001666397e-01
5.703407353740577168e-01
5.719048552739679492e-01
5.724667401889588225e-01
5.712579316412986774e-01
5.712241633766748095e-01
5.718063181783489268e-01
5.707043236376611040e-01
5.711837634007230768e-01
5.720822085140112589e-01
5.707872650847736207e-01
5.714584239179292258e-01
5.711605284789371684e-01
5.717113560307081066e-01
5.715879000134329591e-01
5.719494163051224156e-01
5.716214908026764352e-01
5.713960500655121955e-01
5.713651562008975615e-01
5.712935473271918418e-01
5.716699934613931333e-01
5.728127238457330073e-01
5.722137610771969030e-01
5.719537481367722442e-01
5.722630665492873803e-01
5.719455288221735323e-01
5.708497287382875429e-01
