9.541954648383468296e-01
9.559271925529043701e-01
9.549690459373956219e-01
9.553835286949368122e-01
9.557334463434152827e-01
9.558851179423695221e-01
9.551844339823449825e-01
9.558800014897927966e-01
9.552450479153596907e-01
9.552056702357266671e-01
9.542974444126941513e-01
9.548409281207692612e-01
9.552358618410561331e-01
9.545735134301172042e-01
9.550205983010244815e-01
9.550219787052819376e-01
9.555896963245588127e-01
9.553762634751132854e-01
9.552786759984321918e-01
9.561444105417010730e-01
9.554652963564218560e-01
9.561580353756888861e-01
9.563158804358524723e-01
9.555350712821448766e-01
9.557036076334399777e-01
9.541890572560869366e-01
9.558535877458540497e-01
9.560988614054628520e-01
9.552902209666453981e-01
9.566221131710097580e-01
9.553494836795122236e-01
9.552522610185778529e-01
9.556848448953202402e-01
9.564636390537940569e-01
9.558652033376808799e-01
9.566130457536567988e-01
9.557411408899408878e-01
9.549797757074809379e-01
9.561011983065185182e-01
9.547471648814287448e-01
9.555204869709474913e-01
9.563117156919247464e-01
9.548329405397044667e-01
9.560565720287901303e-01
9.552165278822808414e-01
9.561582614155730298e-01
9.553104382136732298e-01
9.554884530054283953e-01
9.552887290751186367e-01
9.560769675213861563e-01
9.554219026427051009e-01
9.553009852567284632e-01
9.559817038690916480e-01
9.561870911633438830e-01
9.564006610586436308e-01
9.551442068614289793e-01
9.556653493807754085e-01
9.550273539506959342e-01
9.555022165051891836e-01
9.545492703822340275e-01
9.554011601824137223e-01
9.560650678298955318e-01
9.556365957114812959e-01
9.549616683270214512e-01
9.560355467917589500e-01
9.557944541240303016e-01
9.546624815448849777e-01
9.554250748905490642e-01
9.560169944520021668e-01
9.548156954835693710e-01
9.566332038019406125e-01
9.542947354952207029e-01
9.557906400443203498e-01
9.549958511398572991e-01
9.559844174851434007e-01
9.551164826661824314e-01
9.557004286455983433e-01
9.559511017960209411e-01
9.564984892469376998e-01
9.557022845171789793e-01
9.555127135932711679e-01
9.556710147742248918e-01
9.555653109553019497e-01
9.554875762790133731e-01
9.547693474258196478e-01
9.556676186856274402e-01
9.542864813380407263e-01
9.546480323083708086e-01
9.546528454776184169e-01
9.557017230284674536e-01
9.551757392628161814e-01
9.551181247431437260e-01
9.565242546644902033e-01
9.548870168814440618e-01
9.551225719618835486e-01
9.551936642840797020e-01
9.558329063802361025e-01
9.551899250224894500e-01
9.551194192619522072e-01
9.546018158347270299e-01
