9.506809597485460506e-01
9.514763618779829013e-01
9.519930661602580280e-01
9.522327777082579825e-01
9.514729300406090662e-01
9.525177848467185626e-01
9.512573494733724822e-01
9.522742029990739487e-01
9.520466404109575453e-01
9.517457399177737809e-01
9.515188240893316385e-01
9.512417493206751784e-01
9.506457226256641579e-01
9.524186008656776448e-01
9.522550635594182467e-01
9.519602008304254293e-01
9.510726712802965999e-01
9.526126223082187483e-01
9.524732733234791970e-01
9.514227804159635093e-01
9.509127117097668780e-01
9.524769424575028065e-01
9.536492246459425948e-01
9.518603342368177067e-01
9.511751289485780303e-01
9.513626421100535024e-01
9.521827470985423369e-01
9.518481687735015351e-01
9.513191825762206122e-01
9.511661828077335734e-01
9.509083356149650168e-01
9.512509201395336067e-01
9.523137157661675234e-01
9.516251583261774449e-01
9.516574336676046908e-01
9.529064150638684172e-01
9.519050119969307833e-01
9.520949648062104753e-01
9.530894376323488792e-01
9.508180785373789856e-01
9.518761312760186666e-01
9.515420608366509381e-01
9.523550124224069435e-01
9.523424209119042416e-01
9.521866869580050130e-01
9.518351655343377793e-01
9.522926975781521586e-01
9.525902215795586381e-01
9.523046103300709664e-01
9.514024044566965488e-01
9.515285273339831873e-01
9.520520982772382457e-01
9.520332849867567671e-01
9.522813281244565387e-01
9.522157056393631969e-01
9.523048176334693027e-01
9.521486757116045530e-01
9.526318920515337574e-01
9.518429454535864975e-01
9.514413120357707587e-01
9.531178017838297656e-01
9.518357211692787256e-01
9.523786455279064089e-01
9.524162951611092609e-01
9.520492667422115751e-01
9.511821457647655631e-01
9.518062386899598382e-01
9.519519689202755597e-01
9.525736153707766718e-01
9.512629610327616447e-01
9.525750913054595870e-01
9.520811667403810130e-01
9.527711626698840419e-01
9.513786025773774968e-01
9.509651545801709460e-01
9.516729181985045249e-01
9.529759190760974663e-01
9.532098594046491957e-01
9.532587606764622024e-01
9.527527331755163420e-01
9.522425706135702050e-01
9.521249006819316740e-01
9.521269841704774750e-01
9.516172485160006023e-01
9.525259519238409300e-01
9.508192731021454236e-01
9.518290252866590251e-01
9.512922647539070464e-01
9.516756624246820451e-01
9.515711012948560032e-01
9.513465388020720948e-01
9.517255172599438096e-01
9.521745341416893993e-01
9.522019701247497192e-01
9.511125509393287825e-01
9.518483069812599950e-01
9.531724106669237084e-01
9.526394365478733084e-01
9.511701118438273816e-01
9.528087680800204629e-01
