7.381593958309418113e-01
7.394742238099203391e-01
7.390139332948774120e-01
7.396040763795803663e-01
7.393818814375794357e-01
7.399303116518686219e-01
7.404012273930665744e-01
7.390555702268202243e-01
7.393997770228128985e-01
7.390858792762562413e-01
7.390944914914849839e-01
7.397136079989857782e-01
7.385948637442314446e-01
7.389844339459039624e-01
7.397652382411876726e-01
7.387064360871504753e-01
7.389936864301279718e-01
7.391606101926597727e-01
7.383389729811414837e-01
7.403844538162245303e-01
7.377355461569270467e-01
7.398451038532762869e-01
7.397805949648542656e-01
7.394317230006922648e-01
7.391298754724595632e-01
7.387828271986485174e-01
7.391229099070489861e-01
7.398572289969074234e-01
7.393686402436785432e-01
7.385489779344028838e-01
7.387404657182816692e-01
7.395188403688084389e-01
7.396680743032004735e-01
7.407253553799935109e-01
7.399438051138718109e-01
7.400479908031450949e-01
7.388319038381382375e-01
7.415171395798033638e-01
7.396633844129564261e-01
7.395213474324722203e-01
7.379561337564735091e-01
7.407847144020349717e-01
7.389891312380130195e-01
7.385172949252573060e-01
7.394085864296533472e-01
7.395813200482086458e-01
7.398771962464598673e-01
7.398345020905130465e-01
7.402470038462863888e-01
7.396750508177913908e-01
7.396245997735115818e-01
7.406376872965300118e-01
7.396050173568410324e-01
7.391878537848008968e-01
7.382071748333434158e-01
7.389899014302909741e-01
7.385658935065473329e-01
7.392669403221355795e-01
7.395915110556232630e-01
7.398831120677704654e-01
7.390300243812227832e-01
7.388261752459319709e-01
7.388260257202212689e-01
7.395608580887855776e-01
7.394433997118401436e-01
7.394528075809172485e-01
7.387089722100761424e-01
7.401871466194256399e-01
7.414060186121593787e-01
7.392844995264638008e-01
7.395599791476381579e-01
7.398572051770506697e-01
7.384334836379267131e-01
7.387895180833674580e-01
7.389131818325833656e-01
7.390622263251043211e-01
7.395610509861257897e-01
7.404650711264477714e-01
7.396240322204785667e-01
7.386959169304523343e-01
7.399085244028545949e-01
7.384415287416354889e-01
7.397305434423794290e-01
7.399968976348307859e-01
7.390718830294258357e-01
7.398305956319032317e-01
7.389539302557330824e-01
7.397909004314375814e-01
7.400947330083029740e-01
7.394950248021449069e-01
7.398788061868697419e-01
7.390921358264006535e-01
7.386791945537795057e-01
7.394306562424812768e-01
7.387222393486088112e-01
7.395866356337832404e-01
7.405090776512128770e-01
7.407401757187991320e-01
7.390114290411420317e-01
7.398920728948840120e-01
