7.343642734720026155e-01
7.355657920474707456e-01
7.355588387143121576e-01
7.364208508692970945e-01
7.345740535455753673e-01
7.351369280000153994e-01
7.356512587266241798e-01
7.353263760200214882e-01
7.359819797995736934e-01
7.365574747268879285e-01
7.355407888012075457e-01
7.348523834793528886e-01
7.357634237712806780e-01
7.346214186584771877e-01
7.352280863144988743e-01
7.356127295568015700e-01
7.348354721746809259e-01
7.345429325566691370e-01
7.353620498261886906e-01
7.351166709603799143e-01
7.354671455676266012e-01
7.351114054061135272e-01
7.355422694245135062e-01
7.355101545177090694e-01
7.361122567560380858e-01
7.340317006281169565e-01
7.342257518798995797e-01
7.355634050037355154e-01
7.353108707819298040e-01
7.361758825247439741e-01
7.345126647980607659e-01
7.350006580756121011e-01
7.363157099928615557e-01
7.345896397556430646e-01
7.365008673761385127e-01
7.365791317093637325e-01
7.356493631393861143e-01
7.355315267522325451e-01
7.355105377395461108e-01
7.359356504390166531e-01
7.354774433248061349e-01
7.354075982497860764e-01
7.359630812427185864e-01
7.351375663568708863e-01
7.345035189807753717e-01
7.360464793707515163e-01
7.355672061617112290e-01
7.365452714827430691e-01
7.361154216000667105e-01
7.357678081758365352e-01
7.355498811686569383e-01
7.352112505273384890e-01
7.349630339155146519e-01
7.355170631095102607e-01
7.352671894939678543e-01
7.350531264201646264e-01
7.357680577718386239e-01
7.350591876748301390e-01
7.345321251315583000e-01
7.350448825512043705e-01
7.365571072934271601e-01
7.354296328944647243e-01
7.344008688341812086e-01
7.351973336223667221e-01
7.350518790780269374e-01
7.350926548022143070e-01
7.352927984122850091e-01
7.348690055095951079e-01
7.358163978733156529e-01
7.366338822619451498e-01
7.357398461678554824e-01
7.341368395057581431e-01
7.358145872640753371e-01
7.345399968081895992e-01
7.352908081974385279e-01
7.354862069478944608e-01
7.357794807880060350e-01
7.347989132371210985e-01
7.344023480219075140e-01
7.352150895840874334e-01
7.347148785591546272e-01
7.351136712460244471e-01
7.353809448352031097e-01
7.360752106331803768e-01
7.357609349279256028e-01
7.358250865572015798e-01
7.354738940538484426e-01
7.349363947317064660e-01
7.352612777863247739e-01
7.350785755244024777e-01
7.355757692471669440e-01
7.354199768527761583e-01
7.366595094617612860e-01
7.352781259200090735e-01
7.360503555685373733e-01
7.358440365739398192e-01
7.350754865063647836e-01
7.347379889048165635e-01
7.358003559844217278e-01
7.345991586795286299e-01
