6.326713679305282466e-03
6.542554460562987825e-03
6.609123197221422955e-03
6.782897545847836086e-03
6.685993106308137091e-03
6.808516261191496950e-03
5.638250834377729268e-03
6.423877302940779813e-03
6.948334567415019938e-03
6.179893142057588454e-03
7.239134224166728082e-03
7.062600402270219346e-03
7.106322833427613367e-03
6.716509602112539362e-03
6.281847861793328665e-03
6.104459698539177470e-03
6.167816244100203169e-03
5.954719925455868867e-03
5.970265163754067371e-03
8.048702946790955992e-03
5.992059430870232822e-03
6.459240755088056091e-03
6.479974964649156018e-03
6.675347241413389157e-03
7.160947200489363798e-03
6.332054641560553969e-03
6.213177130082129379e-03
6.187573278540167525e-03
7.358627198826631771e-03
7.772938896047255561e-03
6.419744825345291908e-03
7.806670301310629154e-03
7.094520715775523914e-03
7.192573666255286033e-03
5.617987267041025211e-03
6.722091720199341487e-03
7.855132357314817404e-03
6.702386730573767562e-03
8.069902052019850558e-03
5.965014920504719577e-03
6.383222264004896965e-03
6.514037104538681830e-03
7.258443090949751042e-03
7.317376886093569614e-03
7.849209185822037665e-03
7.093213402190703606e-03
6.890333306339327391e-03
5.445379623930044974e-03
6.632384163694417245e-03
6.335298709449833574e-03
6.353802258506369496e-03
6.354658738450089280e-03
7.428755889977169645e-03
6.469079883528404927e-03
7.035640260399532789e-03
7.454360461901865867e-03
6.539533087775523980e-03
8.495701955579290643e-03
6.748811115654606077e-03
6.001926947044022506e-03
6.801698399646826168e-03
7.052009801362030261e-03
7.337501806042374085e-03
6.421189487888331188e-03
5.795801344598346116e-03
7.680867507704662242e-03
6.791491263300258527e-03
8.177468719111020967e-03
6.031662127747378782e-03
8.026346415698349182e-03
7.476555160649277915e-03
6.889965494838702631e-03
7.174101865943189119e-03
6.700723908498988288e-03
7.285372170098253219e-03
7.040922507913208693e-03
6.099892217615632967e-03
7.527706892226039906e-03
6.897200417575530609e-03
6.464511794680235721e-03
6.595729917189985247e-03
7.236429857225864029e-03
6.373842320865053500e-03
7.221334866725090396e-03
6.225815044532574671e-03
6.943347832024359019e-03
6.798134038123527720e-03
6.483694849624459244e-03
7.168566449755451112e-03
7.256051006444611678e-03
6.300089325253067571e-03
7.132462423376561243e-03
6.450391525114698016e-03
6.171671272916859352e-03
7.544535046481943077e-03
5.664982910567486693e-03
6.271074064298635606e-03
6.354599263242828415e-03
6.949761164063699738e-03
7.092075537349301975e-03
