3.130474377866271918e-01
3.141933180435076967e-01
3.153194072296174322e-01
3.151624138256824414e-01
3.139503080265587109e-01
3.133678648975993797e-01
3.142316524560710977e-01
3.147196242382758746e-01
3.143220042398607306e-01
3.136220140422810720e-01
3.137807178777934358e-01
3.145746560360332955e-01
3.141620868790560572e-01
3.153635345272897683e-01
3.144159692831412500e-01
3.139061212963653036e-01
3.150052096109458022e-01
3.155290118158749491e-01
3.142458690383728159e-01
3.146370442504100584e-01
3.145136562590271634e-01
3.137922731722325165e-01
3.142849202359123684e-01
3.154580540820640100e-01
3.133065419348673442e-01
3.142023245121537967e-01
3.140488047776733849e-01
3.138088142854193463e-01
3.141161114229586993e-01
3.142408717585477573e-01
3.132126540019574135e-01
3.148090041641974368e-01
3.133701835320690798e-01
3.145233754839176776e-01
3.142017263228674140e-01
3.144752193462697076e-01
3.152380139985690999e-01
3.147285639995635598e-01
3.147190608142538260e-01
3.142445709794231545e-01
3.132871590055546496e-01
3.136247372481142937e-01
3.144468828490191159e-01
3.142782286079371379e-01
3.140077154790001934e-01
3.159436786226289540e-01
3.144843467997321951e-01
3.148896702947635573e-01
3.138501841629220968e-01
3.142583394385631834e-01
3.127931196468206609e-01
3.127097130167978967e-01
3.136081313959759309e-01
3.144761267705896701e-01
3.137023413219134360e-01
3.142985261619762882e-01
3.142713138083081947e-01
3.138895151913323467e-01
3.142837246739120793e-01
3.147193153284882916e-01
3.143815698361646094e-01
3.140912119769645461e-01
3.146654480267936926e-01
3.143055635315448737e-01
3.132080159550369447e-01
3.151375597965038189e-01
3.147680295494608704e-01
3.136783670628979781e-01
3.134887810403585440e-01
3.151622901011896238e-01
3.151374256820650421e-01
3.136811261983548094e-01
3.140326325239709560e-01
3.142222437202764063e-01
3.150528505627488429e-01
3.139267074159335369e-01
3.142777895386252851e-01
3.150466190915551246e-01
3.143605276483769639e-01
3.141047243909632636e-01
3.138882027948503572e-01
3.134988739485799480e-01
3.137514831748033917e-01
3.134523652628150581e-01
3.143598413225029420e-01
3.135182739552163089e-01
3.137271548353348649e-01
3.140197375824109183e-01
3.145668353046680021e-01
3.123228204854351930e-01
3.144846789723216851e-01
3.148829333839955336e-01
3.146064515283532592e-01
3.134805793447508204e-01
3.147344906168335621e-01
3.146663836629013389e-01
3.138089585857984920e-01
3.135953413033827908e-01
3.145459832567468750e-01
3.141889345627199570e-01
