1.079723479151430132e-01
1.090348581442314307e-01
1.078303906452847405e-01
1.085076255920877503e-01
1.084441284554984175e-01
1.084193210126640355e-01
1.087610977911509652e-01
1.079745796925044854e-01
1.082756913627201945e-01
1.082225105399211157e-01
1.072978160794686719e-01
1.082739761549686153e-01
1.082406704618763399e-01
1.072867538394671749e-01
1.096611456435146181e-01
1.095015508192256487e-01
1.080998694552955108e-01
1.090525199096744474e-01
1.078832840748573385e-01
1.078735176966765519e-01
1.077005096575114895e-01
1.085619340883441364e-01
1.084381370844093584e-01
1.082213694880090338e-01
1.079987448126528415e-01
1.088717936189767671e-01
1.072601640472788803e-01
1.069595697063813189e-01
1.080110226170514220e-01
1.088122163331540632e-01
1.081517798369255323e-01
1.085807223827033319e-01
1.085233986320964517e-01
1.082715833208097167e-01
1.078457520005456360e-01
1.075421465698322421e-01
1.090809046083237310e-01
1.084149376524669306e-01
1.092741367694401722e-01
1.084832837223235341e-01
1.083352608277201451e-01
1.088841199163506496e-01
1.094722380607111301e-01
1.088895174703827518e-01
1.092303795290013868e-01
1.081283887220682305e-01
1.094207421085668652e-01
1.077360830182842871e-01
1.103312863421158918e-01
1.081062407095456368e-01
1.091092552154230150e-01
1.079407575219711451e-01
1.074804503414492074e-01
1.085604634577928829e-01
1.074392583494441777e-01
1.084937119659641347e-01
1.080647022280042113e-01
1.084105698912680993e-01
1.091619175745416614e-01
1.084886732046298763e-01
1.084244627055678534e-01
1.087144375834099008e-01
1.079983956517850119e-01
1.075673940724809208e-01
1.082931350587031938e-01
1.077629965028618353e-01
1.091918484198038386e-01
1.082717235136573808e-01
1.076898398052743011e-01
1.084203149852156073e-01
1.086758977400036075e-01
1.088298994177558515e-01
1.079502208520826539e-01
1.081173901928897257e-01
1.081278574630121780e-01
1.090129950890579014e-01
1.081585731698722075e-01
1.086828106715186093e-01
1.082988597182146795e-01
1.084507272502688718e-01
1.083779375127847111e-01
1.077420622358694346e-01
1.082874724470873906e-01
1.082361334071478692e-01
1.075723586266020271e-01
1.077837983589508691e-01
1.090806746246641284e-01
1.091853565371999207e-01
1.083638285465224338e-01
1.088206955568953305e-01
1.083679129153288373e-01
1.097517680110631222e-01
1.086587797893357604e-01
1.079055991591806873e-01
1.081620631476551547e-01
1.092778748968269709e-01
1.088284691099696277e-01
1.092967009836808001e-01
1.076281320565488919e-01
1.081435899675700918e-01
