9.378350481493260560e-01
9.379182304561068939e-01
9.383756603570154731e-01
9.392900708413476352e-01
9.384807466835403122e-01
9.390738653647625611e-01
9.385266659484271523e-01
9.392924078268107824e-01
9.381592592303547029e-01
9.374542102717371428e-01
9.381541473457729596e-01
9.375783700611465266e-01
9.387872394996363834e-01
9.383644116898275378e-01
9.382467294011469505e-01
9.389498191867624577e-01
9.395351466026670151e-01
9.386535179274693164e-01
9.381395626895884243e-01
9.385447578266585822e-01
9.374911008807241819e-01
9.383928220132328191e-01
9.387365395188422834e-01
9.381035221911083744e-01
9.387606445564453672e-01
9.389393909591563503e-01
9.380070123010657568e-01
9.384397109004112281e-01
9.381528420067546392e-01
9.380315194618553676e-01
9.389016675920460742e-01
9.390592895431464360e-01
9.384741317223491697e-01
9.372951373533600083e-01
9.378955299273432633e-01
9.377775686636187213e-01
9.378860921770781900e-01
9.381640800141629599e-01
9.380178487669961207e-01
9.387844456191687392e-01
9.376708722407203211e-01
9.379627190992203545e-01
9.377599170520879435e-01
9.383621809717079820e-01
9.383266280587645447e-01
9.382129120650182230e-01
9.385553442742843311e-01
9.377299450865379526e-01
9.377694620205527798e-01
9.376001520316565863e-01
9.376809263126640870e-01
9.373658579853332284e-01
9.395952310307147393e-01
9.383618049804588468e-01
9.384856106916538154e-01
9.389833582869870909e-01
9.377960718528287609e-01
9.389561971278030938e-01
9.384261590531790542e-01
9.384814233293606867e-01
9.380319993290652247e-01
9.383268375994411326e-01
9.389899807419371802e-01
9.377711879433603404e-01
9.385545639695390685e-01
9.391012452663027865e-01
9.387710713874658497e-01
9.368947061809056454e-01
9.385499906872941667e-01
9.377934183427028003e-01
9.383905382674959661e-01
9.393679068413214317e-01
9.378554884194675312e-01
9.376513667446828570e-01
9.380916085131585369e-01
9.384655412974964861e-01
9.378884428736135037e-01
9.382255874932940998e-01
9.371198207586504125e-01
9.387214455642163280e-01
9.378573645265011471e-01
9.384532570772365911e-01
9.391332503255500619e-01
9.381591614116560063e-01
9.377671515121821511e-01
9.390761787420582873e-01
9.381991543198135997e-01
9.388690218361970263e-01
9.382593027629178017e-01
9.374021463575223923e-01
9.380017456365999928e-01
9.392494714543271339e-01
9.386282123300697666e-01
9.383552320585533124e-01
9.378549586841913310e-01
9.383786241226184099e-01
9.384054584273112676e-01
9.388586867549195691e-01
9.390926985867054100e-01
9.379516270252974408e-01
