5.846665411725416872e-01
5.853420212281374990e-01
5.866033114065341003e-01
5.859840148134457527e-01
5.866034518269883646e-01
5.877229648666864037e-01
5.863943089347470883e-01
5.862635879502950953e-01
5.869575130584454570e-01
5.860649988288778589e-01
5.870390380131511598e-01
5.881210882641736415e-01
5.864148456927426034e-01
5.864790746516065356e-01
5.854325799811961328e-01
5.859928085814352094e-01
5.865941712321510737e-01
5.854400641037873498e-01
5.874897190568278971e-01
5.870521292448773742e-01
5.863777105427065983e-01
5.851604457823817995e-01
5.866346540824236566e-01
5.861393648567259085e-01
5.872995060701697856e-01
5.870266187808048652e-01
5.862176925597417654e-01
5.866223102136911560e-01
5.864910277481730771e-01
5.864849605884189243e-01
5.862656579267877532e-01
5.869271541113298962e-01
5.861241883082264348e-01
5.857832667596143406e-01
5.869283432820900925e-01
5.864346615303419608e-01
5.862218981932484363e-01
5.864491038308459192e-01
5.860585997389092805e-01
5.865700605790203914e-01
5.864682311140940740e-01
5.847901614269364057e-01
5.857560509378778590e-01
5.862666214816947274e-01
5.856906426098571483e-01
5.855574625079922324e-01
5.870742773445283280e-01
5.855929455231920766e-01
5.861004664756133131e-01
5.862616970507439351e-01
5.874900292246982847e-01
5.867677424062329727e-01
5.871939008551150252e-01
5.856465833962152256e-01
5.867617242972614777e-01
5.872167311747868990e-01
5.867473971580801084e-01
5.877487157545622232e-01
5.867233533341806861e-01
5.875336178738387316e-01
5.872957329907848578e-01
5.865607644789886388e-01
5.858706166699612083e-01
5.875608584008247259e-01
5.865447320501735451e-01
5.859669421280198076e-01
5.867128588384322718e-01
5.865073374646154747e-01
5.865868801324561899e-01
5.858328887477695091e-01
5.862884118826214852e-01
5.882785538333179520e-01
5.861495236479783433e-01
5.860076815493439062e-01
5.868291999008368176e-01
5.866992171521869803e-01
5.869360812798364302e-01
5.865921414812138579e-01
5.864126490750638521e-01
5.856533820543812219e-01
5.870136252927196097e-01
5.865535871615605856e-01
5.857043174697603716e-01
5.845287109069927656e-01
5.865776957147362802e-01
5.872438657372036630e-01
5.863940972841723553e-01
5.861737108838587229e-01
5.857600774900815210e-01
5.861501299618793182e-01
5.865685771848474506e-01
5.874190053692007751e-01
5.856449804974426243e-01
5.867058661976869427e-01
5.873059272222316274e-01
5.861670663466762576e-01
5.869598749294905327e-01
5.864168016770804348e-01
5.875807809108718471e-01
5.868900691222234123e-01
