3.319408261867222709e-01
3.333172581777156807e-01
3.319748723163673532e-01
3.321773624489665067e-01
3.328106876995226560e-01
3.327869070661531037e-01
3.321815870291728312e-01
3.320036724449204613e-01
3.324201903859944074e-01
3.320481733885859432e-01
3.320865880743200660e-01
3.312914991986092295e-01
3.337103970549793464e-01
3.330147678625592911e-01
3.322861070074393242e-01
3.325414073699485273e-01
3.325158222699390320e-01
3.332299432134562256e-01
3.318066250130735639e-01
3.317701141964891076e-01
3.322590733247851591e-01
3.321544383417396329e-01
3.328093986109580960e-01
3.330220610913404711e-01
3.321721093322476115e-01
3.328230184736412633e-01
3.321766392208707064e-01
3.318698812126478770e-01
3.333809692531308766e-01
3.320939008809523085e-01
3.325381940842934148e-01
3.330725232331228081e-01
3.321125692350611613e-01
3.332781675009816036e-01
3.327056255389282957e-01
3.326716567282788084e-01
3.323442881515088487e-01
3.322785186023018422e-01
3.315564877122104681e-01
3.320220549948260658e-01
3.323472051722669018e-01
3.325315474236548718e-01
3.313701496650406919e-01
3.317661490945988390e-01
3.314421960912732334e-01
3.334554703983728108e-01
3.318586247330619354e-01
3.327303400257235477e-01
3.321611207698560997e-01
3.325626828616086716e-01
3.323943851596146692e-01
3.324265225280054192e-01
3.318090977208659753e-01
3.331754131791479501e-01
3.330522133619531200e-01
3.331130544197722365e-01
3.319822164897466843e-01
3.317821801766859258e-01
3.322099809284088101e-01
3.327093418984949369e-01
3.319962228455479170e-01
3.329825315446494072e-01
3.327116775867710596e-01
3.323561831578420445e-01
3.328392504659254403e-01
3.331238238699277820e-01
3.320300192668672046e-01
3.327294471837187739e-01
3.315456747897397860e-01
3.315527738366771393e-01
3.325285099363497476e-01
3.335634089580725714e-01
3.324763335334929848e-01
3.326500557738721886e-01
3.328179336806758037e-01
3.322110506472444325e-01
3.321573251910867608e-01
3.312113615464667982e-01
3.329000926493525525e-01
3.315035398463069827e-01
3.331758913489181739e-01
3.329284539546544242e-01
3.324615944901182507e-01
3.318254052549139410e-01
3.320393742411202886e-01
3.321362117101684386e-01
3.324395953277520244e-01
3.326847997524693401e-01
3.315845916798178528e-01
3.327237470767738792e-01
3.318623853229389353e-01
3.326979779733088005e-01
3.316736876738769491e-01
3.325823180986757222e-01
3.317590456831047696e-01
3.324838599023718366e-01
3.322887473895940191e-01
3.325597471853968812e-01
3.330825944388798865e-01
3.316103926601440266e-01
