9.271321167728129031e-03
1.010455207278247031e-02
1.046814429575348114e-02
1.089394166274907337e-02
9.942036825885644177e-03
9.015436801525947980e-03
1.002609579530668212e-02
1.115798803185063387e-02
9.881105724167740800e-03
1.104636285680194070e-02
1.017383342949290670e-02
1.072387455434559850e-02
1.136831245841200128e-02
9.768575256323325240e-03
1.044245967261753054e-02
1.143630506320076137e-02
1.127099929497245127e-02
1.018215410464102903e-02
1.106433676902995704e-02
9.603152986203733477e-03
9.263006543366633649e-03
9.706604111580958635e-03
9.611187247818248763e-03
1.031268328330461198e-02
9.420460871724819357e-03
1.004984460675132849e-02
1.109121089598850626e-02
9.371597262491013908e-03
9.772898698277316526e-03
1.067327767171203506e-02
1.056183421273058747e-02
9.882790241833881717e-03
1.009704440069847040e-02
1.024466387370345094e-02
1.044385117101831115e-02
1.087259280199559183e-02
1.085189990418338260e-02
9.824296515830357318e-03
1.007413083545201371e-02
9.685510485201373476e-03
1.059501175329971567e-02
1.111650966820413276e-02
1.030095541747542975e-02
1.031486277895444365e-02
9.802782642546199743e-03
9.918739445899372315e-03
1.001623975328847990e-02
1.109897815364621967e-02
1.032298110727410297e-02
1.072490745079678759e-02
1.101173415558798913e-02
1.027326294782003081e-02
1.088850373731608742e-02
9.881880182687333147e-03
1.023296696495986334e-02
1.031980324519194553e-02
1.065653158961973358e-02
1.057408432774544459e-02
1.023880530861574767e-02
1.004924364979893972e-02
1.033363042901550878e-02
1.075510936567942132e-02
1.046221127295222930e-02
1.037356060749507723e-02
1.020724717467616505e-02
9.845087813110792868e-03
1.078400486015397217e-02
1.033090711838704351e-02
1.042349038328884564e-02
1.024823233972425862e-02
1.064788345503638739e-02
1.005867090047444720e-02
1.046762849238450088e-02
9.933511651420461747e-03
1.063870999461825027e-02
9.664145991665278393e-03
9.372754017564207535e-03
1.035352406429223757e-02
1.135888018511261796e-02
1.021325407948146802e-02
1.069185040621529505e-02
1.008536819872649266e-02
1.088095326918193939e-02
9.733347748510128711e-03
1.141988696336336193e-02
9.891382080016306727e-03
1.068437285230587272e-02
1.013868398457292916e-02
1.095198932079605517e-02
9.750299878815680416e-03
9.857345348593024234e-03
1.023089853335396385e-02
1.038633339852468480e-02
1.004103573776280248e-02
1.073764812424740991e-02
1.041101220300033256e-02
1.057635826211658983e-02
9.440167487921391834e-03
9.893145091565436547e-03
9.896717109380679181e-03
