2.478117794422820819e-01
2.493724229785471147e-01
2.491696654980446457e-01
2.500902252383042645e-01
2.487709674732142551e-01
2.488344072435712540e-01
2.496389337778279205e-01
2.488887654429254304e-01
2.484688372930132783e-01
2.505143180630847732e-01
2.494539137066505430e-01
2.491598392249274874e-01
2.487677200803192212e-01
2.489538402074070733e-01
2.498612146362644282e-01
2.492816569242145563e-01
2.492020174173420477e-01
2.495730173864145474e-01
2.481010563605653974e-01
2.494124391958112419e-01
2.498390425401814940e-01
2.497497546721242911e-01
2.491750182391017088e-01
2.487074624630660480e-01
2.502293580611991697e-01
2.490152297653462909e-01
2.496011186967447837e-01
2.489751067676715945e-01
2.491111738950868848e-01
2.509135662755446194e-01
2.490047404192584357e-01
2.486619088942319533e-01
2.480772863078328228e-01
2.491708629223706173e-01
2.479891200099620663e-01
2.491266487994179268e-01
2.482957855773448852e-01
2.483982437553334255e-01
2.485702839886789750e-01
2.494119726965092210e-01
2.496864260235483191e-01
2.504079107726894793e-01
2.502663604184430235e-01
2.492474828905840989e-01
2.497598420846557365e-01
2.487648926416253792e-01
2.488394983059253329e-01
2.492717940965300250e-01
2.483163446225451210e-01
2.492203249766229423e-01
2.495373962238082166e-01
2.497614220963409459e-01
2.486504109574489974e-01
2.488886091705266868e-01
2.495341496160481398e-01
2.482827453927354544e-01
2.485852794371497532e-01
2.485275965077599902e-01
2.492963082082743920e-01
2.494675325049864334e-01
2.501129988476342714e-01
2.489005203818643042e-01
2.496446796701255189e-01
2.494217492818592563e-01
2.488040316045203038e-01
2.493218119006347377e-01
2.492574615987809272e-01
2.478507041485921714e-01
2.489526977020914689e-01
2.493678106565008212e-01
2.494144268182225121e-01
2.478075925947185454e-01
2.483630018828803798e-01
2.499026381844620115e-01
2.493206714173456517e-01
2.499700423394064785e-01
2.492110980733395209e-01
2.490557672242095233e-01
2.494596777727135228e-01
2.491584510861106772e-01
2.477539758847554785e-01
2.487881662122235771e-01
2.494496629645020502e-01
2.491389104670164445e-01
2.489787446982644481e-01
2.491897766614601661e-01
2.487253176711590186e-01
2.496212052293622086e-01
2.492551283606485035e-01
2.499367900568597034e-01
2.498338502700023500e-01
2.502199200626469278e-01
2.494865305829995494e-01
2.495874815272704494e-01
2.487023772398137544e-01
2.488990863688412269e-01
2.492179995919317492e-01
2.487270378730011833e-01
2.498203289429401230e-01
2.490323979307573765e-01
