2.815353960326166805e-01
2.831270529217257415e-01
2.816697864385502847e-01
2.828589196192300981e-01
2.826633109175674674e-01
2.823932164670296396e-01
2.820952839830292991e-01
2.820412943834454955e-01
2.825616773493275780e-01
2.819363394461578132e-01
2.818323735406090824e-01
2.828656272782995029e-01
2.833320705100217385e-01
2.817197488598476296e-01
2.824669151027381919e-01
2.834176137857487010e-01
2.818523708959554952e-01
2.828180506721894583e-01
2.830720370794720386e-01
2.815811486448176471e-01
2.819343922375661116e-01
2.819730566426094098e-01
2.824178283899380082e-01
2.814114467701447353e-01
2.822761155041036973e-01
2.825513365495303519e-01
2.824087572073092911e-01
2.822394798406328564e-01
2.826906794419622448e-01
2.840484211706881812e-01
2.819262642416260345e-01
2.829494338218344618e-01
2.823668341648047919e-01
2.817484049281525071e-01
2.814753713506983335e-01
2.819659834848231572e-01
2.830600229293411263e-01
2.820442063823281886e-01
2.825310249853279498e-01
2.818727897720954001e-01
2.830813561311945059e-01
2.833538443121039196e-01
2.819745387677380921e-01
2.816902052634424058e-01
2.814602191993473834e-01
2.822535587790717670e-01
2.813451202500471537e-01
2.811345324898049669e-01
2.833706694691792705e-01
2.818627251909115450e-01
2.823691919501304382e-01
2.836880204657926674e-01
2.821696585017364756e-01
2.813167796035652701e-01
2.835967049561180509e-01
2.828927888070432162e-01
2.818503041422980027e-01
2.824370795193433814e-01
2.825504842837938124e-01
2.820901310045286770e-01
2.835163306024603980e-01
2.825288553475861497e-01
2.818225286912926508e-01
2.823969411186452727e-01
2.821180004536567587e-01
2.813923650375870222e-01
2.812544794412724092e-01
2.820059374499416793e-01
2.825571205170002709e-01
2.816128263743997162e-01
2.821606211060854741e-01
2.821625338552664619e-01
2.821615023550372858e-01
2.823798092007598348e-01
2.820472151192525145e-01
2.820394016903584600e-01
2.820076895633071290e-01
2.828274780800249522e-01
2.824367163191577879e-01
2.827470375501949240e-01
2.808147467612724935e-01
2.822940317315756342e-01
2.819374276937126611e-01
2.820306757308523316e-01
2.827689894080033794e-01
2.829866347912358693e-01
2.814671342812469224e-01
2.814134177184142160e-01
2.827859528944023926e-01
2.822534423867444908e-01
2.823289387122537852e-01
2.811739556285420272e-01
2.821082621424784165e-01
2.828456756134328232e-01
2.820607930437459276e-01
2.818882918346521382e-01
2.822757182116830688e-01
2.815325540348991851e-01
2.827227593776836523e-01
2.824508932010949547e-01
