1.221749919055098027e-01
1.229762014763131905e-01
1.229092601782745542e-01
1.239032113554743575e-01
1.236571979346122591e-01
1.213987714946272445e-01
1.213658716854500996e-01
1.223500903977356447e-01
1.223110703988435910e-01
1.231827814608789512e-01
1.222290143087304964e-01
1.227443132336316911e-01
1.213826880132182484e-01
1.229476014960460689e-01
1.223904118844222344e-01
1.235351710600312014e-01
1.234981057501265134e-01
1.228665938521377038e-01
1.225660956123178491e-01
1.226404319646686725e-01
1.234368270137234519e-01
1.225331969823711120e-01
1.220572292116016005e-01
1.220937694780267757e-01
1.224588955018395958e-01
1.229535889885730315e-01
1.218659047151631203e-01
1.235715600540967657e-01
1.241766594660509565e-01
1.234117539332738878e-01
1.234648925798353114e-01
1.220541473708581515e-01
1.233193345909426863e-01
1.225299833764688651e-01
1.228725793811020345e-01
1.223702179185484906e-01
1.228882737021418509e-01
1.231913725872383902e-01
1.236116695326504866e-01
1.230801280833760669e-01
1.232444112336839315e-01
1.219806169100326743e-01
1.234428718378622336e-01
1.231874526926440144e-01
1.228224530818565058e-01
1.223810551829783988e-01
1.232418450603661314e-01
1.241681895999810631e-01
1.226138769618539265e-01
1.233778426644143306e-01
1.229392171163219832e-01
1.220047903398298883e-01
1.226743696691596358e-01
1.225738733030247163e-01
1.230163018325361735e-01
1.217582955165708303e-01
1.234798225907354358e-01
1.230526300587383992e-01
1.228746172496843203e-01
1.225664699973904870e-01
1.230842827533895623e-01
1.218138288693851046e-01
1.228855862196003151e-01
1.221603607046121837e-01
1.231429044511223869e-01
1.230245010446089360e-01
1.230445392909711444e-01
1.225712782949019419e-01
1.228986319017664475e-01
1.224046126806580537e-01
1.224848740713675443e-01
1.238770222293183176e-01
1.236255042821164662e-01
1.234685132493501120e-01
1.224599265409361815e-01
1.226883816532119281e-01
1.236828787114544331e-01
1.229873864322773014e-01
1.233846594340418656e-01
1.230320416744254547e-01
1.221146452292464352e-01
1.226410400214404672e-01
1.227154472625329173e-01
1.232838002865026678e-01
1.229479145971422022e-01
1.219861079315393282e-01
1.214324090233023234e-01
1.236001735057426082e-01
1.233837022470603700e-01
1.220737043861907511e-01
1.230558723118832937e-01
1.236371361396554902e-01
1.226070952439550082e-01
1.218387582630683919e-01
1.229957478190856074e-01
1.224767561784393388e-01
1.231949292751159386e-01
1.226010141688414629e-01
1.229578294460079158e-01
1.227436737165531477e-01
