5.371931553138735715e-01
5.370557969957070465e-01
5.382720722832792237e-01
5.370922562624707020e-01
5.382628859853821890e-01
5.378853179042397681e-01
5.380225332260388793e-01
5.377781038322244633e-01
5.375187870491500153e-01
5.381404938032545715e-01
5.375252709754483327e-01
5.384502126958740087e-01
5.386128458062330315e-01
5.381129572065431743e-01
5.380481025029709707e-01
5.369891456645465855e-01
5.380029723551948972e-01
5.381861008026848081e-01
5.382573640129264536e-01
5.381267654689827484e-01
5.380115108931291523e-01
5.376559215180405360e-01
5.371568914797479888e-01
5.386136258031464230e-01
5.363321206750900627e-01
5.376151592594601292e-01
5.374401164692026445e-01
5.377718048801786166e-01
5.373436642654123574e-01
5.370550303249224111e-01
5.381541282682087424e-01
5.367419480974613410e-01
5.377341923371921073e-01
5.373454294673125631e-01
5.391774540416349737e-01
5.381164579503008305e-01
5.373323886719370002e-01
5.368342005050636967e-01
5.380031518210839359e-01
5.376349814116413439e-01
5.372321150511363275e-01
5.377857119069842096e-01
5.375043185868436657e-01
5.366750914690840979e-01
5.385765388890561001e-01
5.375882671716407657e-01
5.388736784772147903e-01
5.377595721223925596e-01
5.370989125809736420e-01
5.382350489987152153e-01
5.376808668225190324e-01
5.367272331817990461e-01
5.373648685573398920e-01
5.383545152030555503e-01
5.368977540314255892e-01
5.370883810291477989e-01
5.377039708732362921e-01
5.378285782646736735e-01
5.377081887142718397e-01
5.372865249800499177e-01
5.366812637653618490e-01
5.367896282025276244e-01
5.367068079721420970e-01
5.375722608459856389e-01
5.391940821316743016e-01
5.367198618920477893e-01
5.381503382257099011e-01
5.377752781467958210e-01
5.384454632302878574e-01
5.366578967159669755e-01
5.372223899745529607e-01
5.378869020154326552e-01
5.365921153626664886e-01
5.376418883790430314e-01
5.377031789601282030e-01
5.367883695482253970e-01
5.370774335975365688e-01
5.374292827622918489e-01
5.379348009557192167e-01
5.377718334463891248e-01
5.367589766908893445e-01
5.377507440954308882e-01
5.374772999061170342e-01
5.386399609952050582e-01
5.367906948758491836e-01
5.371708794295955158e-01
5.375477330916778040e-01
5.365168527050568903e-01
5.367380379738241336e-01
5.385345230487187385e-01
5.369252368400578845e-01
5.379264628499431655e-01
5.381418377021345290e-01
5.373614821149329535e-01
5.379844292020480312e-01
5.381082114294967189e-01
5.385328373614812758e-01
5.365686399081880387e-01
5.375422726485938885e-01
5.381674876972908361e-01
