8.772223447498016524e-01
8.771875443329032462e-01
8.770536265398427567e-01
8.765307509546379494e-01
8.781499175592921702e-01
8.775441945179303094e-01
8.776028930238193304e-01
8.777509944311613355e-01
8.779613194910400598e-01
8.770982933235043078e-01
8.772942446728093646e-01
8.779153741650795872e-01
8.786077804646510447e-01
8.771124142808552904e-01
8.776206220001405711e-01
8.782016495119291388e-01
8.776749895504627474e-01
8.776420143228382820e-01
8.783443418830370053e-01
8.791066560852845990e-01
8.779844307007562687e-01
8.784121118585295207e-01
8.789359456682329652e-01
8.773786943738113298e-01
8.773981855128762941e-01
8.784927243891234028e-01
8.765487619310106115e-01
8.779588401798945618e-01
8.779734509683638777e-01
8.779792948165182631e-01
8.771274127850199331e-01
8.776010693716416178e-01
8.778846743336489178e-01
8.770662266159374720e-01
8.769153854435343121e-01
8.774704919959361860e-01
8.783596325951439354e-01
8.781921493222109021e-01
8.775122336780205590e-01
8.771863776153812076e-01
8.788107601519308254e-01
8.772124565607288815e-01
8.781074721437842623e-01
8.788665148055997411e-01
8.777127174745262828e-01
8.782017655816100055e-01
8.778203811278352253e-01
8.788456894165961319e-01
8.778838408321306686e-01
8.777880018519267358e-01
8.790936430172755500e-01
8.783526360536855204e-01
8.792821231871112975e-01
8.785679039075702246e-01
8.778243910083520785e-01
8.777693648211445376e-01
8.786979623577981791e-01
8.773465332780968629e-01
8.773953604144151264e-01
8.783514028933168127e-01
8.783328268809960093e-01
8.778158480238049677e-01
8.777133230264628772e-01
8.787026310243324367e-01
8.773745222978205360e-01
8.777952405095419408e-01
8.780478725925923156e-01
8.773770286006274954e-01
8.783700979863970915e-01
8.787549805582670626e-01
8.786315605770242954e-01
8.778055024110253957e-01
8.787157012900239650e-01
8.780226224700244941e-01
8.778342842788158240e-01
8.777508087823197025e-01
8.773913031499436244e-01
8.778528993252801005e-01
8.776612092914822805e-01
8.777197978968135361e-01
8.786448412253400342e-01
8.766976447887823154e-01
8.783732596740615461e-01
8.788228784098066626e-01
8.780432806624181019e-01
8.779660990765441042e-01
8.793006743021947180e-01
8.778484390711923657e-01
8.779014444748527435e-01
8.776047306531593595e-01
8.792736182733986716e-01
8.779616539049065471e-01
8.788455327337273415e-01
8.781364327632097400e-01
8.783932579096214166e-01
8.780306671900699467e-01
8.779999630884067763e-01
8.784137200752126784e-01
8.773097393306693581e-01
8.768602334264924414e-01
