1.029527345813009004e-02
1.058289499662707321e-02
1.066621797486953967e-02
1.182626961528436896e-02
1.150214253449128102e-02
1.137526728684940848e-02
1.097068641711499912e-02
1.098160324991528762e-02
1.079555751003060879e-02
1.120854930924910890e-02
1.124479706501283795e-02
1.215855013829850173e-02
1.059761070232000807e-02
1.089905555831787928e-02
1.117239633399427778e-02
1.125289422339718556e-02
1.232875479831241003e-02
1.099230105085266182e-02
1.221237058610658878e-02
1.118450428774683640e-02
1.087902039089554476e-02
1.094473899705963177e-02
1.108549333268058802e-02
1.083395949838014856e-02
1.095797887359966152e-02
1.040671976838869993e-02
1.201861568492572883e-02
1.222870476814622021e-02
1.197414776393151276e-02
1.084651933773684435e-02
1.010309212282425699e-02
1.080907842312689611e-02
1.101752333476292006e-02
1.181254415933363083e-02
1.172151471763533195e-02
1.193518926025509928e-02
1.152763400918088016e-02
1.045993393367558762e-02
1.083364220792383190e-02
1.234059082962969331e-02
1.152286143259924518e-02
1.176142568987410819e-02
1.081776772623017913e-02
1.060123311600162307e-02
1.196105356826854607e-02
1.067958491900700135e-02
1.175569246188147565e-02
1.166940857071216767e-02
1.104349415819065074e-02
1.243432008601117258e-02
1.142983258954439682e-02
1.215110677695479396e-02
1.111602927421255840e-02
1.081107530578930866e-02
1.052958789611722727e-02
1.127974844574651699e-02
1.177681286643326303e-02
1.105924341078874662e-02
1.258071035327245311e-02
1.237385050781919342e-02
1.118984968145656303e-02
1.087018901362011951e-02
1.153319671146666933e-02
1.139050001508025434e-02
1.021340563739107921e-02
1.030702768384076859e-02
1.075709618831859754e-02
1.076194644325710950e-02
1.044258772658911497e-02
1.107290855275312388e-02
1.093046221405941792e-02
1.129971421585134611e-02
1.136042964608281920e-02
1.208662159982768977e-02
1.139255908312535384e-02
1.165678949624000815e-02
1.087465574787654411e-02
1.168083030188706711e-02
1.113863460949439735e-02
1.223721968438228058e-02
1.178647181835370400e-02
1.121972524398873183e-02
1.284018974523622528e-02
1.215200819865646688e-02
1.100552935971656904e-02
1.063234519250157856e-02
1.215764814529655957e-02
1.071755614316853046e-02
1.107268241882854512e-02
1.057530803896983979e-02
1.086982662937666794e-02
1.172163004145964846e-02
1.116338314779960830e-02
1.114417081677685807e-02
1.126759142355767546e-02
1.174258461730227909e-02
1.108150965104064134e-02
1.167376537342860489e-02
1.091014855753840926e-02
1.142364736510805175e-02
