8.553424681665282581e-01
8.585133290342883416e-01
8.569496572302450765e-01
8.573600480601694107e-01
8.573830238254243064e-01
8.573280160805170080e-01
8.566957659159728511e-01
8.581242062339939913e-01
8.572777279180912036e-01
8.580889167922438610e-01
8.578968320394642078e-01
8.575283571820850881e-01
8.575940405190973781e-01
8.582588327067848244e-01
8.580407387749056092e-01
8.569968442885391724e-01
8.576950107290155501e-01
8.581615525777278597e-01
8.576108284410483007e-01
8.577414822413242934e-01
8.561945521192952935e-01
8.583930959151206963e-01
8.582443447190607477e-01
8.584205839020926376e-01
8.573431619792257763e-01
8.580747056308519749e-01
8.577703834757044454e-01
8.578115299345782097e-01
8.583323103753093264e-01
8.570270092137139972e-01
8.570433295881486613e-01
8.571869643075505918e-01
8.573763680446444546e-01
8.577289426319434362e-01
8.577647603834339662e-01
8.571975949551955409e-01
8.573158364112332119e-01
8.580420451229862078e-01
8.576844346920198259e-01
8.586073375280026676e-01
8.578265506572573251e-01
8.585894047352419234e-01
8.573010264157340243e-01
8.581863616339217016e-01
8.582643590031789893e-01
8.571897505962182695e-01
8.575251183388405973e-01
8.575596165511567559e-01
8.572662438452011147e-01
8.578412945109650245e-01
8.574496700203027011e-01
8.572327760448912315e-01
8.575384697757666430e-01
8.577424841778331643e-01
8.581171124982517329e-01
8.569743834196279497e-01
8.580291463026518128e-01
8.567890526760573167e-01
8.573924692953558413e-01
8.585651451197870987e-01
8.572052347625009894e-01
8.577007948565139595e-01
8.572831276698305025e-01
8.572737737142599457e-01
8.583470519561439138e-01
8.587680557150030314e-01
8.571772893071054611e-01
8.576875335068935291e-01
8.578300458267347217e-01
8.580110037992196848e-01
8.575203110405308360e-01
8.580406605994619351e-01
8.574389378547453422e-01
8.579301964333772013e-01
8.580679261120333079e-01
8.582440111930259574e-01
8.586213010413972224e-01
8.577734850506734121e-01
8.573621282697534429e-01
8.569845370076935032e-01
8.586096022155966789e-01
8.573717348249743075e-01
8.575937124628574271e-01
8.570641769251393649e-01
8.568015702979334680e-01
8.574986737909253698e-01
8.563463011096481559e-01
8.578395314474525080e-01
8.581041494447578799e-01
8.573994428197069251e-01
8.577785432766052987e-01
8.577695169974158818e-01
8.574866901365525429e-01
8.574054580709957740e-01
8.573870333807106503e-01
8.566932822847416196e-01
8.576573627655872389e-01
8.580937944915235649e-01
8.569132678324143937e-01
8.567825765997293397e-01
