2.371762555467839262e-01
2.386407821066170720e-01
2.369988450676501213e-01
2.378775699656494880e-01
2.380567826424969946e-01
2.380610131560590703e-01
2.386228901495931476e-01
2.383653659418415727e-01
2.381135706593142665e-01
2.388243769809763606e-01
2.382925269237332055e-01
2.381733874941088236e-01
2.377905112444336222e-01
2.383429572355517667e-01
2.382998917074242717e-01
2.385757307027471241e-01
2.384851702248820537e-01
2.385635315190083872e-01
2.383173746224218070e-01
2.382571725239980287e-01
2.375201666142514600e-01
2.384574150156391625e-01
2.368353551112661604e-01
2.377698192623178830e-01
2.373400645270471176e-01
2.375661115421432990e-01
2.370706006630883267e-01
2.370781623282981754e-01
2.374332737804613347e-01
2.385000109572411597e-01
2.385105639346838113e-01
2.385673857609017512e-01
2.385176407155174538e-01
2.372817251801272176e-01
2.380649684461463578e-01
2.381940319748573620e-01
2.378581057567612234e-01
2.376000793371768061e-01
2.381489845939408490e-01
2.394634438639970386e-01
2.374852927224292976e-01
2.383376037036643580e-01
2.388189573703323465e-01
2.389216347651447747e-01
2.386294950936582171e-01
2.375570016770071624e-01
2.382781954537120106e-01
2.379083164784252247e-01
2.386760492483534501e-01
2.368735276574138737e-01
2.374245149902987628e-01
2.376623954069549960e-01
2.385479782553126538e-01
2.390939112348455797e-01
2.389263241068365629e-01
2.389932374658247372e-01
2.387186708676546920e-01
2.383191712777690818e-01
2.381943178356520918e-01
2.383156198707214457e-01
2.371127173268851862e-01
2.375538973956489164e-01
2.393527566622995761e-01
2.386975272617250787e-01
2.379318897845186798e-01
2.373734955187431495e-01
2.377004149095235941e-01
2.374778311919679141e-01
2.375521400070363387e-01
2.381075705867645720e-01
2.391798993779553073e-01
2.378618111950396574e-01
2.378684958653746184e-01
2.394714683243989728e-01
2.398485685733559858e-01
2.389849566849970297e-01
2.383299635644202108e-01
2.382432441837923354e-01
2.385930891204627868e-01
2.381395595256947662e-01
2.376954548077381268e-01
2.388012654988365679e-01
2.383766550545780571e-01
2.376227579356692265e-01
2.389908322867071444e-01
2.383263318574701806e-01
2.382435819034416924e-01
2.386865950177225471e-01
2.383320386595735862e-01
2.382185502065406468e-01
2.381184327553169111e-01
2.373196496777400244e-01
2.370083779016570191e-01
2.391692190711834365e-01
2.376439742236051145e-01
2.384338831510642853e-01
2.377022273380832440e-01
2.387550653606995699e-01
2.387350048656559087e-01
2.385964403451260041e-01
