7.803519565957135473e-01
7.818445561846734115e-01
7.814402958238317876e-01
7.816078697551185339e-01
7.820393522550809218e-01
7.806499313805816964e-01
7.813332992753149187e-01
7.817459830297781576e-01
7.827542741986546204e-01
7.816237173607856192e-01
7.814696120639083032e-01
7.816650037585367583e-01
7.808442588858828248e-01
7.827466531497873081e-01
7.809211054402411811e-01
7.809092710271765547e-01
7.814581155563277148e-01
7.811643280659995581e-01
7.816138486419563769e-01
7.828567717730718911e-01
7.829247027912856760e-01
7.809536040687865555e-01
7.819343008971703091e-01
7.821820844905842396e-01
7.804871599029185036e-01
7.820236542346528097e-01
7.813967182672596490e-01
7.816026871910124463e-01
7.821669364202050723e-01
7.818174235970345443e-01
7.810163658040396584e-01
7.815302885559163304e-01
7.807507070120355275e-01
7.810448657511954718e-01
7.810578925734830147e-01
7.808583528830334020e-01
7.816738825538809277e-01
7.812547344364135782e-01
7.826176148389899501e-01
7.816738200501017753e-01
7.821283634785158867e-01
7.829032763400932682e-01
7.813897885852167935e-01
7.816005252586408769e-01
7.804197347557864095e-01
7.820810137709266474e-01
7.815089625090977377e-01
7.816082641737388537e-01
7.810642444944787544e-01
7.806418904016754201e-01
7.816085079008165959e-01
7.806441662810847948e-01
7.823917767730581563e-01
7.823237205689597129e-01
7.823712788694894282e-01
7.809156469429592295e-01
7.819955473283667358e-01
7.821591624070955984e-01
7.825489864978325549e-01
7.816851815570042827e-01
7.807025663638442747e-01
7.813404630471707524e-01
7.813520577492646391e-01
7.812195434082029877e-01
7.830877102828190939e-01
7.814515577305211069e-01
7.821300812773173128e-01
7.815442660630766980e-01
7.814061758309562844e-01
7.818902575454781401e-01
7.826131742697437499e-01
7.810940006753939180e-01
7.813812439409710819e-01
7.816080089932802011e-01
7.812191473938605579e-01
7.804042700864353144e-01
7.805590528358936631e-01
7.813355003127049336e-01
7.809941812306488984e-01
7.813623351140164264e-01
7.814257793510741568e-01
7.807553450027513442e-01
7.811391062654713391e-01
7.808893016153097832e-01
7.821432745922248797e-01
7.803622160837422328e-01
7.810449065577026451e-01
7.808167262526046759e-01
7.819113942252138294e-01
7.820555008591996149e-01
7.817910883538439215e-01
7.818993087396195474e-01
7.813758036949338681e-01
7.827266805655810344e-01
7.811362875666771899e-01
7.808035078897004322e-01
7.809317977861958138e-01
7.817615893245623004e-01
7.810568724848030442e-01
7.829014227878492438e-01
