4.761532678419253539e-01
4.788654252086033125e-01
4.773914112393595199e-01
4.760584537350038836e-01
4.778245663848630365e-01
4.765740321387225698e-01
4.772877490535818445e-01
4.779508196037793866e-01
4.781306672892507437e-01
4.778188565119047548e-01
4.772138199519831425e-01
4.774652035952278162e-01
4.785681145055131758e-01
4.775025989951917071e-01
4.781973873676479414e-01
4.780873530345747247e-01
4.775954244688930816e-01
4.780316347162555379e-01
4.784207057305348565e-01
4.781030780228512356e-01
4.769616624684955286e-01
4.773705989708431630e-01
4.781984022398009238e-01
4.776589474589862938e-01
4.783847898399042342e-01
4.776983788521111940e-01
4.783053504549766854e-01
4.772467513071892431e-01
4.769995386453776964e-01
4.758834439917178916e-01
4.770140401750792569e-01
4.774768703892351418e-01
4.784960559534388036e-01
4.780004087605290164e-01
4.781653302015338447e-01
4.770532353606747877e-01
4.777633518921913791e-01
4.772924709258465903e-01
4.780489298759396655e-01
4.778065390727017636e-01
4.773208074129957068e-01
4.782578662680835868e-01
4.774711736294744990e-01
4.783157716306838392e-01
4.761308549073005603e-01
4.775877815383632319e-01
4.768050080516977318e-01
4.785985924346838338e-01
4.766939723715687971e-01
4.769623632029403870e-01
4.780387826093711046e-01
4.774525716908422091e-01
4.770698343041218092e-01
4.777722841702298773e-01
4.776084126627713755e-01
4.783868438308601090e-01
4.773163271752552950e-01
4.790229432124247233e-01
4.782219328112243817e-01
4.772090088129132823e-01
4.785723051625371816e-01
4.788137937598987426e-01
4.772436891764965661e-01
4.777313819923036387e-01
4.775409866153228489e-01
4.777619577315055932e-01
4.769303467317762557e-01
4.776597689854748530e-01
4.780689361876860888e-01
4.761433758529590166e-01
4.770323090798019305e-01
4.776447217387170263e-01
4.776517035408370249e-01
4.785539263943597299e-01
4.778282946913660068e-01
4.769323309203863936e-01
4.765140016369021625e-01
4.766998278281007195e-01
4.772661192926882512e-01
4.774454115334912929e-01
4.780134706813615186e-01
4.788003320324064616e-01
4.769675277347175668e-01
4.771647267129751624e-01
4.774069074273540325e-01
4.782538743198787579e-01
4.775398029665280930e-01
4.790200133339310717e-01
4.781328804046675596e-01
4.779469383409354899e-01
4.766665351420135144e-01
4.775005624167639184e-01
4.770651670374259634e-01
4.773990815712177982e-01
4.769552901975724901e-01
4.768294744543492558e-01
4.767037220588844493e-01
4.774602308808998385e-01
4.774540181971049235e-01
4.768032465530829267e-01
