9.671332974675316274e-01
9.686957682829677729e-01
9.680420834986775969e-01
9.689747488817639365e-01
9.688393000854333970e-01
9.690297900836247758e-01
9.686973865695895913e-01
9.689548321404022335e-01
9.689569151121022461e-01
9.684023871167756203e-01
9.684899355197782445e-01
9.691471115590746255e-01
9.691820061095465233e-01
9.690179806692658104e-01
9.685566283084937611e-01
9.689014506830071483e-01
9.675500447893663480e-01
9.693044943821801374e-01
9.689832083395668594e-01
9.685161622615313659e-01
9.692635798624360532e-01
9.682460117157705159e-01
9.673679025539233534e-01
9.690914738468697776e-01
9.687255187461527584e-01
9.684323169806587916e-01
9.691307619664644157e-01
9.687188262612761447e-01
9.686678830054855638e-01
9.688275747600694210e-01
9.683946950951634047e-01
9.683487298901275464e-01
9.688227095121424437e-01
9.688089413732831057e-01
9.684740709829536831e-01
9.693643372163421867e-01
9.676283739381217330e-01
9.685089037186799255e-01
9.691073646133456787e-01
9.688894009084429992e-01
9.685743893727716269e-01
9.692739987320019290e-01
9.689391730106766687e-01
9.685846370569295427e-01
9.692422176936226208e-01
9.689891291776403515e-01
9.688209214245777634e-01
9.690146906284771156e-01
9.685071482295055656e-01
9.678501659555015513e-01
9.684508339772184282e-01
9.683106205296825308e-01
9.691534238044224869e-01
9.685329085483604938e-01
9.676702830014807244e-01
9.688419677361693738e-01
9.685974368017638003e-01
9.698078105704727170e-01
9.693313766812711174e-01
9.684026574994772929e-01
9.683990965843907173e-01
9.693429408348251952e-01
9.696343325971058524e-01
9.681444889392585296e-01
9.688121527643056563e-01
9.694846983515157390e-01
9.686436258315416215e-01
9.692173619126850381e-01
9.692925113333281661e-01
9.684852608423418774e-01
9.693748211012540583e-01
9.686113277445573821e-01
9.689685713260569599e-01
9.688653813291160377e-01
9.685148662411364739e-01
9.698058976697891964e-01
9.699867407888941306e-01
9.684053900296502038e-01
9.676572538449308425e-01
9.687579512413273530e-01
9.688214632656330094e-01
9.689719029559982211e-01
9.689033411188303635e-01
9.681016024477731019e-01
9.684292235808692473e-01
9.690653002789213488e-01
9.685557818249641571e-01
9.685756763940241987e-01
9.682721902914366296e-01
9.687704267506593858e-01
9.681294431617648577e-01
9.684538994793434608e-01
9.682398484609902045e-01
9.688499967652760558e-01
9.689004476951499356e-01
9.696959980014505653e-01
9.689359097356446959e-01
9.686118730181200176e-01
9.679926166416578104e-01
9.696628741897990178e-01
