5.102460313471604003e-01
5.113744728456328659e-01
5.109603125039452465e-01
5.110507860089071874e-01
5.116847188075226427e-01
5.112437277898668198e-01
5.106503620833111601e-01
5.118483939400693128e-01
5.115944716130250702e-01
5.111407590670935530e-01
5.123609158343710446e-01
5.121489414017585950e-01
5.117587822165586831e-01
5.113256033605693140e-01
5.123641293644388695e-01
5.111768434213206369e-01
5.118747359549415954e-01
5.118632906672100358e-01
5.112581162294365100e-01
5.122932535032158619e-01
5.099074213916722220e-01
5.122672013923640355e-01
5.115892518436890857e-01
5.117927501820941361e-01
5.102703158164796360e-01
5.122498078721893222e-01
5.113214913903022518e-01
5.111856019212601687e-01
5.116826035030417330e-01
5.116754343611370492e-01
5.110857614351150824e-01
5.124357649572295337e-01
5.110852049819271103e-01
5.109203619781056416e-01
5.111877853518025372e-01
5.116742075768576647e-01
5.118598869931119122e-01
5.110661864787466868e-01
5.113315376046688732e-01
5.112866567650159455e-01
5.111199367570341545e-01
5.127948690771497731e-01
5.114611337405365887e-01
5.116303318184234339e-01
5.110768998101885563e-01
5.113029906122950052e-01
5.113139253371143944e-01
5.125822329396934052e-01
5.115491961459546211e-01
5.132604615322653441e-01
5.123516474813241128e-01
5.130868073322883971e-01
5.114462702956172890e-01
5.122390551771149880e-01
5.111382749672287451e-01
5.118986117278576664e-01
5.113368699478431090e-01
5.112418451596888458e-01
5.109571610110666962e-01
5.117775337091045040e-01
5.122715680518409309e-01
5.108671794324276538e-01
5.114229087045664146e-01
5.114618114284678052e-01
5.113818312467804938e-01
5.113856686210863645e-01
5.112709305828511130e-01
5.111725179343881154e-01
5.115991691782001416e-01
5.106746120652114751e-01
5.118956758478870883e-01
5.118346946440562872e-01
5.107085683979146751e-01
5.104696056133827264e-01
5.122996097906158397e-01
5.114285052809733889e-01
5.119850260856335655e-01
5.120123697126355289e-01
5.113478991020617981e-01
5.117942859802433464e-01
5.127756468941689905e-01
5.115225415793140940e-01
5.115070154353430487e-01
5.111314034125903349e-01
5.111011433998536857e-01
5.113285334619138700e-01
5.107793893894172488e-01
5.116145998558842001e-01
5.117978315364455355e-01
5.127444592115718569e-01
5.113029591459905543e-01
5.124276268962867364e-01
5.102669932865029345e-01
5.099905936468887013e-01
5.114265573757938999e-01
5.127031432683553103e-01
5.116133091350321127e-01
5.118342095451736684e-01
5.108270021487757440e-01
5.106506874296761200e-01
