7.967698871522863602e-01
7.979998228007615380e-01
7.967287566075011984e-01
7.973092295974326671e-01
7.966915197358221956e-01
7.978470652621451054e-01
7.980050715158555352e-01
7.975785769895933353e-01
7.982184416899309465e-01
7.981741065794359935e-01
7.968700023679510247e-01
7.976452448649313798e-01
7.983812121842941423e-01
7.973171680171761144e-01
7.966474307360753571e-01
7.980609328821232085e-01
7.964971590535774304e-01
7.972831653352778769e-01
7.976990749067810471e-01
7.973519934822597133e-01
7.968482838894421771e-01
7.969671086616366695e-01
7.967492205282252771e-01
7.975102192557881331e-01
7.972479322971810500e-01
7.979477529395917479e-01
7.971637280438883533e-01
7.978151878446432255e-01
7.972155887854290857e-01
7.974726878746978276e-01
7.973553459195512616e-01
7.978384505338214083e-01
7.962755944727610835e-01
7.973554798255558795e-01
7.972659487147117918e-01
7.961276672888970563e-01
7.969477214213336325e-01
7.968224498883892393e-01
7.974313587523038649e-01
7.974786916451316321e-01
7.973161673057929111e-01
7.972278250086579643e-01
7.979207664493100927e-01
7.975081344841635778e-01
7.983525062660719041e-01
7.970190656734257306e-01
7.978995778128267213e-01
7.964543342950891613e-01
7.966561329588024432e-01
7.976974727565313561e-01
7.972519784598566250e-01
7.965596883732934952e-01
7.965395313251867337e-01
7.979379107142399175e-01
7.961697816378829895e-01
7.984095244883613329e-01
7.978685857031906359e-01
7.980850599550317614e-01
7.979904934957156026e-01
7.979031342523076331e-01
7.972968382266307774e-01
7.972485265495516948e-01
7.979959427609550904e-01
7.980795144056584967e-01
7.980549737432797164e-01
7.973942822171991018e-01
7.987747349952055709e-01
7.974289636295450734e-01
7.978399910679299101e-01
7.976715608338375008e-01
7.973967492262306056e-01
7.971419975973722538e-01
7.969353249493049685e-01
7.979730851694271099e-01
7.980456113358648240e-01
7.975209721880524016e-01
7.980942477844706895e-01
7.966444054445833700e-01
7.974466733661301765e-01
7.970425733257509027e-01
7.979403568555291093e-01
7.973301284799310107e-01
7.977953298128375170e-01
7.974029076352617817e-01
7.979714789211800330e-01
7.979995387889852188e-01
7.965302357433314828e-01
7.968547111684624040e-01
7.984397316313185389e-01
7.979831043847789296e-01
7.966497658722808684e-01
7.970718736086979117e-01
7.978390656883294074e-01
7.973651389054009497e-01
7.967332466663192836e-01
7.978831520938658439e-01
7.971951234650205276e-01
7.973838351581123973e-01
7.973324659198355313e-01
7.974839012268166716e-01
