7.794161469307415713e-01
7.807104072011321616e-01
7.798410367053260073e-01
7.805244878051134094e-01
7.807910055723792375e-01
7.798301423236906338e-01
7.818082105983275021e-01
7.805786647812714696e-01
7.802942522511614465e-01
7.799032068562326003e-01
7.813362662303695583e-01
7.806725788993554849e-01
7.789685980586191771e-01
7.797995419965915165e-01
7.794336054130412972e-01
7.797959509422256463e-01
7.811871495611896199e-01
7.813912368867823588e-01
7.802428810920263302e-01
7.808851815748070191e-01
7.809505791919892914e-01
7.811295126926951493e-01
7.793590532306770013e-01
7.803023480312517579e-01
7.803447072775804294e-01
7.801390124616488508e-01
7.801961928371878852e-01
7.811043797752559303e-01
7.810553383207115008e-01
7.803499633983412842e-01
7.801350348721658445e-01
7.796994028310031410e-01
7.800032256685607290e-01
7.797518234546439997e-01
7.805063467773982744e-01
7.798890337224704261e-01
7.797151063914746771e-01
7.800932265590712067e-01
7.816418269576790312e-01
7.804389155391642241e-01
7.817778664544373646e-01
7.821338045344012890e-01
7.806486164315891152e-01
7.796955112516202879e-01
7.818778655567245606e-01
7.797736104602188689e-01
7.803708906465216533e-01
7.808466305783747785e-01
7.793248249164792529e-01
7.803909737244238976e-01
7.804818613435866581e-01
7.805120579607514042e-01
7.803771832598913605e-01
7.805164203537615641e-01
7.808469763552573495e-01
7.799525665615207881e-01
7.812779479404373673e-01
7.807576863745198104e-01
7.802508937526537736e-01
7.800454042252138454e-01
7.808800890025451302e-01
7.801085516711787626e-01
7.800770946299873110e-01
7.805870215664810763e-01
7.799899921613588916e-01
7.806804933473833197e-01
7.801155173011811161e-01
7.809114670748102949e-01
7.806084312249386148e-01
7.809230332238565886e-01
7.794057157356948373e-01
7.804000526895534806e-01
7.796134265682153064e-01
7.809134029655221410e-01
7.787068379238177851e-01
7.804938024824232823e-01
7.796235383871168434e-01
7.807424572437147159e-01
7.806935153545453421e-01
7.800206777741179875e-01
7.811522375779518246e-01
7.801738844385609495e-01
7.798969147027635662e-01
7.798365128101930610e-01
7.794889871044617946e-01
7.809078209445001750e-01
7.799195028540187868e-01
7.804121101002468031e-01
7.792259135080370491e-01
7.815018696243350993e-01
7.809445187543505584e-01
7.791819433489802771e-01
7.797039152346687541e-01
7.792223090538578090e-01
7.789208824371562923e-01
7.803241831710430176e-01
7.801199333904458300e-01
7.802674009586535453e-01
7.813542394074644015e-01
7.801535955328300354e-01
