5.399403996414097184e-01
5.415684358874244264e-01
5.421742631231356579e-01
5.412353847678615937e-01
5.424605473313578452e-01
5.419990798083437200e-01
5.409815970674036745e-01
5.421136419025596176e-01
5.411476193118576195e-01
5.413303848822006437e-01
5.414337245917248964e-01
5.423366126501226736e-01
5.408450000016440384e-01
5.422780075964100943e-01
5.422769631271040502e-01
5.426322968964030213e-01
5.406067878881217759e-01
5.419498292948543572e-01
5.416554298807386703e-01
5.422194059776478392e-01
5.419494658148713562e-01
5.418370274641415296e-01
5.421256494699450146e-01
5.418464944615080103e-01
5.421330102823695984e-01
5.407800835848090015e-01
5.419444645623474610e-01
5.415255782828800601e-01
5.419518142990042975e-01
5.419044440867011314e-01
5.416673856784874896e-01
5.421613397008785418e-01
5.404251339816031896e-01
5.421138414904790315e-01
5.414752760876835325e-01
5.392444294228602164e-01
5.423313658890612787e-01
5.412416601976062225e-01
5.417374351224064633e-01
5.417546144348747150e-01
5.418422218678320412e-01
5.410966150496696603e-01
5.415930418765309007e-01
5.423123366829550873e-01
5.411924215538310712e-01
5.413209694448277709e-01
5.426283781386471716e-01
5.420379511466196787e-01
5.420942462075644119e-01
5.416331818933156628e-01
5.419468343575208902e-01
5.423768747288030267e-01
5.430122331168414362e-01
5.410795971188296916e-01
5.414451215601201461e-01
5.406103476046408840e-01
5.411081970358317950e-01
5.408401761392523932e-01
5.410495841309457266e-01
5.406388110908595390e-01
5.421033770717536004e-01
5.422561829658287813e-01
5.411736480081248413e-01
5.415197102645784577e-01
5.410817437900242721e-01
5.413415089580886352e-01
5.412621825634192918e-01
5.417622063852969294e-01
5.420495711492002711e-01
5.402784607010868712e-01
5.412371518033816109e-01
5.428408325270124291e-01
5.416813734765808519e-01
5.411310478395779944e-01
5.411723420623808511e-01
5.420286516375525387e-01
5.415817802431922567e-01
5.425425215637194043e-01
5.420557275263848673e-01
5.417354238051541593e-01
5.410246306688683005e-01
5.422945272959838192e-01
5.408067989022482536e-01
5.416366880894114555e-01
5.409392009642458587e-01
5.424516286548406452e-01
5.423693540133174285e-01
5.417372441902731373e-01
5.409640328574959467e-01
5.406359605434595261e-01
5.414471256133512878e-01
5.416998472172674939e-01
5.425514881753554786e-01
5.421568192499341965e-01
5.419362076495806146e-01
5.410836927744453462e-01
5.421037765888958582e-01
5.411586112055205566e-01
5.414201425932279044e-01
5.422065947143352993e-01
