2.777116014748610140e-01
2.798682234147835679e-01
2.802771405015915263e-01
2.793350432649599480e-01
2.794983841995145601e-01
2.801952336326441473e-01
2.791011675729558883e-01
2.795073723507395247e-01
2.799557020513621652e-01
2.793293176685980872e-01
2.789914417410759295e-01
2.802771502299905571e-01
2.786420318000039642e-01
2.795170979531338418e-01
2.802341472919620546e-01
2.786888827134695323e-01
2.802444709893978647e-01
2.793436788453953490e-01
2.797583755670134953e-01
2.792749267273100799e-01
2.788185966602002575e-01
2.790594013711327759e-01
2.789013689309417510e-01
2.779390540916881758e-01
2.782519397574270692e-01
2.793744090193044927e-01
2.795998663281908936e-01
2.796184871920427972e-01
2.795716705627670495e-01
2.795057054898207327e-01
2.792246270674219044e-01
2.797736470341037895e-01
2.783732712002289778e-01
2.792741137164277410e-01
2.780932525911907760e-01
2.790112846140034852e-01
2.783178989425783012e-01
2.790760880058487103e-01
2.790488676476170493e-01
2.786731406435360991e-01
2.791270610914318717e-01
2.801241578975501301e-01
2.788405257711747964e-01
2.794017891256563857e-01
2.795763960049597596e-01
2.781274415280811652e-01
2.788942954573820909e-01
2.794037838633646742e-01
2.789306068857253518e-01
2.797164682013893455e-01
2.800482725243658155e-01
2.794023562660086779e-01
2.800666495471270667e-01
2.800721128094196821e-01
2.789509899389521763e-01
2.801713067344446806e-01
2.792854702833855174e-01
2.792811023475367249e-01
2.805732091355092050e-01
2.792876233088459892e-01
2.789697541858693342e-01
2.791637863932052710e-01
2.788534766136540610e-01
2.792746687962084362e-01
2.790838718554266018e-01
2.799897294978304085e-01
2.811221363626956737e-01
2.796738590840713856e-01
2.793530173146203666e-01
2.788939566810134107e-01
2.784395623411092258e-01
2.792988838895905102e-01
2.795782629108650164e-01
2.789584083689116700e-01
2.789572916146917936e-01
2.793088429939671324e-01
2.793722698745401689e-01
2.792773979228420633e-01
2.793371860427891207e-01
2.787353419000122567e-01
2.786355184555713294e-01
2.789680967357934249e-01
2.795167604028327979e-01
2.794637128651120128e-01
2.805190850113649659e-01
2.792791071317081153e-01
2.794140565138559795e-01
2.782270513362862796e-01
2.795062409893073196e-01
2.799117383319749131e-01
2.790281319998270115e-01
2.785084350747111803e-01
2.788880643640881951e-01
2.790917808631282471e-01
2.802461802647234212e-01
2.800103133256734989e-01
2.796249724934216641e-01
2.797667552447537509e-01
2.797996623980596453e-01
2.790307937054570808e-01
