4.895214036813847480e-01
4.900264927759648836e-01
4.899800412340444278e-01
4.900868377748823779e-01
4.896993434082210772e-01
4.894807825516983013e-01
4.892647641893428379e-01
4.894795257732259541e-01
4.895966875930371498e-01
4.889483071667434788e-01
4.890932430314576251e-01
4.896016585168481705e-01
4.899741919592296435e-01
4.893453974466623890e-01
4.896364383453617464e-01
4.890791141477059956e-01
4.882891007502494496e-01
4.891349737886849236e-01
4.896315164967054434e-01
4.887338952715117868e-01
4.886131336191494867e-01
4.896203229360710507e-01
4.891166248843357156e-01
4.908451559563297706e-01
4.903822985085993791e-01
4.895736121710793642e-01
4.892348888110022442e-01
4.900428864503862947e-01
4.897546404566993639e-01
4.907427287129383364e-01
4.894487323462450301e-01
4.895564323327649126e-01
4.888865125617131713e-01
4.892384422107974307e-01
4.892634929299031765e-01
4.899567164786382545e-01
4.896121147205353963e-01
4.897900185794880068e-01
4.900496437988625109e-01
4.905470701236085973e-01
4.889383230380387468e-01
4.899284247085869404e-01
4.893399197198369244e-01
4.899666267968428857e-01
4.897218751145443472e-01
4.903358451116629491e-01
4.898259465328170803e-01
4.887588383478378984e-01
4.897497505462622414e-01
4.899057888077719691e-01
4.895696900992402290e-01
4.895221891325522989e-01
4.898012760461648574e-01
4.898058647120480114e-01
4.902312731727695994e-01
4.907952775677860147e-01
4.899158712256004300e-01
4.895788567153530613e-01
4.895999148705755810e-01
4.899969163763130409e-01
4.895144991229171683e-01
4.886074360236315473e-01
4.885904501731801464e-01
4.896281753502529366e-01
4.906651073955813347e-01
4.894549933402549402e-01
4.889272036400457710e-01
4.895385961908081396e-01
4.896190927083879374e-01
4.899695910040411384e-01
4.892326676341262059e-01
4.901711194330723442e-01
4.899373722789294172e-01
4.892540412207317946e-01
4.879031965243648683e-01
4.896463694044970172e-01
4.896441954488954251e-01
4.897751560611602328e-01
4.889150433747709856e-01
4.899937520773063326e-01
4.891596802808041433e-01
4.891685456872970628e-01
4.898060645106911970e-01
4.882543055127802623e-01
4.890722227712031578e-01
4.902376350114027725e-01
4.896227863787313561e-01
4.910154607164307627e-01
4.890578515965328665e-01
4.895295343374501673e-01
4.906539711079117572e-01
4.890537336686140435e-01
4.890061788269077225e-01
4.898312724767344140e-01
4.892984287838361146e-01
4.905088638630284437e-01
4.897268355817986363e-01
4.894135177245687029e-01
4.890746667769995670e-01
4.902199248174999857e-01
