3.889668889071896674e-01
3.888005228121838575e-01
3.890394243483553671e-01
3.889116200111425448e-01
3.890260569428652948e-01
3.890112302840921243e-01
3.892253531383002008e-01
3.893021500322876305e-01
3.901051988279964355e-01
3.882415134691316050e-01
3.899992552509795596e-01
3.889919252821095741e-01
3.891760050911976521e-01
3.901047578469071242e-01
3.891239872299340208e-01
3.894506041464904644e-01
3.900513469586683879e-01
3.903260492089433153e-01
3.892974503232442540e-01
3.881497159835146649e-01
3.897821954296543656e-01
3.904149988808471305e-01
3.891557918705382813e-01
3.897452300208790188e-01
3.898814724626101236e-01
3.897165415613511597e-01
3.899471587041234422e-01
3.889942913701022187e-01
3.887675333192024407e-01
3.884371413519639438e-01
3.901525892261703543e-01
3.895952318395069502e-01
3.894763197176342451e-01
3.894113268192855859e-01
3.880798570301615125e-01
3.897622339827865323e-01
3.892686500538602434e-01
3.897066144092457551e-01
3.897692553570101803e-01
3.894992026583588007e-01
3.908312156420596928e-01
3.901170205494065568e-01
3.889949881654303221e-01
3.889604630112060146e-01
3.887797956122661658e-01
3.884199401761543324e-01
3.899229400190097894e-01
3.892946446748474232e-01
3.905088197588583721e-01
3.892212534805675750e-01
3.890920931077448408e-01
3.902453160703055479e-01
3.900699114720050376e-01
3.900172560102667108e-01
3.903648628922831154e-01
3.897425826670638527e-01
3.890411400551673227e-01
3.901439088694125257e-01
3.899190097804240418e-01
3.897468692892207542e-01
3.898046935022212445e-01
3.892786827691375739e-01
3.893870926123653153e-01
3.883929293924996973e-01
3.898906880761818239e-01
3.891234594660023527e-01
3.902977792676319835e-01
3.892343518592602525e-01
3.893198333465203165e-01
3.894597746608364774e-01
3.892232120417608021e-01
3.894653481575715004e-01
3.886397889707442488e-01
3.893716761382712832e-01
3.891006719509298994e-01
3.882653503409015938e-01
3.878575555204418768e-01
3.894664866680169757e-01
3.911083429766615827e-01
3.896492288930208381e-01
3.902430654517919928e-01
3.892889979627470742e-01
3.898873527932111283e-01
3.899108792209404761e-01
3.907630782519652679e-01
3.883190541686851183e-01
3.896970125428632636e-01
3.890810903830692613e-01
3.896257187947516076e-01
3.892524499474367961e-01
3.896534080183470250e-01
3.900223600909247246e-01
3.889250772683725543e-01
3.897249684003838421e-01
3.903116917155698973e-01
3.900666655433931984e-01
3.898983325924327281e-01
3.898234564410884007e-01
3.899510984762564192e-01
3.903724385606055503e-01
