4.391898780569870597e-01
4.396090678698389986e-01
4.393739391039733766e-01
4.400580482814054895e-01
4.395158280981603105e-01
4.397250329258849399e-01
4.399635597235871387e-01
4.398363095237729503e-01
4.395293229182364869e-01
4.391573012984625324e-01
4.393896707819603398e-01
4.387939987732962233e-01
4.399482124360569735e-01
4.392329220224399089e-01
4.387109379413088317e-01
4.392282021320833008e-01
4.391199829096482099e-01
4.387410788521486360e-01
4.399425906566383215e-01
4.394909330469094488e-01
4.398402320749515981e-01
4.390544953362895964e-01
4.407946787235792474e-01
4.388729754249017234e-01
4.391863661743031777e-01
4.393222054516929820e-01
4.390576100586932595e-01
4.385754809803503740e-01
4.402119625333932307e-01
4.391112984179499357e-01
4.399406271422023895e-01
4.398686562910657516e-01
4.394813524744251021e-01
4.386526968820020356e-01
4.403558949957152580e-01
4.402456105322354318e-01
4.393840622895931469e-01
4.391380583714138419e-01
4.396937774557261314e-01
4.398170445157831288e-01
4.400579212805711404e-01
4.393076291260386013e-01
4.388488173719661822e-01
4.386760992235719248e-01
4.392338735815904949e-01
4.395558388277163719e-01
4.383904549042556553e-01
4.402643704228719201e-01
4.404780880053509318e-01
4.391727010390674701e-01
4.400540477452489219e-01
4.391004232247994743e-01
4.393691305209691533e-01
4.390024738835223150e-01
4.401097905462300619e-01
4.388110641437306114e-01
4.396899710721212662e-01
4.393142224426648257e-01
4.400329799183200774e-01
4.409572334212235045e-01
4.392811957010338553e-01
4.389980765241793259e-01
4.398876169113257184e-01
4.395686997094800375e-01
4.399555093140344320e-01
4.398531386749919836e-01
4.395153002452594770e-01
4.385547847948748634e-01
4.389641219359701751e-01
4.392577060915185960e-01
4.398165546698979411e-01
4.394814680681392582e-01
4.392969706860795354e-01
4.400151534619055060e-01
4.390793883752844851e-01
4.406440548438405047e-01
4.396670643113614885e-01
4.401416084661171624e-01
4.402616921575056574e-01
4.397069329204683630e-01
4.394215633023349499e-01
4.394083222106821007e-01
4.389977475251964911e-01
4.394094484162979763e-01
4.395182127555455898e-01
4.394612436634295349e-01
4.386800609506372739e-01
4.393013595875249200e-01
4.390865308232358433e-01
4.398854659504883857e-01
4.403954060439563278e-01
4.401725370681290883e-01
4.393698315733982618e-01
4.396524731426608157e-01
4.392618503987453238e-01
4.390058541512624757e-01
4.393774742414710555e-01
4.389521781642154452e-01
4.397300477268230035e-01
4.393266875837074092e-01
