3.141598295802949248e-01
3.146296714536586103e-01
3.152118452373888213e-01
3.149788303021865965e-01
3.152366025545779715e-01
3.150617880356835765e-01
3.147755351005230851e-01
3.148987016276429407e-01
3.150977514490952425e-01
3.147539339779834022e-01
3.169674507888586845e-01
3.150788970740898698e-01
3.159148202128024274e-01
3.146937101802874115e-01
3.152189777639839985e-01
3.156799481268687813e-01
3.161471997427572900e-01
3.161546789753272857e-01
3.143253173758286390e-01
3.152664245388603348e-01
3.158708365320264111e-01
3.151972950374530846e-01
3.158595875659001573e-01
3.164932747967543758e-01
3.151987719499018681e-01
3.161025872177458673e-01
3.149338688406451148e-01
3.163775070888091290e-01
3.155611984312898244e-01
3.156889307052610505e-01
3.145092107627102673e-01
3.149571564956773484e-01
3.150470005144239138e-01
3.149699221735546284e-01
3.153714381226425667e-01
3.154433128128171782e-01
3.167785519743950839e-01
3.155755463685162576e-01
3.158295988210271243e-01
3.152388580837349741e-01
3.152421307873917167e-01
3.155001198165515719e-01
3.150558601045894136e-01
3.152546403484529636e-01
3.161506726527653632e-01
3.159648637543578942e-01
3.155021190035131040e-01
3.150068263273326785e-01
3.149192151198521028e-01
3.154611126812046362e-01
3.158376554969429817e-01
3.142902684098051180e-01
3.151007716069708642e-01
3.154204287656689476e-01
3.154873436861781455e-01
3.153374004759593174e-01
3.149482010330079684e-01
3.150756958862793722e-01
3.148494444026269656e-01
3.150773532780611896e-01
3.159067492407471867e-01
3.152540355255665783e-01
3.149306380516397885e-01
3.146720382931613713e-01
3.155341756204664838e-01
3.153524516367665620e-01
3.156852872829468692e-01
3.155452898851014987e-01
3.154649212209539311e-01
3.152046618626108132e-01
3.154953442016049103e-01
3.159818780411046690e-01
3.155344768605828909e-01
3.156984996449223035e-01
3.153961905394987442e-01
3.151167127616777419e-01
3.157096478379238791e-01
3.157735879894319475e-01
3.142414567020956340e-01
3.162733162542195609e-01
3.155169688123674598e-01
3.160348048893164008e-01
3.158972259318888476e-01
3.157322050573810879e-01
3.151920859506142092e-01
3.152905834933152907e-01
3.150031121142788937e-01
3.164295934597219362e-01
3.155966154801687629e-01
3.154289568071363958e-01
3.144057058870423083e-01
3.160241983620857842e-01
3.145718131908897819e-01
3.150907463564928679e-01
3.149275565342260497e-01
3.150010105284803963e-01
3.160545385217422565e-01
3.152863244247292029e-01
3.156740338509014254e-01
3.151281723936309453e-01
