5.724936461378236086e-01
5.748354608022687717e-01
5.740035245258239271e-01
5.733182401348890789e-01
5.751303090950311558e-01
5.744044700485197996e-01
5.736939779221748026e-01
5.738143382748943644e-01
5.740192381178016445e-01
5.731052555213445032e-01
5.750920274872424187e-01
5.742202215914723462e-01
5.739298091639342125e-01
5.748473481067990498e-01
5.744404724886247315e-01
5.745279115422217142e-01
5.752423342305701404e-01
5.750944313505192973e-01
5.743564612428549987e-01
5.739366909450790422e-01
5.740873982903338391e-01
5.747269416009195275e-01
5.750144058912798339e-01
5.741892480172430258e-01
5.743562041882395164e-01
5.738882494202136586e-01
5.739197929649797469e-01
5.749193580932516756e-01
5.749401472333838248e-01
5.738304401618348205e-01
5.750951193479126866e-01
5.746614701619647825e-01
5.744621526093405262e-01
5.750308682304674512e-01
5.752308806101935623e-01
5.732766707532843675e-01
5.742244078454777911e-01
5.741833697790785784e-01
5.753317119318547279e-01
5.740963641442127230e-01
5.745605320975766261e-01
5.752123242516993251e-01
5.739190474288087263e-01
5.744950480289435779e-01
5.738780900120583617e-01
5.750779193676263112e-01
5.747038832581503609e-01
5.754405280576372350e-01
5.745791656435166317e-01
5.745698652030128972e-01
5.740188478914312054e-01
5.748126610748163223e-01
5.760914814701509901e-01
5.752158770367129526e-01
5.746876051441499600e-01
5.750539802858212202e-01
5.746324877931383579e-01
5.743522408877128616e-01
5.744877752484651712e-01
5.740114466399537374e-01
5.732019187810666327e-01
5.735255948931998748e-01
5.729772687980601020e-01
5.739216275787923927e-01
5.742666600726074044e-01
5.743767586014761894e-01
5.741521947669273596e-01
5.745900725454574642e-01
5.749782208481798440e-01
5.754974202787455084e-01
5.737893177182578075e-01
5.754706710133912217e-01
5.752617994844184679e-01
5.737187607480996876e-01
5.745742923277836756e-01
5.737398265946542786e-01
5.749418928407414864e-01
5.739461929031486331e-01
5.731266532191106045e-01
5.745004743263644187e-01
5.734294740709546812e-01
5.738634856382770488e-01
5.747029852242744319e-01
5.750562604162168245e-01
5.742914072818251503e-01
5.749395212907313368e-01
5.735055483585356217e-01
5.751975694267814632e-01
5.732041688796434276e-01
5.744828374662838133e-01
5.747203748553534330e-01
5.736741179618203290e-01
5.749900085494147328e-01
5.734286746419601233e-01
5.741582804007431262e-01
5.744104713351765312e-01
5.752317150535453116e-01
5.748815188549383226e-01
5.749014998923971387e-01
5.742527331728669582e-01
