1.467687705028019041e-01
1.480809141175547239e-01
1.477223748728116459e-01
1.477850140758439346e-01
1.475010418863281769e-01
1.475180991960499122e-01
1.476979222488420951e-01
1.470946383741137953e-01
1.480825939666341462e-01
1.480670732805383083e-01
1.489855565563085182e-01
1.487837515669350186e-01
1.472521061734751169e-01
1.476795871699232987e-01
1.469661202762058694e-01
1.480040664573453457e-01
1.475735514881226507e-01
1.486574945233561929e-01
1.482684716922488266e-01
1.470651996814827389e-01
1.487095601070280992e-01
1.477882205733285215e-01
1.478523356033040748e-01
1.482059204333515123e-01
1.479094901969249531e-01
1.476866198123375218e-01
1.478184420198803695e-01
1.486036811872830932e-01
1.469926391241785923e-01
1.480420615488205471e-01
1.478527325704744322e-01
1.471596284630474483e-01
1.486828163548875592e-01
1.489342019976018228e-01
1.482345440186094709e-01
1.470580913167642834e-01
1.484953188937175317e-01
1.480453355878468269e-01
1.486503709530049289e-01
1.485391617355377170e-01
1.474658359156854059e-01
1.473816900056619528e-01
1.481554905214525208e-01
1.474512782581942072e-01
1.488457822587440638e-01
1.479998719804523633e-01
1.475401618546250126e-01
1.477012733720544646e-01
1.499823370789908628e-01
1.468552929754131098e-01
1.490485768931418542e-01
1.480857358595892570e-01
1.484269294323329325e-01
1.477362720287319076e-01
1.486011106529625536e-01
1.478508718334064775e-01
1.481974115446189066e-01
1.480814409150569833e-01
1.482287385727128481e-01
1.486111347781322589e-01
1.481553264560265815e-01
1.483072682585834245e-01
1.472951392141574611e-01
1.478677107740277719e-01
1.476363989181309622e-01
1.481712696566834242e-01
1.477566966370728596e-01
1.479785765730488867e-01
1.479557103632405668e-01
1.480729197596038216e-01
1.479863047369565643e-01
1.477373196712875314e-01
1.483525387845356924e-01
1.478046409164414376e-01
1.476266038764948441e-01
1.473074443334043138e-01
1.484625115311853927e-01
1.481361108210624833e-01
1.483025011802851234e-01
1.492422123523234889e-01
1.482191712155937480e-01
1.477763013914733525e-01
1.475362438724007186e-01
1.478564544619098697e-01
1.477812805613494818e-01
1.478350453524542307e-01
1.475133932377894475e-01
1.476386645858043800e-01
1.482583661682571330e-01
1.484752840558503095e-01
1.479341522712567247e-01
1.474987147231653917e-01
1.475879313288387951e-01
1.479335168745966045e-01
1.480130817139150845e-01
1.474446331417187950e-01
1.486906409982040878e-01
1.477312390920544893e-01
1.473478399626075575e-01
1.473835256515806935e-01
