3.980568326359136544e-02
4.213292756951235452e-02
4.124745354574819306e-02
4.061734080410637354e-02
4.203416643626165655e-02
4.121123269488281837e-02
4.149797613187056894e-02
4.115991263868652023e-02
4.065734133025021568e-02
4.080218763209100818e-02
4.189864466559830442e-02
4.083938056928916593e-02
4.065797256662423420e-02
4.152751653651044067e-02
4.104428662679243667e-02
4.092001817790390239e-02
4.042437868644483540e-02
4.069858024389819140e-02
4.028692066567068908e-02
4.162298228772080833e-02
4.113362111468421567e-02
4.205599775786467154e-02
4.184235774624306403e-02
4.088210727389143817e-02
4.093130800032877825e-02
4.130680262692286442e-02
4.166465427095591978e-02
4.041127549239370564e-02
4.074935831235822897e-02
4.152203741419063093e-02
4.150192180659066643e-02
4.061752377162509975e-02
4.178791550514147912e-02
3.996175283633271458e-02
4.111670407307636138e-02
4.079777838073395807e-02
4.118198484691340533e-02
4.099251667591317233e-02
4.154523335387295957e-02
4.103668633483943673e-02
4.077333588353395516e-02
4.044965464631841701e-02
4.073681521266102334e-02
4.020537804718710140e-02
4.111528433333119098e-02
4.164634639670736216e-02
4.070385899379555528e-02
4.069728109146515671e-02
4.065129812429428557e-02
4.176053299681860287e-02
4.194301718054970624e-02
4.137177120803198216e-02
4.137918847021621049e-02
4.089567745438154461e-02
3.977925536091924535e-02
3.999939486440952374e-02
4.258973212936001396e-02
4.010789465151071154e-02
4.110354754064925176e-02
4.204124568741178514e-02
4.154904975026457725e-02
4.089348424465074489e-02
4.055795487013566514e-02
4.103116233399506374e-02
4.108419773585457457e-02
4.094272097590265225e-02
4.144494347681101920e-02
4.103180324394976874e-02
4.154150299238958816e-02
4.080270592848694866e-02
4.099733157631586800e-02
4.096259609117494649e-02
4.148447283349494807e-02
4.217384365576611754e-02
4.113914444495243156e-02
4.210655240635137464e-02
4.137772504684384539e-02
4.174409607368977093e-02
4.137712162833702412e-02
4.072276622221247117e-02
4.111549172294828858e-02
4.064817467457983169e-02
4.025734804120762594e-02
4.124658164012066225e-02
4.170470726767001868e-02
4.175400747448815286e-02
4.123670779505397843e-02
4.022935834546149947e-02
4.007995223814198038e-02
4.080743644264514525e-02
4.065189236723069921e-02
4.014443746832840887e-02
4.046691705710168258e-02
4.056958540056339324e-02
4.091077947424546363e-02
4.031965064034320756e-02
4.083151748640446999e-02
4.128069221729921412e-02
4.169244925874292240e-02
4.044811543728055181e-02
