4.390094782282470409e-01
4.408840556448726522e-01
4.403358213861136017e-01
4.397372985086628328e-01
4.403137348896424275e-01
4.409467265160665894e-01
4.407550483634056215e-01
4.392024467121093956e-01
4.410807248195973695e-01
4.397181482302957578e-01
4.413455256529274506e-01
4.412036568194975805e-01
4.402766649412560018e-01
4.411433685661313442e-01
4.398065941488229491e-01
4.396620743973054246e-01
4.393288750770203421e-01
4.399728922579759782e-01
4.406635922587495147e-01
4.401754994130926413e-01
4.411658367887025811e-01
4.404320524529980463e-01
4.402117009849040863e-01
4.397052301997380064e-01
4.398592310733391297e-01
4.405421710382671496e-01
4.401990208062589449e-01
4.392249223679054460e-01
4.402355079752753308e-01
4.406186062978532658e-01
4.411365548728160002e-01
4.415008831916048537e-01
4.406333311135267605e-01
4.399229865776700943e-01
4.402106156765203671e-01
4.406064471012611783e-01
4.402029180630836480e-01
4.401044828587807878e-01
4.405577329080795912e-01
4.402360316533608930e-01
4.403505173957714125e-01
4.413028338702167375e-01
4.397070674307403393e-01
4.408084450463625181e-01
4.411329478453696051e-01
4.406742594542961688e-01
4.409923879657403623e-01
4.405722973728903868e-01
4.417714198533363446e-01
4.406409425821201653e-01
4.407951390391420254e-01
4.405929096436703718e-01
4.400156652048280437e-01
4.407001314549066628e-01
4.409747985370761070e-01
4.406900974568717655e-01
4.408313401606044346e-01
4.402342759816045836e-01
4.395855004847709635e-01
4.409798966234361739e-01
4.402594994648091342e-01
4.411165324878030258e-01
4.401404385597377233e-01
4.423774378170447497e-01
4.408004179676029977e-01
4.401974100445705251e-01
4.401863234637685696e-01
4.407159825008096221e-01
4.405999992236206975e-01
4.413122040466629370e-01
4.402814464539656081e-01
4.407986090893548647e-01
4.410902222812055351e-01
4.405020504374737023e-01
4.407540243499853405e-01
4.398521031211539145e-01
4.403717895102719493e-01
4.401400642418064613e-01
4.405958102876244009e-01
4.404653973797272859e-01
4.397757033677257565e-01
4.407427447024212519e-01
4.396341935016915836e-01
4.403063208826384356e-01
4.402724552337508035e-01
4.410556296400625076e-01
4.411240560080165185e-01
4.400599548043525044e-01
4.411724683007280379e-01
4.405052289274263289e-01
4.408827109472014949e-01
4.402961175487653533e-01
4.400874770651749257e-01
4.408235051197259002e-01
4.413359465265516701e-01
4.417865045370530375e-01
4.414389435641871140e-01
4.396185209969533103e-01
4.402206700927575600e-01
4.405111354325237372e-01
