1.731862815825726543e-01
1.727904751324997323e-01
1.742313050386270490e-01
1.744763776606345074e-01
1.738889457484016632e-01
1.743771086755482591e-01
1.747273881428805242e-01
1.733426944772758493e-01
1.745329205705155318e-01
1.742564679576754372e-01
1.748159155025402756e-01
1.744760997940273395e-01
1.730302070459447394e-01
1.736750175688803743e-01
1.733379366979456715e-01
1.748408787069351544e-01
1.736289135592135324e-01
1.747975568234663157e-01
1.730960366191343081e-01
1.742958556158787364e-01
1.743036557728159242e-01
1.740534523146758383e-01
1.744865773859600178e-01
1.742093297816765807e-01
1.732765619718407424e-01
1.737251954854438507e-01
1.751540364642405201e-01
1.737640898297974912e-01
1.738230411363092531e-01
1.740519354467395807e-01
1.733235652559644568e-01
1.742236845116956478e-01
1.736188398579986969e-01
1.748252650990832491e-01
1.733977792107774252e-01
1.750341437373545694e-01
1.732596550374800870e-01
1.737922720116729380e-01
1.740192130985274976e-01
1.739603532763457083e-01
1.751509576652245659e-01
1.733637653887853958e-01
1.742311433293642076e-01
1.734788826599943934e-01
1.734008485547008926e-01
1.744568029639152473e-01
1.744364296457570351e-01
1.746356064536980779e-01
1.738146817487194740e-01
1.753817141957384751e-01
1.740116504491953375e-01
1.746761134685632932e-01
1.740284899429249688e-01
1.744415364699639648e-01
1.746941874374451642e-01
1.733415455230971347e-01
1.748135499676121418e-01
1.737652205501727387e-01
1.745202406466129785e-01
1.743731854344864607e-01
1.746505249431301032e-01
1.738366950479268702e-01
1.736849930606750858e-01
1.752098615970512641e-01
1.744459160018865806e-01
1.738220739367730139e-01
1.736667691936814029e-01
1.740139498649638516e-01
1.750114073420781236e-01
1.741522122383130922e-01
1.745133675618955049e-01
1.742034342884093978e-01
1.736310726408778482e-01
1.744526864696356039e-01
1.739906288304010062e-01
1.737500500925923119e-01
1.744102668795345923e-01
1.734331735960789600e-01
1.738306637345341521e-01
1.747734274849532532e-01
1.748217848554631249e-01
1.730826331105294602e-01
1.737363546655573132e-01
1.735494812546301002e-01
1.732305046644815882e-01
1.739591759866067344e-01
1.738884351906572756e-01
1.735575729378003584e-01
1.738261787809582681e-01
1.748549107138916425e-01
1.742803112560808165e-01
1.748356046097921945e-01
1.743535484940992031e-01
1.735203800424410248e-01
1.740791897638438723e-01
1.732617661194429948e-01
1.738414810572442015e-01
1.738978183872085526e-01
1.741019793789255476e-01
1.741415703681713778e-01
