8.932103855161575012e-01
8.935454717188593410e-01
8.920334030736128961e-01
8.945311989469553193e-01
8.939816214690763374e-01
8.932008265376272238e-01
8.932541750558742333e-01
8.920610789777053684e-01
8.934928083989039926e-01
8.936319554755969286e-01
8.929960581016029852e-01
8.928084947997531051e-01
8.926390096867797830e-01
8.941566507039595546e-01
8.932169310878576018e-01
8.934170473520263167e-01
8.928853124062301472e-01
8.937658898444551525e-01
8.933528152571490466e-01
8.922626694060999952e-01
8.938214633201941872e-01
8.936834913274602776e-01
8.922458009572142856e-01
8.940788450207746152e-01
8.931435151242937964e-01
8.927070375464911667e-01
8.927538068508127367e-01
8.935625776356970196e-01
8.935605397552113249e-01
8.935649152333670076e-01
8.930193107728527924e-01
8.946794341551488339e-01
8.934891153541451025e-01
8.932807118215249087e-01
8.930104176914472891e-01
8.947394819260866550e-01
8.931159173969553944e-01
8.924425341923691857e-01
8.942735679514366431e-01
8.930090474779525112e-01
8.929880793100721803e-01
8.925443326457376259e-01
8.935629526051656057e-01
8.929194647033491528e-01
8.936528417458442508e-01
8.938197836513466221e-01
8.927181730434705642e-01
8.946014415401862818e-01
8.934885008577992949e-01
8.937814483335804194e-01
8.927739317086941240e-01
8.940658410562158931e-01
8.932071406329500363e-01
8.929206278346021319e-01
8.926420858031166583e-01
8.922875786459215641e-01
8.922609409037142170e-01
8.927762440831149560e-01
8.936403153072646210e-01
8.942636199910902750e-01
8.929439694437515396e-01
8.939353011371693469e-01
8.934388562228186004e-01
8.939036603922042579e-01
8.929520945951976429e-01
8.927368925498744279e-01
8.924898310141835545e-01
8.928286344069729097e-01
8.918442421234201722e-01
8.931556834394932531e-01
8.938199589835211789e-01
8.936153957910027978e-01
8.938080627091851138e-01
8.930703616536561640e-01
8.932541652384282660e-01
8.939930253958668915e-01
8.943627845542353461e-01
8.928484475102851370e-01
8.932343933561386340e-01
8.928574080312520200e-01
8.937103105669335079e-01
8.933605115527263330e-01
8.930951229617751785e-01
8.929370678202175338e-01
8.923444251789092174e-01
8.925686720468859470e-01
8.925417439672007625e-01
8.921477885878191794e-01
8.920961400160940524e-01
8.913602283463915033e-01
8.928982896194895824e-01
8.923960073388500502e-01
8.937179772820678103e-01
8.934050447348200752e-01
8.924427171844380169e-01
8.927942323112827427e-01
8.923025006471331233e-01
8.930602970607788293e-01
8.928682856251783928e-01
8.929160016878721073e-01
