7.561406521729003849e-01
7.572155058307662445e-01
7.575374855988652456e-01
7.574867544581043166e-01
7.576376753287721311e-01
7.570331015814962816e-01
7.572322429948630251e-01
7.585013716175500464e-01
7.563658002700290872e-01
7.572618740047867281e-01
7.583240409376041935e-01
7.558258745447057336e-01
7.572475960836970721e-01
7.576687822297785146e-01
7.570379934669284605e-01
7.579429159986911246e-01
7.568438509451533847e-01
7.587001483097171040e-01
7.572889588522707660e-01
7.581365302199485345e-01
7.574979153364076456e-01
7.578008022831332902e-01
7.570106079532326060e-01
7.573603367440617795e-01
7.575166960127073246e-01
7.571900628148029444e-01
7.571270761722193043e-01
7.579055510959646913e-01
7.579177805580838978e-01
7.573519225429812263e-01
7.581463329482120983e-01
7.574454800253721531e-01
7.575883684933374385e-01
7.570229366390118786e-01
7.577921347092009263e-01
7.579348539814543262e-01
7.585617258388943629e-01
7.572158829471897779e-01
7.574824041884486991e-01
7.577588098179377507e-01
7.572012047234768506e-01
7.580535965960619738e-01
7.572872662528113974e-01
7.572291818358526383e-01
7.575418095299291110e-01
7.583956330746537411e-01
7.582627502843766187e-01
7.577404037202675191e-01
7.574206402106611336e-01
7.555719559668964136e-01
7.569373106148092889e-01
7.580900989972882975e-01
7.573948890707369319e-01
7.565663439358868425e-01
7.566726044099858495e-01
7.584275938244815496e-01
7.576475681521759320e-01
7.576521855967828234e-01
7.578069742573841916e-01
7.576690270696422314e-01
7.572091842654453675e-01
7.577568183032377114e-01
7.567240213430641571e-01
7.582048486448311753e-01
7.581002524201130299e-01
7.572023335314627124e-01
7.571755017366247342e-01
7.577029197918480063e-01
7.577723053200338121e-01
7.576131184656647033e-01
7.569446287744235891e-01
7.555664303671768556e-01
7.574702071518435442e-01
7.588453818395943795e-01
7.559347206643999284e-01
7.564410005134378778e-01
7.568132326953005418e-01
7.572974757881478780e-01
7.568624183923287063e-01
7.568476883019675805e-01
7.569809170384345087e-01
7.575587500054894452e-01
7.573145686262646725e-01
7.582309133548754687e-01
7.570220677614265536e-01
7.580034264452767401e-01
7.569486812561272426e-01
7.579431121051833919e-01
7.570776910179761732e-01
7.572929117363642604e-01
7.577081451854728034e-01
7.566249115125418534e-01
7.573090053945994438e-01
7.574305374120848811e-01
7.564846674217952094e-01
7.577492288431653122e-01
7.572302113404667523e-01
7.574591854529650892e-01
7.577961509690325226e-01
7.584695516061064069e-01
