9.272418562809702225e-01
9.281242322340669260e-01
9.271631312927264279e-01
9.267143527292098781e-01
9.274735124379303031e-01
9.288921419111104694e-01
9.279371729964297488e-01
9.279836356247210816e-01
9.278916575353941543e-01
9.276724089782597549e-01
9.267574559101092735e-01
9.276685044742278841e-01
9.266893691395423627e-01
9.278214745583549528e-01
9.278581316022118664e-01
9.279754938168307543e-01
9.268647372907142801e-01
9.284393206257548492e-01
9.275948750576546997e-01
9.269146844042113198e-01
9.272845118547794474e-01
9.276114931255898810e-01
9.274316434413932830e-01
9.275327494962237740e-01
9.280974135116352164e-01
9.261007143578003920e-01
9.275204522363630355e-01
9.275906934656930058e-01
9.263027196940571972e-01
9.281725185380218512e-01
9.279504950039139111e-01
9.265343813828362807e-01
9.284393589791171131e-01
9.280401672596920726e-01
9.271275328688315387e-01
9.278493247364730800e-01
9.266366823397815811e-01
9.268489859070773162e-01
9.274889988092779314e-01
9.278470198577541961e-01
9.278013143026191401e-01
9.271626879560208589e-01
9.277813534302989940e-01
9.283190855051103307e-01
9.273920362646286275e-01
9.275541939347361486e-01
9.275297234644450661e-01
9.270790921087728176e-01
9.270626110681784438e-01
9.282643856786826353e-01
9.279630898303277142e-01
9.266760592689562426e-01
9.266153354871067283e-01
9.273672145819722434e-01
9.282711499178583070e-01
9.286231054983130617e-01
9.263435365733923010e-01
9.278629401687125133e-01
9.268748158191303377e-01
9.279909956311285235e-01
9.278459151117779413e-01
9.270382299279006366e-01
9.274565818919680016e-01
9.266242845817123097e-01
9.269850655839295683e-01
9.272261582014460490e-01
9.279446063494171115e-01
9.267261436019775811e-01
9.278442300447835578e-01
9.274617596096983441e-01
9.275058669471374362e-01
9.270551073172577095e-01
9.271718414206628900e-01
9.279388142455569088e-01
9.273063206518801227e-01
9.276569981181279623e-01
9.271417775243463444e-01
9.270706319898702752e-01
9.271295255618705600e-01
9.275757657513239440e-01
9.277449217499618150e-01
9.285046515061459171e-01
9.272336435061965254e-01
9.274194501602923690e-01
9.269396191161869414e-01
9.273525070248633817e-01
9.273443407925585635e-01
9.274825138223607990e-01
9.282295331039875919e-01
9.289603430579841392e-01
9.282331359732955978e-01
9.269045101293871269e-01
9.271716846949127344e-01
9.273281402868613910e-01
9.272773822411517486e-01
9.272910021323359508e-01
9.275085297264580309e-01
9.275149493439198700e-01
9.267836963421831609e-01
9.275100131612741272e-01
