7.073275249776187490e-01
7.078511551643160704e-01
7.087010813805139087e-01
7.072174890728525343e-01
7.079281114801438957e-01
7.081298608106445513e-01
7.090016797956755212e-01
7.074525354872648331e-01
7.086364416580718251e-01
7.086818172965837492e-01
7.076111290810050969e-01
7.092510263149041094e-01
7.075218602674787638e-01
7.082105459695087202e-01
7.085268805405002812e-01
7.096844411807009534e-01
7.086922025275809167e-01
7.087475662837126045e-01
7.095615805757895522e-01
7.091068382962323335e-01
7.084311886961905946e-01
7.085480298632234053e-01
7.088179001245737965e-01
7.091859622181189149e-01
7.090686699704457086e-01
7.084148297547006035e-01
7.083639779159769390e-01
7.075563136124519703e-01
7.093832710321761326e-01
7.074822812950689599e-01
7.086898889872854657e-01
7.089340086906800176e-01
7.072023565101045461e-01
7.089125859064325796e-01
7.088012689651261855e-01
7.092163235086574868e-01
7.078575022134747652e-01
7.086326152267051759e-01
7.085353670716432184e-01
7.086921600688661504e-01
7.085706403529292707e-01
7.104291608330526309e-01
7.089895812315119006e-01
7.084206434152394705e-01
7.079890165425124504e-01
7.085482179435040884e-01
7.076477421093980702e-01
7.081469195478443668e-01
7.086006846622026067e-01
7.084470110772845830e-01
7.081219260342952460e-01
7.082943528465242000e-01
7.074178667297176260e-01
7.082862387427852902e-01
7.071093707269443529e-01
7.080726496932125968e-01
7.078011950671281305e-01
7.087059704335942900e-01
7.094101433983640570e-01
7.095112197625856876e-01
7.071569712199570201e-01
7.082548657865961328e-01
7.085776111230026597e-01
7.090018257935091217e-01
7.078738862455508096e-01
7.084982960495005422e-01
7.091847866668792300e-01
7.085788223324390733e-01
7.091145109690975001e-01
7.078578061309629410e-01
7.086710579375570251e-01
7.089994799188201746e-01
7.093612349621933877e-01
7.093176168522794534e-01
7.081025669971539038e-01
7.085998949817357007e-01
7.085808589606638064e-01
7.096561789230465545e-01
7.077107057720508632e-01
7.085966026190132494e-01
7.087759828787802974e-01
7.092701749258777388e-01
7.094651684515579371e-01
7.076512856680199359e-01
7.094759716527619942e-01
7.087124825686683671e-01
7.092420990883581133e-01
7.080384013803893151e-01
7.093068325058677903e-01
7.078849168668732705e-01
7.095550324152495314e-01
7.087609301022081976e-01
7.079354526108880830e-01
7.077193716572567350e-01
7.084823216616693564e-01
7.082094090176540568e-01
7.081928537608064289e-01
7.074733659946182973e-01
7.082249445455854886e-01
7.085872541750509734e-01
