5.458062489091262126e-01
5.458655466086015373e-01
5.473768082201939666e-01
5.469820580589834780e-01
5.458723990849212448e-01
5.462458143909509900e-01
5.469595322860272280e-01
5.457274285504496447e-01
5.476456733729335724e-01
5.459928989400189003e-01
5.457253720213534054e-01
5.469949187121487810e-01
5.461112438538140434e-01
5.457624054234866406e-01
5.468415736969809426e-01
5.457277250691501269e-01
5.478691137798771260e-01
5.459163663480236517e-01
5.459724537697338009e-01
5.476405343033274864e-01
5.466975360530996753e-01
5.463263393356423414e-01
5.458478858724529204e-01
5.472677337857866364e-01
5.457201195432472840e-01
5.469023851967975691e-01
5.460243057388628474e-01
5.477582593588725679e-01
5.471809180047468857e-01
5.474552610664231711e-01
5.473621893847562259e-01
5.464821837633229151e-01
5.452787457025370932e-01
5.473763677364338331e-01
5.458416800716734407e-01
5.466596216912686934e-01
5.466909928272170038e-01
5.462390589447025935e-01
5.472170492435860512e-01
5.461129306928349525e-01
5.457235675643117290e-01
5.464494672714128587e-01
5.465107671256931310e-01
5.475777437855595675e-01
5.474932676283755795e-01
5.461088869112904476e-01
5.460130515298657894e-01
5.474217013815605437e-01
5.471392193095900858e-01
5.466180472818973346e-01
5.478104173761051410e-01
5.470225645729418495e-01
5.468349642255876386e-01
5.467593774603320966e-01
5.451464794053985097e-01
5.474846080727320263e-01
5.460656565893454717e-01
5.470469752228486193e-01
5.460176894480675003e-01
5.463909166481624169e-01
5.461480453395584078e-01
5.469018177528512936e-01
5.463109065544737852e-01
5.459611036380782600e-01
5.455491604305520159e-01
5.455696467417872064e-01
5.458517000889582249e-01
5.465228689846945986e-01
5.466220841985647283e-01
5.464650854713822836e-01
5.469276627048563766e-01
5.465524771040162211e-01
5.466414951478724138e-01
5.471814122090157273e-01
5.466972452781937442e-01
5.481761066670411964e-01
5.469825302279092138e-01
5.470042421297519608e-01
5.468756343044763879e-01
5.472389673752231509e-01
5.463499526456533362e-01
5.471731743741561349e-01
5.462271155385247656e-01
5.474154155716886017e-01
5.478364250062581764e-01
5.467859113222026668e-01
5.475305156766356873e-01
5.473241931148449257e-01
5.466042975461654629e-01
5.452147548418020406e-01
5.470854378584228961e-01
5.476940382376208616e-01
5.476766353679105581e-01
5.448162683257593564e-01
5.463633266569047908e-01
5.465953280830861960e-01
5.463323797783010694e-01
5.469192343690194580e-01
5.475059318808459530e-01
5.474586423068499297e-01
