2.757600152523609349e-01
2.763715160339683119e-01
2.765800761990636070e-01
2.767973757326800399e-01
2.763119197256400650e-01
2.766603389110978140e-01
2.757854737929416600e-01
2.756831035080281600e-01
2.754925905795841956e-01
2.762908516215715204e-01
2.758019249839488429e-01
2.770085400240795970e-01
2.769299665782034015e-01
2.774025223716173327e-01
2.758308168691310236e-01
2.774096427873998238e-01
2.768844284676662548e-01
2.771107616541740870e-01
2.758210505892052522e-01
2.758406567791126252e-01
2.757806532024645874e-01
2.766907462618889424e-01
2.757076909556308575e-01
2.751503807381083799e-01
2.758394625011767465e-01
2.769355369827227187e-01
2.756311886950502110e-01
2.769690049850451197e-01
2.764558560164570022e-01
2.762086827212498208e-01
2.758334917300615530e-01
2.750599679705769685e-01
2.760392609799561248e-01
2.762819847607731472e-01
2.768424168263915464e-01
2.763512738390239698e-01
2.767817752625063021e-01
2.757052908682782189e-01
2.759740092439681436e-01
2.753951451284005203e-01
2.770336232796829501e-01
2.749910060247278132e-01
2.772366701680374357e-01
2.751654907406875239e-01
2.744085515605092507e-01
2.764955548703708632e-01
2.771163775511614746e-01
2.763012513183192853e-01
2.765550710740998230e-01
2.762598329751044246e-01
2.763304559197167776e-01
2.770280377892070378e-01
2.767791923868005988e-01
2.761567765862262269e-01
2.762517429619635867e-01
2.763894170088439517e-01
2.754035827694535921e-01
2.765929280026813153e-01
2.769532506626627977e-01
2.770806238552944722e-01
2.765655804100240478e-01
2.763077844838269237e-01
2.753996696670181210e-01
2.765604250536414788e-01
2.766147430319466638e-01
2.767967873920195720e-01
2.754723350332932141e-01
2.760778544525906986e-01
2.761349731389267093e-01
2.766816786697481323e-01
2.769932397946099911e-01
2.767326896249158730e-01
2.759151652781048902e-01
2.766955878483394193e-01
2.753242796784560187e-01
2.764315445908664404e-01
2.763940056450084337e-01
2.757022199257433415e-01
2.763684844446289146e-01
2.769902816340892859e-01
2.761821256532595581e-01
2.758463792585076346e-01
2.768191296810818547e-01
2.753907472168928283e-01
2.762606150454703369e-01
2.759763026710962408e-01
2.765238071161798539e-01
2.766560251108303170e-01
2.761634964660404368e-01
2.770973377120697911e-01
2.762410722269175722e-01
2.765197283262046946e-01
2.759029945415419349e-01
2.760172288955363706e-01
2.767622623909563040e-01
2.775314222928998986e-01
2.753386952973974622e-01
2.751458127024938305e-01
2.760416985529932088e-01
2.769122776435967714e-01
