8.251854751754887918e-01
8.271148241016919034e-01
8.260151447296262273e-01
8.263551364109706920e-01
8.264311305222384885e-01
8.260875573546275774e-01
8.268346208678218900e-01
8.272832146182653723e-01
8.260391946408847108e-01
8.255753860525140153e-01
8.254338261316540581e-01
8.259583080178369840e-01
8.260247285216493207e-01
8.266923882629799714e-01
8.268621298311904511e-01
8.254475147747796226e-01
8.268359932700091175e-01
8.265030764015057763e-01
8.256466647232778566e-01
8.259641315171162290e-01
8.268750373613944493e-01
8.251365978746861840e-01
8.268491304185553448e-01
8.261231349454560835e-01
8.262467319376963770e-01
8.261285348875448964e-01
8.260371094229960187e-01
8.261797493513796109e-01
8.247983228153343838e-01
8.267890657604850535e-01
8.261526295034525846e-01
8.264312373724489458e-01
8.267480379086646902e-01
8.258023859274683520e-01
8.261001150695830297e-01
8.261088122255695332e-01
8.262116206370745397e-01
8.267429909254071507e-01
8.269790902821992917e-01
8.256160382207355930e-01
8.259128315623206484e-01
8.255927992125755566e-01
8.264972588380979923e-01
8.257505911102049900e-01
8.250824590217832322e-01
8.260730631187407358e-01
8.262787161382350032e-01
8.257062775388595011e-01
8.266395481885611130e-01
8.262738668718450086e-01
8.261404081923373610e-01
8.261420895330910952e-01
8.268546093434444577e-01
8.261485699251946979e-01
8.267589760911109309e-01
8.261763003528093119e-01
8.266270730757463436e-01
8.265308578154029195e-01
8.246776544480736160e-01
8.250212891338194465e-01
8.256546506454577328e-01
8.260378854164813767e-01
8.260284066496118571e-01
8.260500354978631554e-01
8.265744308900105919e-01
8.272793538032974237e-01
8.252331865618405260e-01
8.266546350081604988e-01
8.272032848012070838e-01
8.264361909776671844e-01
8.260728086890336552e-01
8.265803210955976477e-01
8.273099423896266291e-01
8.251416851104667050e-01
8.260637181343528646e-01
8.259309169265137696e-01
8.257828293227729155e-01
8.265129037608287543e-01
8.257882156451558098e-01
8.264903795153910604e-01
8.269442717952510957e-01
8.264169538191441511e-01
8.268981483615041039e-01
8.270566224356096230e-01
8.268572884698037750e-01
8.265200224029545240e-01
8.262015684428409834e-01
8.258880870184623912e-01
8.265151621561261930e-01
8.261979540755757245e-01
8.267662073207058260e-01
8.282658006552168217e-01
8.265011384101500491e-01
8.263293096457241527e-01
8.261822688780294799e-01
8.262169904450362701e-01
8.250008464168251399e-01
8.268744277492907635e-01
8.248196417432099858e-01
8.251072010520585920e-01
