1.102072749110927508e-01
1.103723109527417479e-01
1.110623114708370884e-01
1.122652153203379521e-01
1.119113239906386614e-01
1.109639204489916570e-01
1.107579980900100930e-01
1.115004056403020027e-01
1.118413786488906964e-01
1.115193046284824463e-01
1.112250045618631139e-01
1.116887224995822547e-01
1.115518756068376582e-01
1.120295112371028357e-01
1.117625674829917093e-01
1.114773902565154157e-01
1.117173040888765484e-01
1.107220215206744657e-01
1.104892641062352326e-01
1.110348310293405860e-01
1.102225789241681464e-01
1.108337272408037588e-01
1.109443906463922769e-01
1.119403367451488607e-01
1.103423769918669139e-01
1.113134862438134171e-01
1.122507282205757739e-01
1.124930763982382731e-01
1.104180881789444402e-01
1.105539532930152058e-01
1.117587746849718067e-01
1.121075860639126620e-01
1.109145193821237246e-01
1.114654793586547649e-01
1.118871679304308669e-01
1.124044481702859283e-01
1.113116704001044510e-01
1.116084144480838647e-01
1.121346051117398379e-01
1.111410093059628790e-01
1.118268384920156483e-01
1.112344229164592413e-01
1.121814445709767849e-01
1.111101478336463666e-01
1.113225862015709833e-01
1.112978521116616826e-01
1.106385831831031702e-01
1.104062392250742819e-01
1.115767901581879717e-01
1.113131797073515505e-01
1.119382572809425047e-01
1.108967978221358786e-01
1.113162179254465478e-01
1.116032843803728414e-01
1.099356581127195476e-01
1.112627102314105720e-01
1.107162155606637999e-01
1.115017717853822588e-01
1.107278372955344259e-01
1.105756790073459672e-01
1.110947329013538820e-01
1.104870697546250224e-01
1.106336681351201834e-01
1.111752474076124764e-01
1.103118893176931459e-01
1.116909257456393245e-01
1.110727833017879362e-01
1.103534379564299339e-01
1.113679709872203855e-01
1.117492448220541862e-01
1.107479626867554079e-01
1.109895495387855785e-01
1.117683459835021320e-01
1.114204623501868774e-01
1.125078265223080770e-01
1.116491144071669744e-01
1.109579995506995431e-01
1.106561656331061516e-01
1.110992381266584367e-01
1.113994916781140682e-01
1.116465908775795546e-01
1.106334546746333414e-01
1.103979461859056627e-01
1.102810836005477385e-01
1.118811444386254988e-01
1.098882953466744916e-01
1.103851817460605594e-01
1.110596654100425018e-01
1.114473370744774317e-01
1.102944608710892116e-01
1.091434855116604624e-01
1.105631268552211832e-01
1.108139641074787352e-01
1.109654089815510503e-01
1.109545261497522084e-01
1.107033555737902270e-01
1.109838790746516257e-01
1.110096453856635329e-01
1.114323922665196726e-01
1.111573339964955220e-01
