7.927042351598605485e-01
7.935128382692556714e-01
7.937404509182953705e-01
7.946791738652951853e-01
7.937102445466901468e-01
7.930012439995834939e-01
7.932767025087259505e-01
7.930592623711727462e-01
7.933552961165509787e-01
7.939665118319652048e-01
7.927443930502758862e-01
7.931020617383074400e-01
7.936227045969037608e-01
7.928076901912224361e-01
7.942119004836415419e-01
7.929487055911166316e-01
7.939684357859210229e-01
7.933206066136661017e-01
7.930687812780687906e-01
7.931870235051635687e-01
7.930591740837966697e-01
7.919175151929573886e-01
7.929253382853225229e-01
7.935562275702090496e-01
7.938374181236018678e-01
7.937520636043952083e-01
7.932071031449670073e-01
7.924452587532900827e-01
7.940380935851882871e-01
7.947515041062926944e-01
7.935429969436382791e-01
7.926262000062727076e-01
7.925852951115859302e-01
7.940997000993456068e-01
7.932357201738609032e-01
7.939517743802924077e-01
7.943433238267624263e-01
7.936434260717974976e-01
7.931195469914548157e-01
7.934363607947230168e-01
7.936208653690215442e-01
7.936909544118184723e-01
7.939981560010394013e-01
7.935843190471441044e-01
7.948679298053188402e-01
7.941766324074366334e-01
7.936849918670820792e-01
7.938224504589663777e-01
7.942360067719327343e-01
7.935601759223431806e-01
7.934643580307403354e-01
7.932464663918035175e-01
7.934832972230020376e-01
7.926363607617303852e-01
7.935756180687125738e-01
7.932524871832667968e-01
7.927093400828939540e-01
7.940810594995560967e-01
7.932234737346890441e-01
7.933919434990996944e-01
7.943053356882036065e-01
7.933303191030354196e-01
7.933887885562699305e-01
7.946217243124540364e-01
7.932124561532651885e-01
7.933645103700067702e-01
7.928240857431489985e-01
7.927931430610312136e-01
7.934573065599341835e-01
7.921045333553694556e-01
7.935990887916155589e-01
7.932280421587624142e-01
7.922303316116219296e-01
7.937724993584256428e-01
7.942196729123662813e-01
7.924426320451278816e-01
7.927878865490816107e-01
7.933381741174339030e-01
7.930884402076798789e-01
7.934486483178668781e-01
7.937790830197710701e-01
7.944610376902356830e-01
7.931822144736596636e-01
7.935915120422730729e-01
7.932345032225195380e-01
7.941535246069929554e-01
7.935561479860815393e-01
7.929118428875668867e-01
7.931875328673216874e-01
7.940662654185934866e-01
7.925948106394629100e-01
7.930703797109760478e-01
7.935958658450739112e-01
7.940863133891458148e-01
7.931515401754675176e-01
7.931408624759505033e-01
7.936147070849914886e-01
7.932302178243166857e-01
7.930944919584549391e-01
7.934940610337604117e-01
