8.390848634399517003e-01
8.401156313082408511e-01
8.400161049363517041e-01
8.415644863967324252e-01
8.406027752395124342e-01
8.414411902131673227e-01
8.397805586493063412e-01
8.397240331049344864e-01
8.409987483945368103e-01
8.413599302371851385e-01
8.411564765914470998e-01
8.409005972311524024e-01
8.401726138107695752e-01
8.404222884142488192e-01
8.403066715640796769e-01
8.396949380210900760e-01
8.400453562538883201e-01
8.395352974106443655e-01
8.408270521109522111e-01
8.410871409685458655e-01
8.398142249817150962e-01
8.398977081331777672e-01
8.390622858112460891e-01
8.402402436923539497e-01
8.396793859182379860e-01
8.393429864976991173e-01
8.391268470804899016e-01
8.404085710811072252e-01
8.395544225591311527e-01
8.417251149870705884e-01
8.397887511343384848e-01
8.406546562850309989e-01
8.398565280473307970e-01
8.406356908167651465e-01
8.413937141704438405e-01
8.396950508896851018e-01
8.407978254185026756e-01
8.413708380912992002e-01
8.401765497029872742e-01
8.419709805730000163e-01
8.386872817957076176e-01
8.397137120170889979e-01
8.402320980916087034e-01
8.409401269140552859e-01
8.408614207462636880e-01
8.400539045731767462e-01
8.402103395344288073e-01
8.422028900027320741e-01
8.393063003522647225e-01
8.409167001338788694e-01
8.395391054221963412e-01
8.397441058768160271e-01
8.402439225116823396e-01
8.395084415621425489e-01
8.411497580489313286e-01
8.397104243766448928e-01
8.401305219719228390e-01
8.405054729100200905e-01
8.412275752335049983e-01
8.403839164772450854e-01
8.413013532513398118e-01
8.398888772356991606e-01
8.401014472924330789e-01
8.399243024083478115e-01
8.408640570087710930e-01
8.398609058207531231e-01
8.401007536245403973e-01
8.395465944420870130e-01
8.409282521408132371e-01
8.397864824139054107e-01
8.399675961396753099e-01
8.405482872226053281e-01
8.397931384214549766e-01
8.409667098836727250e-01
8.405876202449034107e-01
8.400446372354168911e-01
8.405897937026151068e-01
8.395732738911876325e-01
8.390801040969636526e-01
8.393862785951065053e-01
8.402219610241650205e-01
8.401605221062350415e-01
8.405859706603656667e-01
8.400391679850962579e-01
8.406773796256230558e-01
8.392632961185935159e-01
8.413689282260432556e-01
8.402102549921426355e-01
8.415772166494042139e-01
8.398020435315560750e-01
8.404092002865490851e-01
8.405149406430256764e-01
8.403719899124920678e-01
8.398278141746253755e-01
8.389110994767120522e-01
8.389716593022061852e-01
8.394541682072196309e-01
8.399814086566286253e-01
8.409089752879156388e-01
8.403101013874489933e-01
