1.294976728385514864e-01
1.310183348127711700e-01
1.306537062938885607e-01
1.298711211173294300e-01
1.313289321444088276e-01
1.290819882897976112e-01
1.308625003500243633e-01
1.314988575948507488e-01
1.305639937857830390e-01
1.300232625973799794e-01
1.297666281877080663e-01
1.307264735382840937e-01
1.307347053426846373e-01
1.296546881787511707e-01
1.296021031462338824e-01
1.308466250279534671e-01
1.300759355652349458e-01
1.311280339770433956e-01
1.301853686475324956e-01
1.305798109680508523e-01
1.304973579159440511e-01
1.303079175385399857e-01
1.304007038649189210e-01
1.302865061254087076e-01
1.309870926673249170e-01
1.304978111436050359e-01
1.309466409577380308e-01
1.315591757704993592e-01
1.298718601336615874e-01
1.294540442180223960e-01
1.300979249702743923e-01
1.316640601288747714e-01
1.298483452801429960e-01
1.309707603618746052e-01
1.308215608722188839e-01
1.309409563437415602e-01
1.298692716839485173e-01
1.305549216024845527e-01
1.300739505039320010e-01
1.308309722285740939e-01
1.306092587502605262e-01
1.303892834370681819e-01
1.301758278709664041e-01
1.316912309913964851e-01
1.301668898198046764e-01
1.302729182497444627e-01
1.303893118666344109e-01
1.300150813762350754e-01
1.312764090400860839e-01
1.304554177447089791e-01
1.299145966890663528e-01
1.307736104824350210e-01
1.305006102603045726e-01
1.319397393657515127e-01
1.301239176117368612e-01
1.307424269686346396e-01
1.307851962904709453e-01
1.302789937247686158e-01
1.316918066553808830e-01
1.302443314592928447e-01
1.312854786496233939e-01
1.303564571331219946e-01
1.306219371007918961e-01
1.300679158837931282e-01
1.301843834757912821e-01
1.302672854164427796e-01
1.300188268166296568e-01
1.306241312944172728e-01
1.298608068555864581e-01
1.300449080831072579e-01
1.310899399109389518e-01
1.300732997214168740e-01
1.302759161117865716e-01
1.302970331102890345e-01
1.295266293085044484e-01
1.298865646961540610e-01
1.304730759816757901e-01
1.311497418347659649e-01
1.311072737061609872e-01
1.302464807498761035e-01
1.311991146410907416e-01
1.290766938695496746e-01
1.302321778644294215e-01
1.299172661507643212e-01
1.299275927386973617e-01
1.298260350032592048e-01
1.308855674209105091e-01
1.315150151784124644e-01
1.307286457021530346e-01
1.293362443055433020e-01
1.308521121813203958e-01
1.307386959870751320e-01
1.297861560403020809e-01
1.294002282600336673e-01
1.311671936183114173e-01
1.302010372958850026e-01
1.311193598539565630e-01
1.293975965030914055e-01
1.310420449130043630e-01
1.301793708727598531e-01
