9.646173427467865658e-01
9.653652552731940562e-01
9.656690791292520393e-01
9.664566837916331865e-01
9.650036358369162848e-01
9.652879108480703074e-01
9.649433955005202179e-01
9.648157249360240773e-01
9.649614719424064457e-01
9.662253878595414847e-01
9.659801373709434591e-01
9.641901428318340184e-01
9.666163552627372590e-01
9.650911425365157337e-01
9.649985222251111772e-01
9.652984038890597418e-01
9.660065923171389235e-01
9.656024843597850182e-01
9.657195307417096863e-01
9.655775333044051001e-01
9.639119111612481916e-01
9.659684671382359200e-01
9.661798834813031256e-01
9.641198320669932542e-01
9.654997699358062180e-01
9.643873184290114864e-01
9.654651983218189848e-01
9.657376064518229386e-01
9.651693099588242175e-01
9.653999776308336278e-01
9.650282652822562701e-01
9.661591291701723261e-01
9.650517733220056460e-01
9.646131328058935583e-01
9.650942294515054698e-01
9.647364512697494954e-01
9.654775247337304966e-01
9.659556598556064966e-01
9.645658938964296603e-01
9.655838487075198984e-01
9.643634563084464428e-01
9.657168725355940175e-01
9.652022510277780132e-01
9.647573585315211142e-01
9.658828210376346757e-01
9.652707765400818651e-01
9.657215867058090986e-01
9.653643021434206162e-01
9.648726864444340245e-01
9.657500603345698931e-01
9.653237777318623980e-01
9.656559891578095911e-01
9.644035963017156821e-01
9.648277729594285645e-01
9.654325277951426587e-01
9.644908757159591506e-01
9.655933376777283694e-01
9.641387467820720092e-01
9.650432812495799428e-01
9.647564452762542597e-01
9.656447555475212718e-01
9.661581624027357762e-01
9.652686045349125887e-01
9.658301241533889803e-01
9.653601927118222736e-01
9.662733787965493981e-01
9.650453465749319060e-01
9.655257238650020168e-01
9.658599625370573039e-01
9.645869249464418260e-01
9.657196909790254358e-01
9.649689097435258933e-01
9.640794866300673727e-01
9.647552887518999754e-01
9.640439107783946859e-01
9.654242868904934216e-01
9.647141810524104688e-01
9.653144841961434075e-01
9.647118862353210034e-01
9.657939620346545073e-01
9.652835143182134647e-01
9.650201331269814276e-01
9.661982589920297126e-01
9.660702017627404992e-01
9.649440561406610328e-01
9.655009139759958003e-01
9.652186891842025052e-01
9.644476131107704298e-01
9.655142469038633379e-01
9.643880734032064250e-01
9.650998369290013645e-01
9.651821453356890235e-01
9.647486045411157729e-01
9.656812040567674948e-01
9.652923875832533085e-01
9.638078909279015338e-01
9.652384280775745395e-01
9.648981364516433512e-01
9.640248496831520519e-01
9.648886987472555798e-01
