5.202778825483784786e-01
5.202495457740716756e-01
5.210794578012072353e-01
5.224172461156757485e-01
5.203465062324208468e-01
5.212142486748367887e-01
5.201391104224739603e-01
5.197550901708701820e-01
5.217003267027190416e-01
5.203726541028321773e-01
5.222758853648663546e-01
5.197729910264217157e-01
5.208152975672131202e-01
5.209096656403086056e-01
5.207666657434710800e-01
5.214412962644876526e-01
5.196433501529330590e-01
5.198561842798078425e-01
5.200476877172379719e-01
5.219971648531682717e-01
5.203065585595343379e-01
5.195111668620826517e-01
5.208944492384350866e-01
5.205302514855340013e-01
5.211014253825962950e-01
5.202654970768894049e-01
5.210338388453877867e-01
5.193594361776766588e-01
5.215855172489326508e-01
5.203159653132322093e-01
5.204288544322912546e-01
5.197360148239239530e-01
5.210077525924190489e-01
5.202068880241657034e-01
5.201210948821251012e-01
5.203039132572329084e-01
5.214980255125257758e-01
5.203655111918088494e-01
5.205103603723935102e-01
5.216645150010522647e-01
5.205309804708472265e-01
5.203429823795515663e-01
5.209034252517104058e-01
5.202061656280794200e-01
5.191378992485068400e-01
5.202412310887598590e-01
5.202966824788848310e-01
5.214715009721851979e-01
5.202481837801710141e-01
5.201470655037249147e-01
5.200531965760679665e-01
5.204532576466552873e-01
5.195392724859492217e-01
5.201751471496902646e-01
5.200955618466510666e-01
5.209596745652975702e-01
5.203831619184406954e-01
5.205215023776076366e-01
5.206260946867665718e-01
5.197446128481686412e-01
5.200552730531693424e-01
5.213375853904715918e-01
5.214306529710539539e-01
5.205437589294754641e-01
5.200188081199559331e-01
5.208853832659396943e-01
5.209513865229210561e-01
5.202436463727299065e-01
5.204405298730163665e-01
5.200556065277422979e-01
5.207552774234665005e-01
5.208979441177574721e-01
5.208312579383580498e-01
5.218576178510294650e-01
5.202086842515973863e-01
5.203151063233796281e-01
5.204089241554346046e-01
5.212609645260400937e-01
5.209603588339131175e-01
5.211920461257963932e-01
5.202709860157820332e-01
5.203503293690191489e-01
5.211959695646599666e-01
5.206689031141724655e-01
5.203507035316770057e-01
5.199715971517000490e-01
5.211547438514417818e-01
5.209834387057705740e-01
5.207451395991961052e-01
5.198711368828543566e-01
5.197804957190772512e-01
5.203553749869294087e-01
5.200574877204200419e-01
5.205654782189855778e-01
5.207776561444282803e-01
5.206866230268096807e-01
5.193717756434277355e-01
5.205670118163652216e-01
5.205187863055915631e-01
5.204680141327405751e-01
