9.607986318638290779e-01
9.603511598719161046e-01
9.605883535815257224e-01
9.603293244135688855e-01
9.610199530678896762e-01
9.599543802640408963e-01
9.620077120230610124e-01
9.605562598369745686e-01
9.616760747849985025e-01
9.603886680862182557e-01
9.600551438663282866e-01
9.614203768730509303e-01
9.604121709762405423e-01
9.613206731864190058e-01
9.604519108945031025e-01
9.606932715079337104e-01
9.612413525682991233e-01
9.604131349675448792e-01
9.603840194885953085e-01
9.610685650972203842e-01
9.598286016752153316e-01
9.609774936392324607e-01
9.612150378915464977e-01
9.615219388913465171e-01
9.601049187844105104e-01
9.602530443467003352e-01
9.599845091186125501e-01
9.605304874019824357e-01
9.613224652689111860e-01
9.606553124636365570e-01
9.601710437138047949e-01
9.600196673813723436e-01
9.597278702789184823e-01
9.606647554001007672e-01
9.605341811970158350e-01
9.608224079882412560e-01
9.614546204829956810e-01
9.603557778049170990e-01
9.601130290230339703e-01
9.614795627800343247e-01
9.600480127437236444e-01
9.607690027410072942e-01
9.603346280671335444e-01
9.612223173071241522e-01
9.603730547378621640e-01
9.608374137168989026e-01
9.613529891903158653e-01
9.611771923337832924e-01
9.605975693621456868e-01
9.603165493190326529e-01
9.607964952240938272e-01
9.602289783087707420e-01
9.606944279251934393e-01
9.609924439175137056e-01
9.608384346102332163e-01
9.605523366528331275e-01
9.609943600087826887e-01
9.601969280099440507e-01
9.606926866877866233e-01
9.605201258213749149e-01
9.610445446539319647e-01
9.600587990505591307e-01
9.607483029811436648e-01
9.605372891891559295e-01
9.608631341867558406e-01
9.604525420799641111e-01
9.611210743964383463e-01
9.602086249824255404e-01
9.612176339888937049e-01
9.602276162147364014e-01
9.606973333043917762e-01
9.612291976733323695e-01
9.605229857362662660e-01
9.616595065035820067e-01
9.617423612908433395e-01
9.605313731118956255e-01
9.602585759971160595e-01
9.614413922185834904e-01
9.602863011564881646e-01
9.612709837086901299e-01
9.615064513159348181e-01
9.599154158296394623e-01
9.612974348956639936e-01
9.604506321846001393e-01
9.609237014371765362e-01
9.607494465046941823e-01
9.608017385379828967e-01
9.606497338990911405e-01
9.625803120009728264e-01
9.599989163068112230e-01
9.602502515483449796e-01
9.603661758288275507e-01
9.605384805439578511e-01
9.606769182253096506e-01
9.599387583874305907e-01
9.621676246326114068e-01
9.613128366110632594e-01
9.606142629301971381e-01
9.612871599238986819e-01
9.612699861277037572e-01
