6.742540418025774196e-01
6.754953124565025169e-01
6.764224844545287940e-01
6.758785394759454501e-01
6.750467029897225801e-01
6.757259113301143927e-01
6.757908566439965181e-01
6.756166498099491768e-01
6.764806208681689581e-01
6.761271878882679776e-01
6.751472071683143339e-01
6.750297063158487987e-01
6.760042505398827783e-01
6.765511235515301314e-01
6.760709273010017117e-01
6.754700163293525517e-01
6.761407929443492559e-01
6.751886534846214261e-01
6.753013526474299644e-01
6.750951778013877247e-01
6.760603747206547220e-01
6.753297898462697901e-01
6.756959899532586356e-01
6.763102644044842737e-01
6.750084829929718921e-01
6.752473730298003129e-01
6.749287220965223266e-01
6.757202584792690869e-01
6.757345444533964240e-01
6.749533307301283092e-01
6.761168284495979730e-01
6.749191879515950010e-01
6.760992345309306817e-01
6.752732289118407172e-01
6.753759063242245064e-01
6.755629629638678635e-01
6.749759337674119397e-01
6.746485712076228936e-01
6.756666715234979081e-01
6.750172148349646850e-01
6.760941483157876242e-01
6.761475418076486887e-01
6.761036449218391642e-01
6.749947985787345672e-01
6.764021382501247404e-01
6.749447271687188943e-01
6.746037485282186941e-01
6.758147865084326300e-01
6.755849311076027597e-01
6.747717933076932129e-01
6.761335920017697010e-01
6.749493488525677432e-01
6.759432379500130983e-01
6.752149899056856253e-01
6.761526246873053037e-01
6.750628355314935991e-01
6.759829963778241080e-01
6.758048044447960701e-01
6.753566152293991598e-01
6.760263386802217722e-01
6.759250636915945520e-01
6.751102480329935762e-01
6.752925259625731647e-01
6.751779021458388375e-01
6.751194622345243479e-01
6.753724969942117573e-01
6.754325212035635628e-01
6.750837873870612071e-01
6.756363529425505332e-01
6.761021748831737010e-01
6.744848703135617463e-01
6.765708084747086293e-01
6.751953498706497747e-01
6.743058422302895538e-01
6.761120892465773968e-01
6.754763599240904970e-01
6.752590989973782376e-01
6.756974780220335042e-01
6.754321799056566267e-01
6.760996018480822656e-01
6.752888991085188586e-01
6.754279856019129724e-01
6.747408110541595061e-01
6.752245906273037779e-01
6.758988099575186093e-01
6.760423795841268291e-01
6.748488370770503453e-01
6.756621279660978141e-01
6.759557410907955921e-01
6.750619783385616302e-01
6.754827706060697601e-01
6.756243184226592424e-01
6.753901118842982054e-01
6.754260740073285696e-01
6.745644454553008096e-01
6.745244172725052278e-01
6.745915678164974283e-01
6.761231431570187134e-01
6.756724812586547557e-01
6.765049298645309239e-01
