5.423468507209212586e-01
5.445598674707354814e-01
5.447350949850450208e-01
5.448165439637072671e-01
5.450700344028621691e-01
5.454727228650073645e-01
5.447888598147372363e-01
5.447899956686848011e-01
5.454066082059908505e-01
5.444114804599106128e-01
5.443596678035116376e-01
5.450293976414785080e-01
5.446613261868965550e-01
5.435548042053441886e-01
5.434978872310013420e-01
5.443437296515072354e-01
5.447089879887520025e-01
5.446426521955114453e-01
5.441087878484662799e-01
5.436936851033389306e-01
5.451528916602708108e-01
5.443080720606494616e-01
5.451141022307384176e-01
5.444868099055738542e-01
5.445563177950564215e-01
5.448552650065638936e-01
5.442939885875401895e-01
5.453507560986933234e-01
5.437188062125060117e-01
5.446376960959133928e-01
5.451715397149048403e-01
5.448583106602207238e-01
5.452595989229174211e-01
5.451141370245513595e-01
5.455566171988827096e-01
5.435767338921837499e-01
5.445150912385601227e-01
5.448788552370538163e-01
5.441062521377786343e-01
5.448522194569849209e-01
5.455456365621724757e-01
5.448074038832257937e-01
5.447415330210723106e-01
5.447951887583645236e-01
5.444672151937518523e-01
5.443560874905614133e-01
5.455935169748948876e-01
5.444312168101563820e-01
5.439726784958591743e-01
5.436324340195453075e-01
5.451816389200379032e-01
5.445062910629296926e-01
5.442797800851109091e-01
5.441283688177045441e-01
5.447332169101951616e-01
5.437170796732606615e-01
5.449759061633243640e-01
5.436718832770377485e-01
5.439160515900426374e-01
5.443572001838192786e-01
5.436949582894154975e-01
5.443184319867071519e-01
5.448338447076104263e-01
5.448012919366633788e-01
5.443759142592147215e-01
5.442422163469313734e-01
5.438870673691140745e-01
5.446854563544591965e-01
5.447054808094582423e-01
5.449265759488760574e-01
5.446305126777915007e-01
5.450523504783114648e-01
5.446447903097133558e-01
5.447306104551096206e-01
5.452711671999120879e-01
5.436206651540613777e-01
5.451220573313759754e-01
5.439826254969514219e-01
5.440222429989414188e-01
5.450531606076371993e-01
5.446493462807442398e-01
5.448271845003859193e-01
5.449329231561315101e-01
5.446384518737846792e-01
5.431858310373909315e-01
5.434468837391532858e-01
5.450885138563865695e-01
5.450218935875061899e-01
5.438977332133366760e-01
5.444743221996420912e-01
5.443097916382155788e-01
5.434054206273123411e-01
5.440021384705021612e-01
5.440627252420124904e-01
5.451276607852084677e-01
5.459215047651866382e-01
5.443267265494724505e-01
5.443206887956393292e-01
5.455310188101772928e-01
5.439818743566693371e-01
