2.648839486313778364e-03
3.672301371215195512e-03
3.719044244763637652e-03
3.271615814924930341e-03
3.404175949180328255e-03
3.845934599769308074e-03
3.838349871758645754e-03
3.100746166441364741e-03
2.766842495270050925e-03
3.154744534284757186e-03
2.996967613613967917e-03
4.790751669008169386e-03
2.912521698054412397e-03
2.435179226805057797e-03
4.155698998953992647e-03
3.058120820457267339e-03
2.416715843949793132e-03
3.219795916294146149e-03
3.122396496679403707e-03
3.714222932982892428e-03
2.441286022241480336e-03
3.489457316088385996e-03
4.074820591443530267e-03
5.111142969448525739e-03
2.841530448903159534e-03
3.325219003897304272e-03
1.734312145896159309e-03
2.139529030602178167e-03
3.867782927634705326e-03
3.250334654802526126e-03
2.262681040492946563e-03
2.088629610836906497e-03
3.308088384329241870e-03
4.173252019617713394e-03
3.082153748347692644e-03
3.184233974992987243e-03
2.586870658734834703e-03
2.994682265410186263e-03
3.593980040282350463e-03
3.772858936067118377e-03
3.083266901891530080e-03
4.154007368856060638e-03
4.071872921762857700e-03
3.712886340038610428e-03
3.616229861010895278e-03
3.391078957669908280e-03
3.516679558824069036e-03
2.796673057930213098e-03
2.006314904050609041e-03
3.952400712710727251e-03
2.904553309192961421e-03
2.942236343212154860e-03
2.798236804956001546e-03
3.106623830194881787e-03
3.605365760018317944e-03
3.170427814058849811e-03
3.371391851451263286e-03
1.939019129602263108e-03
3.364790453703418033e-03
3.408794910141124072e-03
3.376509129587983767e-03
3.202148889849275575e-03
4.096993738434720651e-03
2.960708574077565262e-03
3.575958864494154822e-03
2.493939109041138670e-03
3.980916574120890727e-03
3.877210780223396165e-03
3.655476321561430212e-03
3.357910683043006245e-03
4.629165990195649623e-03
4.018740906911134544e-03
3.041176384878608620e-03
4.184624494385591996e-03
3.356941329504389490e-03
3.417671425245420204e-03
2.742159589154323507e-03
2.876342133395729840e-03
4.198130008495695037e-03
2.851758794542399132e-03
2.164136765004012492e-03
4.015073226128023504e-03
2.142650355268250865e-03
2.403050589215451928e-03
2.622810131590666907e-03
3.534165692195186722e-03
3.990818584113707199e-03
3.358302782439988310e-03
3.203072081893092084e-03
2.679019688156684779e-03
2.608905879612022881e-03
2.518917439637901462e-03
3.405852315242444139e-03
3.147936205864928887e-03
4.284133682264288333e-03
2.994150227602193712e-03
3.184347006828199596e-03
3.364567569694403362e-03
3.641202023972070489e-03
2.773321598181130530e-03
