6.402775650011840458e-01
6.403988474721331592e-01
6.413309962212334625e-01
6.404293718989293449e-01
6.398680994413810108e-01
6.416330237971863415e-01
6.409824615793655589e-01
6.427102373976532057e-01
6.425170857198174712e-01
6.424888362793444996e-01
6.409944830282127137e-01
6.413485861817387335e-01
6.414752005662645029e-01
6.416400800525920989e-01
6.404674741040881081e-01
6.409644678274823981e-01
6.412258311411813683e-01
6.419502253398083891e-01
6.408270155322439710e-01
6.413164534190934907e-01
6.420723222378361683e-01
6.416570641662617813e-01
6.416958882327831182e-01
6.422353952722060777e-01
6.420953711811089315e-01
6.420077231718350763e-01
6.421674518338936766e-01
6.413503103589290877e-01
6.413131075740050591e-01
6.424636059619419637e-01
6.410136533535539805e-01
6.417346660308619333e-01
6.417209537464563240e-01
6.414148883247778876e-01
6.405021245964195309e-01
6.419022473195126199e-01
6.425664545675862094e-01
6.419517753432777418e-01
6.413867710676643963e-01
6.420790531618831842e-01
6.415426089298275070e-01
6.417811459092235271e-01
6.416930660458217694e-01
6.412215267164291799e-01
6.412337650846193782e-01
6.420838468590336356e-01
6.412992311964605952e-01
6.415905664975161127e-01
6.414197046357223986e-01
6.430187998192370413e-01
6.412304968730389021e-01
6.402811572587505662e-01
6.413141149647136885e-01
6.409810779195005415e-01
6.417729761443975445e-01
6.407641957065748350e-01
6.419722100129912068e-01
6.419988977781253547e-01
6.415867847723213391e-01
6.418721631361490321e-01
6.422838732008459006e-01
6.416378650777405657e-01
6.408349844732101896e-01
6.419388990194365707e-01
6.405968494027969307e-01
6.414716450834518913e-01
6.413405114918878658e-01
6.415129209810138677e-01
6.414436493090173164e-01
6.420204524451733619e-01
6.408811078126828154e-01
6.414393913453790841e-01
6.417907898980421688e-01
6.416642361185660448e-01
6.416224576415788805e-01
6.403282658110140968e-01
6.428052870084470793e-01
6.414592759219612805e-01
6.416740152890214599e-01
6.405711462616703322e-01
6.415990579307626618e-01
6.420546747669491072e-01
6.414022904517536761e-01
6.408088391064610256e-01
6.417929934461721331e-01
6.410678742408673081e-01
6.409264441307422899e-01
6.413347425453916895e-01
6.419694595968101769e-01
6.414091895849727276e-01
6.420907918780300871e-01
6.425001473333484814e-01
6.418776939802974812e-01
6.414518969769495982e-01
6.406718982138768226e-01
6.411731296927406509e-01
6.411518409198804225e-01
6.430211098643452416e-01
6.422308837732861875e-01
6.419078694100854854e-01
