4.040221126156824383e-01
4.068765885040158681e-01
4.057202788061570198e-01
4.072958036902636358e-01
4.078220827875758681e-01
4.070798271230612331e-01
4.062197008872522330e-01
4.062027425991413532e-01
4.063522799935040952e-01
4.056375022903204730e-01
4.070100871883335358e-01
4.069740379789549833e-01
4.052525101675545360e-01
4.061908974988521770e-01
4.053999521980939935e-01
4.069622011126290961e-01
4.076465707585646969e-01
4.056554651373717180e-01
4.065804296531975170e-01
4.059406497137534875e-01
4.067805208201352718e-01
4.078318624515397950e-01
4.056544338946984074e-01
4.065845434857727758e-01
4.069705964419333410e-01
4.067325425076318002e-01
4.063469746151003315e-01
4.056425961809918546e-01
4.062305423928971315e-01
4.064797477758772537e-01
4.067012936381508847e-01
4.080070979512804286e-01
4.057249495421978991e-01
4.064985556884406215e-01
4.066561394257984241e-01
4.067800172640997358e-01
4.062174556563546424e-01
4.067578244762710682e-01
4.059571666807315626e-01
4.070128961475354412e-01
4.062604668889168158e-01
4.072592172184985593e-01
4.058972080717467290e-01
4.061698764179839660e-01
4.061216834680023702e-01
4.070882444498684638e-01
4.074270708764354265e-01
4.059494373583339422e-01
4.064328304984187179e-01
4.053972168272010346e-01
4.057655978114090844e-01
4.065174662695220653e-01
4.066800412079724092e-01
4.083057103402446542e-01
4.068245479840545409e-01
4.068239961049745501e-01
4.064720804936437504e-01
4.065608445938601045e-01
4.066940703843486826e-01
4.054349724559180856e-01
4.063868941681877400e-01
4.069117889789070630e-01
4.070569588680803541e-01
4.062451925156158605e-01
4.072482094626631022e-01
4.055684263046046567e-01
4.071265455158202817e-01
4.066281615515145997e-01
4.069625969239657470e-01
4.057358676168377754e-01
4.065864738728837691e-01
4.069662911892077961e-01
4.063798508036927104e-01
4.068925390923294194e-01
4.070240324101439544e-01
4.064816111254424547e-01
4.071422539492441928e-01
4.073161234535966901e-01
4.053870197151799859e-01
4.062927265622541251e-01
4.061587723183861520e-01
4.049029376809231140e-01
4.053880936164668825e-01
4.060145093019672524e-01
4.066727208267657545e-01
4.058994994486213037e-01
4.063653489432615951e-01
4.068714542011284685e-01
4.067281995857248145e-01
4.068426989335819366e-01
4.058351161794410134e-01
4.064137188608150097e-01
4.072745553411129538e-01
4.063012100055652942e-01
4.068585288145619705e-01
4.070382890433283940e-01
4.067442835274711621e-01
4.066207637822499832e-01
4.069525462762757506e-01
4.074761179659154298e-01
