2.930033590352824069e-01
2.947591603316083164e-01
2.936332615857967232e-01
2.934027656802088435e-01
2.945342067242314177e-01
2.943647935038129493e-01
2.949725471749656269e-01
2.940008151928905633e-01
2.938525813713017132e-01
2.951075511054845890e-01
2.950302513660024162e-01
2.944783542804688681e-01
2.955713601314102212e-01
2.946530440415878194e-01
2.949515553271401802e-01
2.942595467853270641e-01
2.934497662551667774e-01
2.942439848442932604e-01
2.937327792594338072e-01
2.939868543427643921e-01
2.947468229147627294e-01
2.941799419252045245e-01
2.941547513046564033e-01
2.939004654237613035e-01
2.948467991203613803e-01
2.945045131152094209e-01
2.951819623653354485e-01
2.941368682769233134e-01
2.944546274515133510e-01
2.933509129770036084e-01
2.945989030502335626e-01
2.933872848089207896e-01
2.949450967304775295e-01
2.948656474463472454e-01
2.945335746655219911e-01
2.945017495228204329e-01
2.951328207572494478e-01
2.931095816429217793e-01
2.944166539273108674e-01
2.946523982275613962e-01
2.940373504140091354e-01
2.930617655881917472e-01
2.933544735059749331e-01
2.950616677940844368e-01
2.945904418236913735e-01
2.943024700519921155e-01
2.942564394316283249e-01
2.944236851703039837e-01
2.939639328308206734e-01
2.949640571876803730e-01
2.932946347014027677e-01
2.938247687832782340e-01
2.943972691930963892e-01
2.948534277416640093e-01
2.944569679946155150e-01
2.953369176938376861e-01
2.948305356143526845e-01
2.934366323831126278e-01
2.949109231820995491e-01
2.940343046467850940e-01
2.938412925079113558e-01
2.940018013182142953e-01
2.943101122299722205e-01
2.936854013412170117e-01
2.937611712653637186e-01
2.955353351909270065e-01
2.932638683649048672e-01
2.935945026715294226e-01
2.944778773040437891e-01
2.945078089690008616e-01
2.943423301637473344e-01
2.954234891060096846e-01
2.945828259585104858e-01
2.933605424119792859e-01
2.925256665900028974e-01
2.939751554515299126e-01
2.945362172146255286e-01
2.953757131006957692e-01
2.945708633967736856e-01
2.954515519394247391e-01
2.943937227015501201e-01
2.945955417226469586e-01
2.944998822545635275e-01
2.937040704855832240e-01
2.944976777480916574e-01
2.928374805243469936e-01
2.938458164020800734e-01
2.932162602336632617e-01
2.942898686663917296e-01
2.947054777069064713e-01
2.943576218323838423e-01
2.930821722949794594e-01
2.948865099322970362e-01
2.947977237954124696e-01
2.952888172845553605e-01
2.941564070448274282e-01
2.942368870733578223e-01
2.942751847803695142e-01
2.949319466677465251e-01
2.922698131824217893e-01
