2.623493689087607050e-01
2.642441896715506666e-01
2.631617051637477056e-01
2.620982568916383482e-01
2.630473550454186515e-01
2.628675529585879911e-01
2.634177333118104536e-01
2.636224047524938219e-01
2.638930755360213709e-01
2.625453035368746080e-01
2.625267487107345588e-01
2.634343190505273324e-01
2.620541891849565430e-01
2.634338724658568665e-01
2.619906610327406016e-01
2.629157901650882589e-01
2.625965623146736538e-01
2.641549777889373729e-01
2.625952163400241957e-01
2.638548655739861859e-01
2.631619916540066662e-01
2.627137957460998208e-01
2.638084836974557423e-01
2.617501656157970591e-01
2.635869451850881284e-01
2.626458676151764982e-01
2.619632000044179732e-01
2.634476120544484434e-01
2.632448954435335220e-01
2.630221782575422607e-01
2.641982640094693302e-01
2.630469761602404200e-01
2.640684129164002636e-01
2.624454493371808361e-01
2.638120180441543283e-01
2.639358513197563871e-01
2.636100692298468662e-01
2.630150851306189974e-01
2.630138124973732672e-01
2.634439793236417193e-01
2.645487393777639085e-01
2.629109435249809001e-01
2.624660217575491283e-01
2.631760493394508238e-01
2.635721763097688686e-01
2.640158490429792004e-01
2.635713645637179359e-01
2.621499244779995075e-01
2.630162466974615976e-01
2.630504757457910459e-01
2.636425349197430434e-01
2.651995500764703917e-01
2.639558563634554766e-01
2.637914078903197956e-01
2.641759807660481463e-01
2.637354907238457224e-01
2.639519042850411723e-01
2.648032608821430101e-01
2.634049204392922006e-01
2.622693188653695273e-01
2.630762943752615324e-01
2.631794567471383850e-01
2.620825121381768485e-01
2.633622658359779933e-01
2.636410922247883204e-01
2.636376146926104891e-01
2.626251133754282097e-01
2.627811284288997795e-01
2.630433980413598993e-01
2.632662128661905632e-01
2.630972594671971976e-01
2.629683243710371210e-01
2.636226357249517593e-01
2.632362248985704589e-01
2.638286951573779460e-01
2.631352069624560697e-01
2.618965020014668577e-01
2.634308231387408883e-01
2.633259194958550986e-01
2.625065436869478130e-01
2.633139964941741407e-01
2.632063388719987906e-01
2.628963686395318633e-01
2.633443952077789141e-01
2.630786473227982869e-01
2.632045861772607243e-01
2.625595082836928995e-01
2.637165643356974010e-01
2.629865917760870753e-01
2.625147576106072744e-01
2.630480889460132254e-01
2.626177156489048481e-01
2.634683814608619334e-01
2.631085922916628350e-01
2.625975467469527369e-01
2.643637914214340690e-01
2.634715714071290682e-01
2.625634582437150755e-01
2.629580664373578069e-01
2.636122215357665777e-01
