7.576285864114522539e-01
7.593139477295656192e-01
7.599278000431683999e-01
7.598788240735763200e-01
7.585429948393305200e-01
7.589651328885931303e-01
7.594050155338345487e-01
7.595829960803107683e-01
7.603655729808327379e-01
7.601114214320547902e-01
7.599809836837334576e-01
7.607906071173420326e-01
7.598015919846097255e-01
7.600129740913821319e-01
7.582215845628637041e-01
7.595516997961875294e-01
7.592015006474449601e-01
7.596393389057767287e-01
7.589471467794990378e-01
7.596195143237924885e-01
7.595321913535195701e-01
7.593938343261763535e-01
7.600541969855648672e-01
7.602040614962990439e-01
7.579429051762082148e-01
7.591291691652193308e-01
7.598898686242381295e-01
7.590739471573060282e-01
7.597078907302661221e-01
7.595341011585888813e-01
7.596011975692938956e-01
7.599677307314618435e-01
7.591649391731600804e-01
7.598291577382145778e-01
7.592615881431163949e-01
7.583398218600153617e-01
7.598037599414093624e-01
7.607697911763340315e-01
7.591223993443303453e-01
7.595374270726743537e-01
7.606130007876484855e-01
7.599507047656203218e-01
7.594194336129597156e-01
7.590847321800925362e-01
7.600744822408493917e-01
7.594707156988111940e-01
7.601340885455072360e-01
7.605787568568448398e-01
7.607740989846587532e-01
7.594289221779135790e-01
7.591728110690446618e-01
7.594997197629769214e-01
7.598746243270565470e-01
7.598881187005214199e-01
7.600383827602621434e-01
7.596455458047445264e-01
7.598719700604227301e-01
7.599123149361015628e-01
7.596625728854569104e-01
7.593215797606517325e-01
7.597282581290956127e-01
7.607873980434585182e-01
7.599172441416786050e-01
7.595882860316778284e-01
7.602840960557406547e-01
7.592410629284249701e-01
7.587036714792076975e-01
7.587488292334871876e-01
7.597071051457190416e-01
7.599558576819829270e-01
7.597987763700078112e-01
7.598351986280784676e-01
7.598230933103624629e-01
7.598359767836101453e-01
7.609308961699958740e-01
7.592849335825839763e-01
7.591641491102243400e-01
7.594436003301172633e-01
7.603035232813761812e-01
7.594003083051950043e-01
7.596311080421114248e-01
7.597114772705041430e-01
7.589046389084629363e-01
7.592697994396990779e-01
7.600260577174178245e-01
7.594562191842095800e-01
7.589444319685740847e-01
7.593608218447538416e-01
7.584309627302743273e-01
7.597158625277306010e-01
7.585911895711416886e-01
7.607465410107148163e-01
7.602924168217974898e-01
7.592962923223802729e-01
7.581318688946130369e-01
7.600705862175851646e-01
7.597836884953116376e-01
7.586643140209297087e-01
7.595843743684462801e-01
7.592044481217410379e-01
