7.499514332057490851e-01
7.508620176779702282e-01
7.509745914095432573e-01
7.496482369425798709e-01
7.504658837351136924e-01
7.505506041145080243e-01
7.512727688745246546e-01
7.501360082938488549e-01
7.498947012082926022e-01
7.512182527084901862e-01
7.507353655959382310e-01
7.499221899952062120e-01
7.512879516734645158e-01
7.496251784543201957e-01
7.509168100509230337e-01
7.521025492185819949e-01
7.514476965223927385e-01
7.517242071241536649e-01
7.515594073195002167e-01
7.497281196208194221e-01
7.514868835471025799e-01
7.508977966689711625e-01
7.497128017017941071e-01
7.499624998632721251e-01
7.492114451985194545e-01
7.511723781841537217e-01
7.518452949130752794e-01
7.508061889871120442e-01
7.508614573732247388e-01
7.501264698761642702e-01
7.496862514391807730e-01
7.500085575853968622e-01
7.497136967253482664e-01
7.501004848799864844e-01
7.506679159902285292e-01
7.501625542754031262e-01
7.494522599594866108e-01
7.508430538727851600e-01
7.510594867377426986e-01
7.505943718722477564e-01
7.510240480418464148e-01
7.501293424690091971e-01
7.516937416343464351e-01
7.498227742565548581e-01
7.514014878115657936e-01
7.507842556588912863e-01
7.519051009652272244e-01
7.509859199803391450e-01
7.496362567371126495e-01
7.504310331234713694e-01
7.498783438352566444e-01
7.515862080854078808e-01
7.508327922614059791e-01
7.495534918447596118e-01
7.509832915649861107e-01
7.515821974566727626e-01
7.505564226139216366e-01
7.500598168937495647e-01
7.511677322702345894e-01
7.513706231060535146e-01
7.502870918752784224e-01
7.500629830035446810e-01
7.501492748096524332e-01
7.507049399906209342e-01
7.516187620713784545e-01
7.506940551387790705e-01
7.498495856461599995e-01
7.508407251418770523e-01
7.509837013197829814e-01
7.506555819920064376e-01
7.492335240216028147e-01
7.495128423149250985e-01
7.490650721211384866e-01
7.491029691254774692e-01
7.504364100087603795e-01
7.507433355498889238e-01
7.511080814781876391e-01
7.501313572560694976e-01
7.511386519615393942e-01
7.513953815671687853e-01
7.506831960042216201e-01
7.515865902045071323e-01
7.499216331746687558e-01
7.500428333535074099e-01
7.501883257996945220e-01
7.512435614016839125e-01
7.502905720342349927e-01
7.497180628718265183e-01
7.500460789108478465e-01
7.504715833599118202e-01
7.507107783191406813e-01
7.511060329801004798e-01
7.505247110636390495e-01
7.505208933829732310e-01
7.507168816242322240e-01
7.501667300273437977e-01
7.505373737181799676e-01
7.502600009859756724e-01
7.502979029134648759e-01
7.496207446769356242e-01
