6.472650108975044336e-01
6.489524090702103454e-01
6.492868008106849054e-01
6.477317219713751850e-01
6.491406461414422902e-01
6.487783347743747431e-01
6.483031318015483047e-01
6.483835247653721989e-01
6.485489296877169352e-01
6.484808312746153103e-01
6.484057862195975463e-01
6.480041404220046042e-01
6.476894009553046949e-01
6.476238524578092903e-01
6.477338967512421553e-01
6.491935452688204489e-01
6.488883197057213614e-01
6.492753830875237497e-01
6.487698948448765712e-01
6.486306753432193872e-01
6.490881354579567386e-01
6.488565375254627954e-01
6.483781058296088640e-01
6.479183731825890469e-01
6.494660111978372008e-01
6.490007124544597827e-01
6.481248197044090498e-01
6.484123379065043213e-01
6.481226590983082403e-01
6.482494790487192127e-01
6.487833416241534090e-01
6.474191703727071312e-01
6.480344038907899229e-01
6.486111465126687126e-01
6.496021916937645413e-01
6.494656590291926213e-01
6.480138424051253843e-01
6.492917502624817594e-01
6.487214539620613785e-01
6.485834903354210645e-01
6.483577369046585881e-01
6.482281955166699916e-01
6.485276969643711809e-01
6.478367413486987303e-01
6.487013309733636879e-01
6.481817806820127092e-01
6.494108260060920124e-01
6.487235271849066676e-01
6.484403934037427097e-01
6.485497976366334516e-01
6.477071402531273669e-01
6.483029847347262509e-01
6.496825159427979113e-01
6.493512341136906674e-01
6.483900962933784040e-01
6.495547367864094035e-01
6.487450857338530330e-01
6.484230472505684295e-01
6.482328975966196172e-01
6.489015930868844428e-01
6.487719201652037970e-01
6.491887192967722431e-01
6.482688973223705853e-01
6.484271850104867951e-01
6.477741789264748196e-01
6.475363036422547847e-01
6.493823482922167489e-01
6.484000604894080144e-01
6.493583781106522235e-01
6.477020633578718378e-01
6.486292081946820609e-01
6.477904999564522148e-01
6.479270136124938295e-01
6.482534637032382197e-01
6.487464364378930926e-01
6.486436831653257240e-01
6.484792992153761704e-01
6.479517759553686806e-01
6.481884546121609025e-01
6.475736402173035700e-01
6.487997264387665997e-01
6.473827529094271505e-01
6.484133379041738809e-01
6.485918723279922027e-01
6.497234811879778471e-01
6.481807319571936121e-01
6.482825757091319474e-01
6.481080503346227095e-01
6.474466474503015601e-01
6.483697631485985102e-01
6.482632406933628300e-01
6.488769710214045139e-01
6.493111790358728763e-01
6.486253814316925714e-01
6.493601130346211558e-01
6.482871720519491898e-01
6.497152855307830599e-01
6.501748130922199165e-01
6.481897976585671017e-01
6.480763853475637326e-01
