5.917976091450240922e-02
6.016442195973669554e-02
5.955785523739605403e-02
6.059418516717322845e-02
6.073500895934090538e-02
6.057287499585396751e-02
5.968986269110104076e-02
6.056828452229699733e-02
6.045178082062878377e-02
6.013628751182929083e-02
5.999304511162681375e-02
6.092233669464455770e-02
6.032694318613920220e-02
5.996530947916359905e-02
6.053503102836856054e-02
6.041841094791133848e-02
6.103358711583804774e-02
6.077510710091968416e-02
6.028406596166556441e-02
5.948278306603049792e-02
6.078848090490861222e-02
6.047694733966383490e-02
5.989790715302700796e-02
6.089098339577953684e-02
6.007460213642117769e-02
6.062058729689195902e-02
6.003652089719953289e-02
6.012023191196813610e-02
6.148143491386587334e-02
5.948556635838929407e-02
6.073235019035987114e-02
6.134055319832703440e-02
6.123200675931007170e-02
6.074385132892484718e-02
5.962036443647501793e-02
6.086990682605923630e-02
6.032508101994792094e-02
5.986256519585241714e-02
5.932597378827045992e-02
6.058354880085030369e-02
6.114955552831659313e-02
6.131556064270569928e-02
5.921856461572001795e-02
6.121894690126268579e-02
6.056489012755653101e-02
6.029700381140567361e-02
6.040731299240177654e-02
6.090889187933601345e-02
6.036081674145260534e-02
5.953996144116100592e-02
6.089301087134155882e-02
6.013514762096673627e-02
5.963677257742453636e-02
6.023080619242977829e-02
6.038170773322218410e-02
6.086271620851879671e-02
5.998871989817902706e-02
6.044472142376137308e-02
5.961195473877963641e-02
6.061319786586154973e-02
6.014094742917326653e-02
6.019366868258308606e-02
6.119809251627893187e-02
5.928065983277010231e-02
6.007814318341873905e-02
5.999615219949872708e-02
5.975701888551480934e-02
6.140027568933522500e-02
5.945110220555151204e-02
5.914786755359697362e-02
6.078471042003093239e-02
6.059452406856735696e-02
6.074168350817510387e-02
6.027183728087827375e-02
6.061880232329231594e-02
6.060429132929077284e-02
6.072365330074763756e-02
6.106459588300765240e-02
6.114802953823458842e-02
6.072727807791968718e-02
6.036707728355919511e-02
6.056916277613876715e-02
6.005083142056644174e-02
6.059623515700058444e-02
6.013465010591140247e-02
6.117207541838846907e-02
5.955702145579509083e-02
6.082394917772651621e-02
6.030280906965071464e-02
5.971242820854320843e-02
5.981913779459731295e-02
6.161338927307743324e-02
6.066408448425095884e-02
6.050822197834729299e-02
5.997110496038542127e-02
6.096760083470875724e-02
6.080973437893968242e-02
5.973862923301669764e-02
6.026935514191519849e-02
5.951525034940370606e-02
