5.780376956032586833e-01
5.785317614344254178e-01
5.787898744249198035e-01
5.782914570072811289e-01
5.794431498498662236e-01
5.786625253208819153e-01
5.798877653957006384e-01
5.789427811775593735e-01
5.790718340566300970e-01
5.799020654503979078e-01
5.777989221667962916e-01
5.794102685373160311e-01
5.800387165734902650e-01
5.784705180937483870e-01
5.794806970845091110e-01
5.791535780205934181e-01
5.791350750925439161e-01
5.802028570011326103e-01
5.808019436791829193e-01
5.792527058339840274e-01
5.800058091055763088e-01
5.811449818861621486e-01
5.795361528672420270e-01
5.793944853331410849e-01
5.799405929959988715e-01
5.794751103341300169e-01
5.789596318833085675e-01
5.790366853004788039e-01
5.795251784488906210e-01
5.790351293895773521e-01
5.786977834149489297e-01
5.789965222769664077e-01
5.783013656831639260e-01
5.799131524619649536e-01
5.786874015489803513e-01
5.794995888552021412e-01
5.786543370726944246e-01
5.789402488010900738e-01
5.791512393384743440e-01
5.801574601546031218e-01
5.787686748949113502e-01
5.802656093227009926e-01
5.802368150875006902e-01
5.799324451599543462e-01
5.778159779751133041e-01
5.792699982852227425e-01
5.803021099806220384e-01
5.801884031116290030e-01
5.788054940706162110e-01
5.796760457858527449e-01
5.785963234733804139e-01
5.793495479113149882e-01
5.798007793324648773e-01
5.789556996993117099e-01
5.780642700696041469e-01
5.788948637948403420e-01
5.804753371045472399e-01
5.793069887665331930e-01
5.792481595967762242e-01
5.801425751920123997e-01
5.794581016937978557e-01
5.780058331261965776e-01
5.791227172027044734e-01
5.796831594307374491e-01
5.798360130489890185e-01
5.787913864502826078e-01
5.783008976650240163e-01
5.791344972028638072e-01
5.802521173910126784e-01
5.797975662398484609e-01
5.794654806859947938e-01
5.803947739035846265e-01
5.793031672164008494e-01
5.793828830660132656e-01
5.796849360161113740e-01
5.801286054318239849e-01
5.801034101639965801e-01
5.793945180065953604e-01
5.795024759803405479e-01
5.797413653463060479e-01
5.787689794460704196e-01
5.792375853190325774e-01
5.794112478106636654e-01
5.798149402405421426e-01
5.796028267722339589e-01
5.783651590680040089e-01
5.787258239712529395e-01
5.791808990277361735e-01
5.795899333966945122e-01
5.807767661088999445e-01
5.802090196569825720e-01
5.787134298319931425e-01
5.792028590654172415e-01
5.784495926038928371e-01
5.792463812250605582e-01
5.793043388197214316e-01
5.787477103702479697e-01
5.787349267929342567e-01
5.800067756449261980e-01
5.791334008097169805e-01
