8.815844971068913516e-01
8.824287306104461326e-01
8.837480640311947688e-01
8.827476561211651251e-01
8.831031285641075534e-01
8.833673429623833950e-01
8.837159664816616189e-01
8.835887141848234316e-01
8.833034724041968211e-01
8.841833401366193668e-01
8.830751389206106250e-01
8.833564961314145370e-01
8.835105709966015741e-01
8.830678209291675795e-01
8.832826745945578928e-01
8.829785307914057579e-01
8.832326941321752001e-01
8.830256104314240240e-01
8.827235733783381777e-01
8.830979534162606281e-01
8.829151971133387677e-01
8.840186023393729053e-01
8.837741667701560777e-01
8.830988198538864964e-01
8.833292567799169159e-01
8.828998014095446045e-01
8.830274247184738412e-01
8.831735091923288428e-01
8.832217539845174104e-01
8.825136686962533616e-01
8.834189227751874096e-01
8.826697193352541770e-01
8.834253146015564884e-01
8.836454482106566033e-01
8.843487844322673874e-01
8.835815451271276100e-01
8.837558846284403469e-01
8.836479658806943860e-01
8.830778176647173794e-01
8.826678528767317733e-01
8.824604397400076516e-01
8.823750336122941906e-01
8.832104920133176940e-01
8.825970955446450494e-01
8.835346538306565467e-01
8.824271771776882600e-01
8.827286325373850939e-01
8.831628956355679350e-01
8.836035906031036724e-01
8.831994865942576212e-01
8.835365770895935444e-01
8.823458538185202649e-01
8.824248392771638638e-01
8.833993945898734879e-01
8.821284896201385672e-01
8.831123725562534110e-01
8.823887776051555498e-01
8.834491261168062604e-01
8.830533125267573391e-01
8.830690648731442938e-01
8.822158487193140219e-01
8.832096488328839978e-01
8.841403481076639537e-01
8.834347060551606123e-01
8.833616877212455698e-01
8.831278055920919190e-01
8.828492971183254934e-01
8.828155039508558399e-01
8.837807549556883080e-01
8.852852202449894570e-01
8.828991021325871547e-01
8.830818575850745145e-01
8.837358606507430547e-01
8.824401539362874969e-01
8.824189615980144730e-01
8.823799853072894495e-01
8.823490414232445511e-01
8.830325537669463376e-01
8.841663648453148561e-01
8.830639649073814823e-01
8.825148590505706991e-01
8.826694772184859872e-01
8.831288125822566171e-01
8.827942554122327756e-01
8.839178616227578722e-01
8.842986732285782470e-01
8.821106403281941954e-01
8.825022564473880005e-01
8.841624914978997163e-01
8.833957700749468511e-01
8.835733828706915371e-01
8.828890622494954821e-01
8.827748709696383589e-01
8.828581033006887013e-01
8.831074170567819737e-01
8.832425422529601722e-01
8.821298491917746176e-01
8.826224985979114201e-01
8.831255568398463929e-01
8.831165221078545180e-01
