3.049057534134518299e-01
3.060741853983844352e-01
3.067655808941459616e-01
3.062152289155131157e-01
3.072784736670073902e-01
3.057650959016210424e-01
3.073455878092191118e-01
3.074009273143210041e-01
3.064237736483723107e-01
3.061075397461732739e-01
3.066601948471108785e-01
3.059033399759810701e-01
3.056403639342057388e-01
3.065652419050841071e-01
3.071170539296771973e-01
3.068028430068443502e-01
3.061067197644654070e-01
3.060052955309601752e-01
3.058626244192699795e-01
3.051959891983058726e-01
3.057975448639339566e-01
3.066995964216767678e-01
3.073480047585447350e-01
3.059694602738523006e-01
3.054924186345797099e-01
3.055466802528681303e-01
3.061590030156552400e-01
3.065470691812592352e-01
3.059003974833541806e-01
3.075036797283138834e-01
3.048745730090420825e-01
3.060237183310118847e-01
3.071548630358718057e-01
3.049954163139282359e-01
3.062318869397758214e-01
3.070968214826315656e-01
3.070362825166053633e-01
3.067532438935838268e-01
3.071285712826652969e-01
3.074036003209165147e-01
3.071303002642165048e-01
3.056479800984087669e-01
3.071145857997061857e-01
3.063874193706867533e-01
3.051604251959412761e-01
3.061764164931859433e-01
3.067312158322640370e-01
3.070269553558419018e-01
3.051699700143543081e-01
3.062630893848180547e-01
3.068698152093361498e-01
3.058828840073558597e-01
3.065620478274981298e-01
3.056738676695393564e-01
3.069542130716345629e-01
3.072260828741944505e-01
3.063778761775416415e-01
3.069401030692454069e-01
3.061939557531126455e-01
3.055705209994410421e-01
3.062087817025724856e-01
3.066162555133297163e-01
3.063484430101506284e-01
3.061887062391673853e-01
3.054967351585827218e-01
3.060926877697664472e-01
3.059774834750127459e-01
3.064679536191249887e-01
3.066154928717987893e-01
3.071450190836941818e-01
3.058761961851810263e-01
3.057012271175645335e-01
3.059330388882642859e-01
3.052000932625395513e-01
3.059001554320964211e-01
3.056038755818580865e-01
3.061625179051222778e-01
3.064013834152414795e-01
3.073081705168994038e-01
3.057158881118782201e-01
3.064606149582421168e-01
3.061163967734010227e-01
3.056896763279437490e-01
3.054631704883923327e-01
3.059227165044134389e-01
3.061138261513211001e-01
3.064460697966247538e-01
3.061990497965866309e-01
3.059418170317602104e-01
3.063822558059702827e-01
3.068597535542909038e-01
3.061763091204492970e-01
3.046744370095840759e-01
3.060714546723715679e-01
3.049649388194272115e-01
3.059883957643074193e-01
3.060930573869460325e-01
3.067203882374228141e-01
3.071205275623846154e-01
3.056162947157550214e-01
