9.537939369856081040e-01
9.544673958570526473e-01
9.537264142711248116e-01
9.550978206590381436e-01
9.559383833626884375e-01
9.552735082236648578e-01
9.544700538530243028e-01
9.533767571396558616e-01
9.556467490342663851e-01
9.543402970708658728e-01
9.544175951807941649e-01
9.531145815542927391e-01
9.538726602459222104e-01
9.550095412412273888e-01
9.554661793058678576e-01
9.541328173100691590e-01
9.553421998710022178e-01
9.555767310218925559e-01
9.547039873710729818e-01
9.534200172007394336e-01
9.543900948939111339e-01
9.550823685359203230e-01
9.541783357569273427e-01
9.555195167422005920e-01
9.549005111391922762e-01
9.543082251715824249e-01
9.541533926344116789e-01
9.541000823224389249e-01
9.535016718025548510e-01
9.534242812674961209e-01
9.550154543268282170e-01
9.557791827976263033e-01
9.533721183988422831e-01
9.557739856241047605e-01
9.545917571206294916e-01
9.546455950586929529e-01
9.532795817788576320e-01
9.550326646674969222e-01
9.545805440369483641e-01
9.543097242223717025e-01
9.550610924771414378e-01
9.538354634109240671e-01
9.547385273905227843e-01
9.545241413598395397e-01
9.537392586007245043e-01
9.548731097677414237e-01
9.549023040196158441e-01
9.542005720608354169e-01
9.539716307465806455e-01
9.541545262844898234e-01
9.550354415858551826e-01
9.543920582842353451e-01
9.550209810334652216e-01
9.543945374560933725e-01
9.542419699326394333e-01
9.547130629635737220e-01
9.547800194630035042e-01
9.554904096074445796e-01
9.542037293067158199e-01
9.544317659029220025e-01
9.542520856572768162e-01
9.539109258953013537e-01
9.547940797834515436e-01
9.555824936361529964e-01
9.548907098925861758e-01
9.541437316136400781e-01
9.549073457741850124e-01
9.541620073718576345e-01
9.547347942736879034e-01
9.541165675362965892e-01
9.549496987258742076e-01
9.551641018289510621e-01
9.552009923334690011e-01
9.545898931669254406e-01
9.529079428480380365e-01
9.537908883651436964e-01
9.557889060598332431e-01
9.541996996340129655e-01
9.543573098818878275e-01
9.541884667351141491e-01
9.538929742172714832e-01
9.540048673896295295e-01
9.545154530828329209e-01
9.555181835129504808e-01
9.549140686672982214e-01
9.548350977955870622e-01
9.548923060134794083e-01
9.541136897354879354e-01
9.544635757337620596e-01
9.549218526270424334e-01
9.558710346536096747e-01
9.537854396248504063e-01
9.548228165492980146e-01
9.544063326965597227e-01
9.547694466160294713e-01
9.552058213408849419e-01
9.555024135843326327e-01
9.539426480727062341e-01
9.552876362907061214e-01
9.544117903841995432e-01
