9.337591809568910328e-01
9.334610850934084159e-01
9.335597741187788845e-01
9.341778199208434774e-01
9.340676780180670047e-01
9.344556891944624244e-01
9.327446359354782945e-01
9.345593586421085952e-01
9.332826261011715197e-01
9.336256033982139879e-01
9.327816109370274944e-01
9.337037990852100622e-01
9.342928933659315760e-01
9.326080160220451276e-01
9.339793668564221329e-01
9.340200407019491058e-01
9.332175918058411845e-01
9.329525278251933340e-01
9.347560538601800140e-01
9.333167115969533967e-01
9.332270003580409590e-01
9.337835513981702640e-01
9.338215433520592468e-01
9.344132225892125554e-01
9.347210755181227793e-01
9.341619665795096727e-01
9.335286488410012851e-01
9.339169457121230256e-01
9.345657942269566254e-01
9.335903931464100136e-01
9.331282436664383173e-01
9.332200269747832344e-01
9.333312475635517913e-01
9.343877256282069332e-01
9.342619809295762412e-01
9.339225955606457186e-01
9.341546647438789819e-01
9.343840112366783579e-01
9.337298228614415718e-01
9.330088933520905847e-01
9.342689923050240264e-01
9.334941648457939500e-01
9.341782089408807721e-01
9.330887227756523572e-01
9.337284154813716430e-01
9.337778581693449986e-01
9.338296902301890245e-01
9.332972798350052113e-01
9.344722421234150644e-01
9.333658867628525924e-01
9.337888420777656906e-01
9.326586440363120456e-01
9.339613864284679323e-01
9.340190070946645662e-01
9.342069283958129855e-01
9.344581283071198285e-01
9.334686450582956319e-01
9.331318571563219644e-01
9.337474506157181775e-01
9.346560918862130141e-01
9.353822998647786102e-01
9.339046538668098751e-01
9.344582831470917839e-01
9.338791238599408739e-01
9.343546013813610607e-01
9.336578605165077871e-01
9.329352339576877373e-01
9.333996995752094072e-01
9.340398383630902357e-01
9.331919295784758539e-01
9.336765427012325702e-01
9.344689484205719321e-01
9.343668830645233125e-01
9.344730934142612133e-01
9.334400675936727065e-01
9.333638303052651519e-01
9.334834865051562236e-01
9.349460444189706676e-01
9.336660151691807963e-01
9.339129318343981634e-01
9.330673930154418372e-01
9.327131887340524008e-01
9.350948901031533866e-01
9.334217489713432236e-01
9.342634939888159185e-01
9.347310739498571053e-01
9.337939024200665461e-01
9.350440632570079513e-01
9.333853991123512994e-01
9.354241309134307958e-01
9.324006262215991381e-01
9.348199981657798752e-01
9.337535630500080064e-01
9.340513016959800519e-01
9.348782925063541249e-01
9.339193959723640637e-01
9.333793734280765308e-01
9.337571685787217080e-01
9.350580910853715233e-01
9.338704742447813123e-01
