7.910845239245409277e-02
8.017213871395971470e-02
7.951506580478186204e-02
7.938760452576999749e-02
7.861212462558306302e-02
8.049490700228231765e-02
7.923443283774161960e-02
7.786659827756756136e-02
7.938446779872648795e-02
7.831320047528102235e-02
7.875307955925678338e-02
7.904994506410759070e-02
7.908464641521528726e-02
7.944534338211881042e-02
7.963019384329751704e-02
7.750251942755839729e-02
7.873479861146150116e-02
7.986997213831570352e-02
8.016543797309522157e-02
7.964624492427685443e-02
7.921560904270234793e-02
8.002618755061204070e-02
7.795358182638545408e-02
7.865994049980642999e-02
7.721324027383827393e-02
7.811327203072992997e-02
7.855318121899798611e-02
7.901710004027016898e-02
7.904216624519380674e-02
7.982451498121247158e-02
7.918132884622289258e-02
7.842889475556316659e-02
7.895632632915303151e-02
7.957386372622077264e-02
7.935612389787075061e-02
7.862518582962473024e-02
7.832693794645512186e-02
7.936103161283086793e-02
7.845196958859319836e-02
7.948445357482830653e-02
7.954708640738311631e-02
7.887629797014500399e-02
7.950189141443606000e-02
7.977108173082012033e-02
7.806218043544957408e-02
7.950829874899210947e-02
7.840399273262002589e-02
7.975023514360699006e-02
7.859027127988081618e-02
7.949611504890535807e-02
7.999162332538528597e-02
7.829282505518780910e-02
8.019065403626034205e-02
7.948306345410142970e-02
7.853944376729116161e-02
7.893827621676757778e-02
7.956860472491611436e-02
8.067617722836013805e-02
7.923481789306181799e-02
7.914506583036051701e-02
7.871807209039387299e-02
7.889102214921134282e-02
7.939978407131914606e-02
7.862943355119082767e-02
7.890347948402141876e-02
7.921489500773958026e-02
7.959303608964315990e-02
7.863692476081257654e-02
7.895391361472370306e-02
7.873067409470070610e-02
7.987177101542745905e-02
7.839378280510513053e-02
7.905116507896557676e-02
7.961950584919208485e-02
7.824023855857828447e-02
7.930644255975521917e-02
7.810172650560873175e-02
7.901118622911164346e-02
7.932803826488031562e-02
7.984977903126985743e-02
7.934180108637868545e-02
7.673612968148123270e-02
7.870979758750443200e-02
7.845974815691608706e-02
7.876404949227512609e-02
7.738408674059563119e-02
8.000049765023856119e-02
7.909760773469591555e-02
7.889610515886770481e-02
7.891033783760059706e-02
7.896099647196491711e-02
7.823241341657946601e-02
7.902520054745561240e-02
7.818219243478372049e-02
7.853299113639927720e-02
7.810127864185409385e-02
8.005246530126616800e-02
7.949567683110658756e-02
7.908216728956302122e-02
7.907552741662006446e-02
