9.120117023441462467e-02
9.160214443116743155e-02
9.298430755753953059e-02
9.182048326588773679e-02
9.249326421148787447e-02
9.193851136861547202e-02
9.227568538471926651e-02
9.251820935546103963e-02
9.218628949339111034e-02
9.234014359744911749e-02
9.347955867086502058e-02
9.284326172948706435e-02
9.202603518762764168e-02
9.199252121405389337e-02
9.255645680009955134e-02
9.226250265380264715e-02
9.218039273627161301e-02
9.193504760662532527e-02
9.260791697548467760e-02
9.168671030317013249e-02
9.222738554096200636e-02
9.096104397121460017e-02
9.209930985909518808e-02
9.105005211872591042e-02
9.252469453013363598e-02
9.326368750765304250e-02
9.196415389006801222e-02
9.118604650562030234e-02
9.253036760223498636e-02
9.274277224221839921e-02
9.215039179513354051e-02
9.261219835527829958e-02
9.226581667388522590e-02
9.128437931433014407e-02
9.320821806255988329e-02
9.249506805342561089e-02
9.271594661339119248e-02
9.220074714517127734e-02
9.241751511183075862e-02
9.232494058113671631e-02
9.183714577754320540e-02
9.168504167307105213e-02
9.215845140999245899e-02
9.297509655147033480e-02
9.198096682910500421e-02
9.234041333753534309e-02
9.347521944585478193e-02
9.227089428571715046e-02
9.304497473160497356e-02
9.176671010980799736e-02
9.205834080885592907e-02
9.237640563261576010e-02
9.167899728686687566e-02
9.327775604017388145e-02
9.168653564258874566e-02
9.204174161623530914e-02
9.254092385726128689e-02
9.145583949674079838e-02
9.279912402466375387e-02
9.169032593256878916e-02
9.173622413351693872e-02
9.230147155953102867e-02
9.225395782455045324e-02
9.220131569299454266e-02
9.170831830385384187e-02
9.243739616402191217e-02
9.211819006455893022e-02
9.229670323134586685e-02
9.244599574246387119e-02
9.216865455180264788e-02
9.252450850535706706e-02
9.289541876753562577e-02
9.230433451542582879e-02
9.331381351077328024e-02
9.188652905812266791e-02
9.252311322273414074e-02
9.253407341176961287e-02
9.240002195721178091e-02
9.178487543282387584e-02
9.181471917676944927e-02
9.116963076973143287e-02
9.138034471111007584e-02
9.255673122115953833e-02
9.232262018581906260e-02
9.100446540223494640e-02
9.295146041865481878e-02
9.263868619947561445e-02
9.198243212690006276e-02
9.197085586579806238e-02
9.105382271795881000e-02
9.305791285236585109e-02
9.212017276195727522e-02
9.107062608971909501e-02
9.209573905018939022e-02
9.275168442825251769e-02
9.252930524123915978e-02
9.177547123490537029e-02
9.220100868011835149e-02
9.167399515662698339e-02
9.305015658247069166e-02
