8.618655131583523588e-01
8.621431040970889415e-01
8.623473695193490940e-01
8.620881685754244739e-01
8.625791116862098207e-01
8.618215607566788172e-01
8.627755618810848404e-01
8.631617390924827271e-01
8.634109917351849850e-01
8.626014154990293559e-01
8.615099580904902465e-01
8.624398472252712278e-01
8.627082456692161117e-01
8.625119818668667282e-01
8.640195092681359768e-01
8.623768622512617554e-01
8.627331944009208886e-01
8.625432093652053434e-01
8.616858091724770574e-01
8.626309350532603837e-01
8.625932770261184324e-01
8.620880163894766302e-01
8.622537027913739216e-01
8.623911060021408614e-01
8.630670353149847429e-01
8.632900515882129255e-01
8.618106370095217628e-01
8.622369506694005370e-01
8.616043600044265283e-01
8.623560687429050464e-01
8.623582297482659254e-01
8.635636590403070745e-01
8.626251376301318219e-01
8.634228955450302667e-01
8.633258318916909868e-01
8.632915331992044861e-01
8.626986518806238902e-01
8.617202615753696282e-01
8.627935173981193806e-01
8.631907259791151699e-01
8.636158530587783044e-01
8.634983319343128016e-01
8.627460837786233849e-01
8.628912706298736968e-01
8.638568544345610611e-01
8.635179269787893741e-01
8.629044776299181763e-01
8.626296271363808055e-01
8.628421540344614060e-01
8.622294509446744026e-01
8.624109647487405717e-01
8.624353843921150897e-01
8.628690188197265520e-01
8.627744246928144012e-01
8.620793926875753854e-01
8.632463140663388934e-01
8.633728784127310263e-01
8.620611820963985927e-01
8.627823993709307082e-01
8.616653465907382348e-01
8.623642414900604125e-01
8.630881467233868509e-01
8.626947781960738748e-01
8.624676995390191392e-01
8.631494316073475837e-01
8.624218094166034021e-01
8.625958497528312119e-01
8.608879457983509287e-01
8.625877791752216694e-01
8.622449364415787354e-01
8.617530528264335521e-01
8.626418926373908835e-01
8.619591567302796742e-01
8.621094358394253421e-01
8.625988751547772893e-01
8.615420211761378733e-01
8.639181588808274581e-01
8.630847397996568304e-01
8.634075594390324682e-01
8.624425489749555362e-01
8.620112267438657661e-01
8.626279740031451704e-01
8.619893176667556833e-01
8.622933402212099585e-01
8.618437386486279550e-01
8.621179676165053873e-01
8.628327216320024196e-01
8.618327475911208291e-01
8.627190486204358022e-01
8.627568259455909994e-01
8.620810953496460538e-01
8.628584427804867341e-01
8.634741197454893769e-01
8.639408846183377344e-01
8.626125864659373033e-01
8.626264733169866084e-01
8.622746589787527727e-01
8.616016708100379118e-01
8.628760286800868373e-01
8.647615067611595929e-01
