9.525143693744153595e-01
9.540039962245601135e-01
9.540049222394682005e-01
9.547697432723591948e-01
9.542882395899036085e-01
9.544044870414550852e-01
9.519043097822448285e-01
9.542705594099172295e-01
9.531023625635295371e-01
9.532990185194850641e-01
9.527026543886307763e-01
9.535397573949331296e-01
9.538190248146112271e-01
9.543917953327440973e-01
9.543268770073709550e-01
9.548121120940122886e-01
9.533185253023133132e-01
9.542290119702392381e-01
9.534117491415678991e-01
9.529516487873872510e-01
9.532825750089157779e-01
9.533174809883462331e-01
9.538994654686782093e-01
9.541956169527328058e-01
9.535930278297222173e-01
9.538181753365823079e-01
9.538105378075121266e-01
9.531325786060809158e-01
9.524816597247960370e-01
9.535512218228463510e-01
9.528314349953990181e-01
9.542005122428376396e-01
9.530170331941418826e-01
9.533155298058036964e-01
9.544296610443864237e-01
9.525617099333456572e-01
9.542982249362229608e-01
9.543140508039884562e-01
9.553441451775515070e-01
9.523194346854948478e-01
9.538860359464649274e-01
9.526629393174219640e-01
9.541758950843637344e-01
9.535602785904035983e-01
9.531956810758612786e-01
9.533793806356625211e-01
9.528404555894653960e-01
9.527977752278498080e-01
9.544150826816345523e-01
9.540004231908114640e-01
9.543722032126791266e-01
9.527198037622197635e-01
9.538783455457495730e-01
9.540989011979550405e-01
9.531461901555697835e-01
9.542205925893199048e-01
9.532821330252183589e-01
9.540576943128258325e-01
9.531920696933409154e-01
9.542357852896470316e-01
9.541508026321834368e-01
9.535951263008576317e-01
9.536011579038525809e-01
9.545785857212163439e-01
9.536534154314086908e-01
9.540796989135900130e-01
9.535455893463481436e-01
9.535478997685677971e-01
9.530306668203188947e-01
9.543760120123402357e-01
9.539971549907066972e-01
9.532715397873755547e-01
9.537037336048282965e-01
9.542674171708901421e-01
9.528052773950155263e-01
9.535403939564406350e-01
9.540592603360803503e-01
9.542808942740049760e-01
9.550930237617875074e-01
9.541651955794241413e-01
9.523475539556360836e-01
9.536177403290677645e-01
9.536136572680551371e-01
9.536881722298813369e-01
9.545421396881128562e-01
9.531261871606735436e-01
9.535009830877319015e-01
9.541930467800321392e-01
9.540889137312897894e-01
9.535644564926171185e-01
9.533496662547975564e-01
9.535753259167130125e-01
9.534461430012803884e-01
9.536600365385599076e-01
9.542046563976485096e-01
9.529984021124611182e-01
9.549658134124259234e-01
9.536963299213240264e-01
9.546588476087226605e-01
9.538842613357880751e-01
