6.562018971879911566e-01
6.577006537078349258e-01
6.581064064978585648e-01
6.592129113098458282e-01
6.577193129833422969e-01
6.581037800167747198e-01
6.580281946863997256e-01
6.588608255703978234e-01
6.583341221663607801e-01
6.577725603091868489e-01
6.582599721765627354e-01
6.584678635255840629e-01
6.592824421051328709e-01
6.574714574690121438e-01
6.588269567005192728e-01
6.582582022568441715e-01
6.596930729134886651e-01
6.581347338602827612e-01
6.576501803658604262e-01
6.589211695490881926e-01
6.576788578644366945e-01
6.583381719162152423e-01
6.577283145386134677e-01
6.588579310060954652e-01
6.592524867874681727e-01
6.595561137619916359e-01
6.576532496914484494e-01
6.591649644260160201e-01
6.598773591492401724e-01
6.585262564493656878e-01
6.596951320986363942e-01
6.590947719780166913e-01
6.591118448198381996e-01
6.574632057624896220e-01
6.582873986322899107e-01
6.581368219206653603e-01
6.586916065477848026e-01
6.591794519217092363e-01
6.580007760576429554e-01
6.587861132645573825e-01
6.588735263954839105e-01
6.583777065234923676e-01
6.587376357402627836e-01
6.591221750435494187e-01
6.583509431378860022e-01
6.573807316594448835e-01
6.590260525660892599e-01
6.583981379757497532e-01
6.586663922839155472e-01
6.571163488622338011e-01
6.592499138854150953e-01
6.588901412113099543e-01
6.587188617421170234e-01
6.574701224083319140e-01
6.582449162632995066e-01
6.585521797036564262e-01
6.592885255988496507e-01
6.585938354511442494e-01
6.592405603259046121e-01
6.582089522717792240e-01
6.584600446608601665e-01
6.581577243903933283e-01
6.590240658288044617e-01
6.586209978477239879e-01
6.580587199001605159e-01
6.583221560482068746e-01
6.584638721707081199e-01
6.595266363716822955e-01
6.587138715129554623e-01
6.577954245137227485e-01
6.590224541399685165e-01
6.584101970227698164e-01
6.591082035266737638e-01
6.590546656841214102e-01
6.584517705408392541e-01
6.583733832807348030e-01
6.590191485676344385e-01
6.591951308198640280e-01
6.581937346915444076e-01
6.581105233790546238e-01
6.582368056682308399e-01
6.583627588452439783e-01
6.578608580228524350e-01
6.589067306197240459e-01
6.572205860565957236e-01
6.589684213228074183e-01
6.580664975490638779e-01
6.587313245486496882e-01
6.602590344951014822e-01
6.578346174196033624e-01
6.576972940215273233e-01
6.587983375437329592e-01
6.593549128284554861e-01
6.587038953281582065e-01
6.579482338573219291e-01
6.581069797961114354e-01
6.576982064827829877e-01
6.578401559464048809e-01
6.576245056873226691e-01
6.581421506083826589e-01
