1.046211108906223153e-01
1.055325641569829498e-01
1.053583713740428723e-01
1.054459690403199423e-01
1.060636509848511821e-01
1.044497435624914816e-01
1.052463618502023357e-01
1.053192156440360128e-01
1.042564364377565056e-01
1.034095112878634926e-01
1.053252116180212195e-01
1.039376853839948933e-01
1.044868886566148736e-01
1.049559159604008668e-01
1.046079170331908753e-01
1.050956199406569286e-01
1.041123559827982770e-01
1.051936045377313000e-01
1.050614800596834653e-01
1.042013305779323218e-01
1.044339280788153801e-01
1.053584888780876028e-01
1.040212664987343605e-01
1.039362810259441827e-01
1.036336655812513108e-01
1.037004829317791782e-01
1.046442756288943204e-01
1.054985377957765313e-01
1.052524851532628536e-01
1.037697800953689131e-01
1.045809054608221045e-01
1.049841029856721786e-01
1.042400319031185074e-01
1.040768622852469294e-01
1.036785612485494196e-01
1.039115231237151271e-01
1.049765105762443251e-01
1.044536513880297557e-01
1.047503914576330269e-01
1.052904108862538907e-01
1.047906599523757698e-01
1.050957840010195571e-01
1.043835393668223477e-01
1.043116084222786011e-01
1.052082654860041211e-01
1.038421591758440510e-01
1.058620474824879948e-01
1.050762489960257312e-01
1.040648701938668985e-01
1.052929949349823563e-01
1.051306660112012598e-01
1.039136402265647408e-01
1.044750995019860795e-01
1.044633746671420893e-01
1.045107406568706182e-01
1.039425575425786258e-01
1.046173481705514885e-01
1.042979693117698781e-01
1.046098400322317268e-01
1.050926219049526933e-01
1.037789517398788053e-01
1.040935284591669729e-01
1.051271924314568090e-01
1.039461971839264753e-01
1.051182189936304967e-01
1.043415050825743928e-01
1.042986402001388757e-01
1.049704447169013954e-01
1.033140559399625957e-01
1.047588416727624067e-01
1.041902590422041919e-01
1.052215489784925906e-01
1.047949682237438729e-01
1.053970878581896586e-01
1.050132361815001997e-01
1.046111118860354877e-01
1.038214123596663541e-01
1.044582772162077899e-01
1.044175626420928427e-01
1.050505273162198050e-01
1.043893425217018167e-01
1.052200316515180534e-01
1.042370722260719251e-01
1.051337761259780457e-01
1.044173531592143128e-01
1.050029042002150748e-01
1.049154737953302274e-01
1.046882154276689014e-01
1.050719599534099546e-01
1.049358333173135149e-01
1.041752121902730643e-01
1.042952683105624889e-01
1.049560390392150211e-01
1.052253411816830020e-01
1.036850597814925473e-01
1.050331843853085090e-01
1.047972389719629693e-01
1.048252804993985571e-01
1.037414944123002947e-01
1.045803055221420919e-01
