7.881106505292463371e-01
7.900443121224105525e-01
7.896297280431749943e-01
7.890621077506813075e-01
7.882729979352796068e-01
7.898522388851616505e-01
7.895102955462776073e-01
7.889398555840858585e-01
7.884692927662423356e-01
7.890436396565582156e-01
7.899067826627956812e-01
7.897186245638294633e-01
7.896744151547488988e-01
7.877843625257441307e-01
7.894151641162978628e-01
7.894131266510284739e-01
7.901442860912220034e-01
7.897575277705088936e-01
7.894265136207058164e-01
7.893236446510175641e-01
7.894871890052116425e-01
7.882857127352675963e-01
7.893968680112446457e-01
7.897668639772306154e-01
7.892443857976012556e-01
7.893708706270542441e-01
7.896700956302880048e-01
7.901966793458302663e-01
7.897933201016288374e-01
7.891855313038991238e-01
7.896258542282691417e-01
7.894397957005938604e-01
7.884852478170852885e-01
7.906725152467963813e-01
7.887584705076031710e-01
7.887523224166426150e-01
7.894476598124715583e-01
7.894650706887227365e-01
7.897787149837627307e-01
7.888724245302057847e-01
7.891229355504416620e-01
7.891082750099918108e-01
7.887406430090786458e-01
7.895900774070231387e-01
7.885401355671007861e-01
7.900969865688032279e-01
7.895682073742231744e-01
7.901231599193060395e-01
7.907957933332667722e-01
7.900027795439824585e-01
7.888239183187539805e-01
7.898569033681481777e-01
7.894563439577350072e-01
7.885535150567144491e-01
7.894792451466148275e-01
7.894104601605672622e-01
7.895148625090465666e-01
7.886352532375286994e-01
7.902776602666707895e-01
7.890910411253559964e-01
7.897672655961768262e-01
7.888384064312529143e-01
7.902485603533770941e-01
7.894492272830417878e-01
7.900365463065821547e-01
7.898028749312770991e-01
7.898297385388887148e-01
7.893594447053230434e-01
7.893937026025505954e-01
7.890507219201330358e-01
7.904805744301492965e-01
7.895853961129708498e-01
7.889153538381190600e-01
7.903243734868179438e-01
7.886780221311799899e-01
7.900174662027993344e-01
7.907474625042567595e-01
7.891086374604889819e-01
7.907456429186591196e-01
7.908006959490325727e-01
7.892624541272106331e-01
7.888373236105727937e-01
7.894350111373482637e-01
7.889359843334451394e-01
7.908823518861498592e-01
7.903028151632326415e-01
7.887977712238271044e-01
7.891266766715900882e-01
7.902149676401557521e-01
7.891045056791696766e-01
7.902757155341858519e-01
7.884662103843746994e-01
7.879216390219022648e-01
7.899008375704723584e-01
7.899557843074311858e-01
7.889412436152949404e-01
7.894343569383228676e-01
7.887166593948999882e-01
7.889651641632249301e-01
7.894802427436606873e-01
