6.298304019775793350e-01
6.303387841992023066e-01
6.314855537668673247e-01
6.313883229642501815e-01
6.309821886184823203e-01
6.311168028170883737e-01
6.314584792676098957e-01
6.316937519412921809e-01
6.312831074980029822e-01
6.313404557161739206e-01
6.309809950159271930e-01
6.317897151921921806e-01
6.313671015376612905e-01
6.318898052313377534e-01
6.309203613102953856e-01
6.323168449987310868e-01
6.327649130051300475e-01
6.314491706819505001e-01
6.324304725026279606e-01
6.321247843478975392e-01
6.316023028620068036e-01
6.309818043625303741e-01
6.316608825730314347e-01
6.319458864966006617e-01
6.307827618076060627e-01
6.310567531066413327e-01
6.305120123761778217e-01
6.303225542968826645e-01
6.309579683166822717e-01
6.320176059805762137e-01
6.311770993522787254e-01
6.313642429784501742e-01
6.318550312137117819e-01
6.314895600301492218e-01
6.330243133481663342e-01
6.318296953757274181e-01
6.318911911988296382e-01
6.311860933845084842e-01
6.320566931554103540e-01
6.310524241715935734e-01
6.311722104291571656e-01
6.318654165278672075e-01
6.321651279912487986e-01
6.323203610490315540e-01
6.310936086063709816e-01
6.324947082278785659e-01
6.311676089989544103e-01
6.315674410074088030e-01
6.318817035865175180e-01
6.315172969320627105e-01
6.320392753149999265e-01
6.313575295989237723e-01
6.312912306188382949e-01
6.326740259606631334e-01
6.303073450334734096e-01
6.313398294630832019e-01
6.316159405457145715e-01
6.309354464094482084e-01
6.318585915630335892e-01
6.320954384209056531e-01
6.317383840398403949e-01
6.318995657999548765e-01
6.302915458762963219e-01
6.310684032741020744e-01
6.313803886278348543e-01
6.307233017306965728e-01
6.302671433989583960e-01
6.304350793638577866e-01
6.317111243889935723e-01
6.313162135916692286e-01
6.304565915353932404e-01
6.322664028122806368e-01
6.315294377260353142e-01
6.316680063531388001e-01
6.306891885174987777e-01
6.315379379952865690e-01
6.320505057831626861e-01
6.326072857610863798e-01
6.311033596346997676e-01
6.307648787914308386e-01
6.314878122691578444e-01
6.327023034822771841e-01
6.324641807967222862e-01
6.324239626422568650e-01
6.308350465516786576e-01
6.316721195607959416e-01
6.324581838777801890e-01
6.321141017810341101e-01
6.322120002798681249e-01
6.324832915532616617e-01
6.304697412107576060e-01
6.311259947918556046e-01
6.308903012916607933e-01
6.310123330092870519e-01
6.308501653082195793e-01
6.316171546076009280e-01
6.315552380327924542e-01
6.316250949345396659e-01
6.311167040328775624e-01
6.314643010998770567e-01
