7.737285171699833652e-01
7.747555261791002623e-01
7.748717462778239584e-01
7.748756285888628303e-01
7.736480940604479883e-01
7.753273131443618738e-01
7.756034529050678250e-01
7.739440155506951413e-01
7.746321452982413147e-01
7.738841628992294552e-01
7.734305326092247856e-01
7.746658543765712057e-01
7.756407149224586739e-01
7.741131257796899368e-01
7.752327856276646223e-01
7.747502795547803744e-01
7.749894799768363152e-01
7.746134769835200107e-01
7.752758358364968405e-01
7.748428768267910938e-01
7.753953727928875050e-01
7.734686407948097031e-01
7.749912062605857077e-01
7.755941361108389387e-01
7.750480091389797543e-01
7.748054975511555753e-01
7.753375359625502838e-01
7.751070918434044277e-01
7.745779541439545834e-01
7.738936547068817617e-01
7.742541425094139340e-01
7.749274185241494806e-01
7.746779816836117938e-01
7.749327254805400411e-01
7.741939543733454832e-01
7.747243131390765258e-01
7.737998951408862069e-01
7.740287306922803978e-01
7.758344816162660029e-01
7.751167584406837285e-01
7.736488200859139575e-01
7.749050410564615188e-01
7.748525712749497751e-01
7.745260632648558463e-01
7.742474815348385775e-01
7.741137446547800005e-01
7.743172621997720384e-01
7.732612549948445491e-01
7.748128411127293003e-01
7.748552577393594820e-01
7.746329656684909359e-01
7.739607612043053475e-01
7.747874433887369516e-01
7.752203926851359839e-01
7.742708713957173750e-01
7.755136586664159726e-01
7.732959811902091474e-01
7.746425783460114678e-01
7.743541424332210932e-01
7.753953333225510614e-01
7.742321815314344713e-01
7.748453057487674212e-01
7.750347338709671074e-01
7.741717683731983435e-01
7.746979459228362508e-01
7.751778149765918835e-01
7.756584581975549675e-01
7.736117664618950007e-01
7.743841134902649248e-01
7.748259391568810273e-01
7.743359702217971208e-01
7.734367015747263263e-01
7.740575402070709599e-01
7.746461127452539674e-01
7.753097661158031562e-01
7.748004111570089281e-01
7.743557610616162989e-01
7.739943492201910580e-01
7.754211778576123315e-01
7.747622179906941131e-01
7.741182205136710737e-01
7.747982257449950172e-01
7.741410286323794354e-01
7.735150213049353241e-01
7.743363537941581054e-01
7.747347610606594159e-01
7.748231358708987937e-01
7.742351318523171821e-01
7.746440855671847814e-01
7.740893402356122666e-01
7.741878227155245540e-01
7.735343419010595190e-01
7.742155754022643777e-01
7.741842510609149297e-01
7.744200048686240567e-01
7.750192757214280359e-01
7.743190979448896227e-01
7.746139991592926322e-01
7.743290752564816470e-01
7.737226748582854974e-01
