3.815323877909013728e-01
3.809118613763192718e-01
3.818874945659793685e-01
3.828197835877653610e-01
3.820486062424460760e-01
3.817005353402707635e-01
3.816041137495173041e-01
3.817727824967739325e-01
3.813313330374554222e-01
3.815951845598841707e-01
3.810631600043742351e-01
3.806208060522510150e-01
3.814835456566787464e-01
3.818337545299956837e-01
3.808854646584345360e-01
3.811885804085192175e-01
3.808289365188597397e-01
3.823441378407564373e-01
3.815477588756357452e-01
3.815530866119462017e-01
3.820127210166313070e-01
3.807182643347529760e-01
3.809174690694998588e-01
3.815557218339844514e-01
3.819916933671052561e-01
3.819378065730751337e-01
3.811979462960558007e-01
3.811076329080382852e-01
3.816759504461043062e-01
3.809191491896539716e-01
3.804138385644325604e-01
3.816870208445100610e-01
3.815568316407090266e-01
3.808794513685137550e-01
3.813916747562112741e-01
3.810145111777585303e-01
3.811690272524649314e-01
3.813182794898583028e-01
3.815310339252465655e-01
3.811584364711396722e-01
3.825008180581729311e-01
3.811940943198510734e-01
3.804550124831645452e-01
3.814965849286821031e-01
3.823268819950044195e-01
3.811534214558682798e-01
3.811790461541294528e-01
3.808185559880237214e-01
3.815459113247580136e-01
3.811850738656697990e-01
3.808113275090977412e-01
3.818587054049690233e-01
3.818266385124374773e-01
3.818492745795847298e-01
3.813960791878914236e-01
3.816950185641518334e-01
3.804899205105037319e-01
3.819070827912704469e-01
3.818219174755536072e-01
3.817295469622500326e-01
3.806434549120342736e-01
3.817429154801128544e-01
3.813193858755767329e-01
3.827558626659272045e-01
3.815113626692966386e-01
3.813235462057682490e-01
3.822360905489855520e-01
3.807388101061215391e-01
3.806164581502363697e-01
3.815858443750670959e-01
3.805445401703609898e-01
3.822140434071219506e-01
3.804259657264998928e-01
3.815290678065600960e-01
3.815199625804955308e-01
3.812077925749219331e-01
3.808498420989453459e-01
3.817722758010543282e-01
3.816180965505057143e-01
3.816723913410855484e-01
3.821859468325586873e-01
3.814705676929761591e-01
3.804602249443458373e-01
3.823457569177816096e-01
3.817653117036575727e-01
3.806709794122247192e-01
3.810892744628094353e-01
3.817090746495104270e-01
3.813418261299471590e-01
3.819074017783811170e-01
3.816590958817696055e-01
3.805018121001687570e-01
3.819241324196064324e-01
3.811077899752580711e-01
3.817537215993103139e-01
3.822658095186607929e-01
3.823148542580468989e-01
3.813582810129519385e-01
3.810457050050403138e-01
3.807892536985096887e-01
