1.508959027717401979e-01
1.501673601445293327e-01
1.509043307365340314e-01
1.497122741309650507e-01
1.521406201799761770e-01
1.502404785222072325e-01
1.513111953731874348e-01
1.511637620075317878e-01
1.509792138466432010e-01
1.502860988361283956e-01
1.510002037213543369e-01
1.509933272171575247e-01
1.523369561486056512e-01
1.511572434878525328e-01
1.504475312170890089e-01
1.516711080607398010e-01
1.503899324563610362e-01
1.499402270386166747e-01
1.506345956891927407e-01
1.509456958448337771e-01
1.505681957166324358e-01
1.508249907193826844e-01
1.512019015770858232e-01
1.508495394023590119e-01
1.511253942540949358e-01
1.512747458342577622e-01
1.508796787949908957e-01
1.501653734883544589e-01
1.501599552537014604e-01
1.509793479977495356e-01
1.522285544126401602e-01
1.501651244440022348e-01
1.515366391218650466e-01
1.499774942535881395e-01
1.516086887255825300e-01
1.516859384348832607e-01
1.510020916747865094e-01
1.518086640146255606e-01
1.509752597659911322e-01
1.511974907377950372e-01
1.504989137447459435e-01
1.504068698695902873e-01
1.507467483740724257e-01
1.490297932665408387e-01
1.519457980127574825e-01
1.510589265486681765e-01
1.507212533194787485e-01
1.523092565421598210e-01
1.511496598292550175e-01
1.505153599285357080e-01
1.512203233009138947e-01
1.518240511429782558e-01
1.509363321973229977e-01
1.506565781742787435e-01
1.509270850599245262e-01
1.505908392176832644e-01
1.514954064145722090e-01
1.509813645546024818e-01
1.509059795288404393e-01
1.508383643766568472e-01
1.501332866391539844e-01
1.509501759030310031e-01
1.518941428839744590e-01
1.507583319008105049e-01
1.496867426467919093e-01
1.511108090114316738e-01
1.506964360726795182e-01
1.503215384584472569e-01
1.513040276092212921e-01
1.507045230521489310e-01
1.498223719370663232e-01
1.507315603426624961e-01
1.514287578972518533e-01
1.512408438851611248e-01
1.513297425839573718e-01
1.516339581882913401e-01
1.499534292755399234e-01
1.515600447473238743e-01
1.514476358857435312e-01
1.504486711317260528e-01
1.515552660476836566e-01
1.504848957480482974e-01
1.511893874362872370e-01
1.507139152942455762e-01
1.506787137670627108e-01
1.509710325548841436e-01
1.504525385755330624e-01
1.504429776406640551e-01
1.516547657955963080e-01
1.513621037844335437e-01
1.513807198402993826e-01
1.508890469272775592e-01
1.499959526647129393e-01
1.507725543804444013e-01
1.508884965988269988e-01
1.515356011791056945e-01
1.510907855340334616e-01
1.507817202326734440e-01
1.518522942666704900e-01
1.512379662047238504e-01
