3.780223557606388063e-01
3.790417883506400631e-01
3.793196599811416991e-01
3.795270452433671671e-01
3.801420809156906278e-01
3.790396207223293290e-01
3.796059948975194498e-01
3.794875691448458821e-01
3.796486855722739917e-01
3.801435725884259598e-01
3.787567591576314063e-01
3.788935440864690807e-01
3.785969331012313810e-01
3.804216639045486237e-01
3.800156612875074114e-01
3.800715580541108585e-01
3.796906776973655306e-01
3.791948334474007920e-01
3.784792353772289952e-01
3.794233170156152690e-01
3.800283706694495001e-01
3.795364578880686679e-01
3.787610564466014074e-01
3.791733172306800403e-01
3.793453525854855179e-01
3.813147974582387634e-01
3.796624738199638749e-01
3.798819473540225311e-01
3.790366755271410426e-01
3.796625981560842189e-01
3.790961353212629614e-01
3.797112956786888871e-01
3.797160096971305965e-01
3.804471170925338708e-01
3.793009047552454716e-01
3.800261958374252513e-01
3.799896783982158466e-01
3.798253345961171146e-01
3.804836319382097765e-01
3.809157999981493958e-01
3.794396847350623436e-01
3.790866440501914347e-01
3.784874972934834103e-01
3.787247186505023899e-01
3.793239008219083663e-01
3.800528466244051939e-01
3.797057120697779897e-01
3.790245965472820444e-01
3.790657137694563028e-01
3.794793880079613269e-01
3.788205877994401671e-01
3.800023115885516889e-01
3.798784627331425745e-01
3.786938368047525483e-01
3.793640017604211767e-01
3.796334770762674893e-01
3.793630711830286995e-01
3.790110381985867249e-01
3.788267055834398933e-01
3.790224807489005476e-01
3.798371910120019179e-01
3.799006270514958539e-01
3.792358069394927700e-01
3.796963651135282225e-01
3.788981591521634051e-01
3.797334492805769512e-01
3.794584910009650702e-01
3.795780128551844990e-01
3.798234887370326440e-01
3.786655978054487837e-01
3.784611960539128184e-01
3.793841997824456413e-01
3.802197772356467609e-01
3.783570955680564674e-01
3.800739209093401128e-01
3.797983441597564402e-01
3.792519927347802744e-01
3.781328162897523715e-01
3.794494079665523545e-01
3.800464420947722299e-01
3.785823279499687111e-01
3.800129996892401829e-01
3.794948695142770223e-01
3.788842891655190837e-01
3.790148397368499067e-01
3.791847224939910443e-01
3.792187858780103893e-01
3.804101733814414521e-01
3.795776146318751154e-01
3.803405624290311926e-01
3.793724385451033299e-01
3.797397689419346190e-01
3.785633233114465979e-01
3.782443297335087440e-01
3.799135507988550264e-01
3.803552425377833557e-01
3.799099882233633041e-01
3.802243967959680893e-01
3.798727212440306533e-01
3.790648951286479384e-01
