7.559568055207962350e-03
9.119473597017799249e-03
9.536031962816677449e-03
9.698093531496587705e-03
8.139920855397398888e-03
8.395174513049278447e-03
9.576085819389637543e-03
7.937983306196884706e-03
8.473992344820185929e-03
8.203558463752338298e-03
8.456888322556133791e-03
8.873419008970272887e-03
8.440639659391176858e-03
8.543479417646562823e-03
8.789019037745432125e-03
8.806013385485617073e-03
7.837916463327841698e-03
9.153066633335971841e-03
9.647190944971675494e-03
9.009752488363442779e-03
8.473877963038200720e-03
8.248036144500607916e-03
8.306818198683004612e-03
9.039702298661664998e-03
8.714197570275875049e-03
8.287962817749055383e-03
7.918999686930964718e-03
8.351759000390061513e-03
7.538506035471787339e-03
9.285457451335582188e-03
8.476982403420669360e-03
8.428944272025441081e-03
7.915906207197283967e-03
8.803967750047221597e-03
8.167112472753035313e-03
7.463144783361084014e-03
8.312659263506470136e-03
8.437890603375092918e-03
9.106904978169669262e-03
8.202024542445526464e-03
8.549382667771159017e-03
8.670706042082847870e-03
8.377489542149728005e-03
9.114435109436255789e-03
8.922440775917889200e-03
9.087808091024447699e-03
9.157421069121221557e-03
7.932758692584675198e-03
8.749759763507256732e-03
8.915560057569084373e-03
7.693539303685149183e-03
8.847979704126672507e-03
9.398810991313578597e-03
8.397159724469150863e-03
9.461053628197784240e-03
7.890201221467271070e-03
9.588907689913710175e-03
8.306658160825160231e-03
8.996589629559091639e-03
8.342314458204940983e-03
9.055262132028060046e-03
9.622029600448117267e-03
8.578381870014591126e-03
7.993754247090615814e-03
7.479422739125091320e-03
8.853495310270211721e-03
8.539300080162886414e-03
9.226005411779973631e-03
8.275607164451222533e-03
8.868398602976640399e-03
9.977159761855510303e-03
9.182200959903239965e-03
8.495610307213637136e-03
7.785651899955224262e-03
8.682926048297415211e-03
8.126532129097599477e-03
7.504995966469457831e-03
8.300293861903135922e-03
8.106933093133612128e-03
7.650433089451125213e-03
8.191869272344751846e-03
8.237596535378406346e-03
8.910598328549498848e-03
9.232886261979470280e-03
8.166334190133670012e-03
8.953650857937638097e-03
9.295222998368650458e-03
8.432468814950893482e-03
8.858165298474010574e-03
8.391526758426928745e-03
8.665675419641673261e-03
8.255327088052604942e-03
7.656886783453109580e-03
8.055897645693168435e-03
9.101918744699875191e-03
8.090612223526978675e-03
9.572176200745546870e-03
8.370635158938504253e-03
9.423058376854866539e-03
9.535737495221480869e-03
