8.188858118542101661e-01
8.202044546354387844e-01
8.218675924707934399e-01
8.219872431764929654e-01
8.226823538091316834e-01
8.207778017556742745e-01
8.215350318698084742e-01
8.213333220552586633e-01
8.215381369931510358e-01
8.210945237920728168e-01
8.214351081818729305e-01
8.209954906512835215e-01
8.213474564178522286e-01
8.212253645683207370e-01
8.221948076097980174e-01
8.216617744281802249e-01
8.216181031634307574e-01
8.225955395964092975e-01
8.216099125445499585e-01
8.212637696791920128e-01
8.222782316989298845e-01
8.211544203008767084e-01
8.218086354261628923e-01
8.217652338679481971e-01
8.212807902121188608e-01
8.219943035514996055e-01
8.204341214539911942e-01
8.218557294652681922e-01
8.216607527477528539e-01
8.220591849942622265e-01
8.220076222044332415e-01
8.225642684265667137e-01
8.224320446343790225e-01
8.206236845531273971e-01
8.216942813180632132e-01
8.214217906070604425e-01
8.222317474851452701e-01
8.215681298625099327e-01
8.215546076215468618e-01
8.210341369465021799e-01
8.212808708863423846e-01
8.219847344424292546e-01
8.209677309929978017e-01
8.213741617350660551e-01
8.221730887372021845e-01
8.203913124760894293e-01
8.210948189362465843e-01
8.207843772403633498e-01
8.208191426963606929e-01
8.220939539374660932e-01
8.216295859509705757e-01
8.205214318373045268e-01
8.216753366125959523e-01
8.211978830676434082e-01
8.210047642900233367e-01
8.209305477035204746e-01
8.218135771414332158e-01
8.228933039647653436e-01
8.217012642278405110e-01
8.229582547212064281e-01
8.220700943230627722e-01
8.207661743985714686e-01
8.218925064132521774e-01
8.212150883794668843e-01
8.220681056289121935e-01
8.207987305016399837e-01
8.207187229460515265e-01
8.213829455765979670e-01
8.207381408497660402e-01
8.220525322339836682e-01
8.221524302470674117e-01
8.221643150553892276e-01
8.216845310442522088e-01
8.223264583215185164e-01
8.215422414261392969e-01
8.220835505374242125e-01
8.212687555801354566e-01
8.223250442414885564e-01
8.204341287198128052e-01
8.218990568502602123e-01
8.211986439984948483e-01
8.205423332496490918e-01
8.215040445430284999e-01
8.220535946796053706e-01
8.218539139905491897e-01
8.211659024071544799e-01
8.222916933351198665e-01
8.207007625372014781e-01
8.219584978032528078e-01
8.214950145413051352e-01
8.216761410533530707e-01
8.209568063362568946e-01
8.216600321239297955e-01
8.210478213933036784e-01
8.212881207609823431e-01
8.208707818540859069e-01
8.207648103374715065e-01
8.211846105760189918e-01
8.208103550748568900e-01
8.216915373599622541e-01
