6.872886373748871014e-01
6.891435141384878449e-01
6.888430957869355886e-01
6.889524805631161986e-01
6.889793878991913312e-01
6.893455959972272229e-01
6.883576283482916169e-01
6.889923375377381420e-01
6.887069859287420215e-01
6.883528425521601157e-01
6.875057315538235514e-01
6.882248702112595540e-01
6.880743483743223532e-01
6.875806513667710451e-01
6.894679260921847685e-01
6.885785083220550273e-01
6.877326205644230805e-01
6.882208327406613702e-01
6.875656045283355944e-01
6.891433814518918011e-01
6.889802929234739581e-01
6.887824453449098439e-01
6.898808216386891345e-01
6.874536503346210248e-01
6.891465575373046937e-01
6.885127115672491360e-01
6.887699516870209315e-01
6.881728022071946782e-01
6.876179991884440179e-01
6.890294498540376900e-01
6.888355192290701590e-01
6.872444753667914519e-01
6.880202825193183491e-01
6.889418157842024382e-01
6.887266145946699947e-01
6.881553326544987970e-01
6.876930073659603959e-01
6.881856631418495907e-01
6.895234070304431251e-01
6.882921923161687827e-01
6.882735864700595396e-01
6.896869703648798033e-01
6.878265277789010756e-01
6.889447214482815607e-01
6.889358429626341040e-01
6.885062797421822589e-01
6.878858602680850698e-01
6.875207359685451269e-01
6.874103095820400799e-01
6.876992738073053335e-01
6.875769891788795496e-01
6.874598245463904300e-01
6.886039882115490007e-01
6.890626738510026161e-01
6.879828198326828348e-01
6.887668506793920287e-01
6.891965389904358696e-01
6.881810855875947208e-01
6.883831131936315462e-01
6.886471628166458414e-01
6.887429337866002310e-01
6.890980728329505478e-01
6.884349848022983664e-01
6.886613117456268363e-01
6.892548622677192593e-01
6.882655700306677948e-01
6.885182625382566535e-01
6.879007485015464773e-01
6.895769096278245858e-01
6.892015337048345014e-01
6.886083836416838633e-01
6.891167206140056400e-01
6.882135129232370696e-01
6.891096966101029064e-01
6.891228703174410164e-01
6.878413697544196737e-01
6.881760993495638079e-01
6.884235780596901222e-01
6.887194109950121046e-01
6.885550254744654541e-01
6.884540762767960009e-01
6.875809137537951532e-01
6.887666754960937165e-01
6.891167900785998279e-01
6.875269159580252865e-01
6.890584375690271823e-01
6.891558432824030911e-01
6.892532783557874243e-01
6.889602611970837565e-01
6.887377812747648154e-01
6.879145778867352679e-01
6.883688834866538153e-01
6.891269682373615257e-01
6.884657094638444441e-01
6.885701428675713442e-01
6.880591448159911749e-01
6.879145392127264946e-01
6.881652439400185450e-01
6.891450262757587986e-01
6.886671969802543591e-01
