2.133677749438835647e-01
2.152673714380597403e-01
2.159788845217644471e-01
2.156214534191179810e-01
2.153524534065981433e-01
2.148290518280144834e-01
2.151617361694611041e-01
2.146677411468478625e-01
2.156467723525113400e-01
2.145438701935981629e-01
2.154867826230743022e-01
2.154319209080650943e-01
2.147803242123865475e-01
2.145262964549847773e-01
2.154968368496699704e-01
2.146942717443092730e-01
2.146536505223146374e-01
2.162164988746840821e-01
2.155409864295495526e-01
2.151961506899051635e-01
2.155354144755150525e-01
2.153972692675664158e-01
2.163795395348607764e-01
2.140142594569396373e-01
2.145222491860798164e-01
2.162349249555121922e-01
2.145546732309779325e-01
2.145003266128027719e-01
2.154380271928350854e-01
2.155578297999947157e-01
2.152658203736056985e-01
2.150952321902903641e-01
2.150074092297493134e-01
2.145045530426984981e-01
2.147870688395897010e-01
2.141997265704249642e-01
2.155907681778626017e-01
2.162513915012723165e-01
2.155876031251073854e-01
2.155974846171891113e-01
2.141206035939575147e-01
2.152944160691365738e-01
2.159540877185344987e-01
2.147155392700715315e-01
2.162010332871641682e-01
2.138632645298224055e-01
2.147398390772242149e-01
2.144182044480052729e-01
2.142407353633458689e-01
2.163474107704290994e-01
2.147760665950396719e-01
2.160231891053001618e-01
2.150108668160349845e-01
2.156660729243510266e-01
2.144274419397722564e-01
2.152499990774406624e-01
2.159346639086019981e-01
2.155348375816630579e-01
2.147517558717907948e-01
2.152849988784982793e-01
2.161861262373741543e-01
2.154529262173981441e-01
2.161828036497663308e-01
2.151101718336886348e-01
2.155181198513974605e-01
2.158838264316364774e-01
2.152562765265449707e-01
2.155815512425477420e-01
2.158058211338921284e-01
2.157145799838047495e-01
2.160934896307618591e-01
2.152346941771273170e-01
2.155369243800134282e-01
2.163357499189008382e-01
2.149940194793057979e-01
2.163757699254977018e-01
2.136418998913482692e-01
2.157994711478983529e-01
2.159633727186396901e-01
2.153306028967201247e-01
2.146655596457100468e-01
2.155238199943222965e-01
2.145201870644982689e-01
2.144986018310769960e-01
2.151590633992671309e-01
2.156518805616285950e-01
2.143806216352810157e-01
2.162064862092868411e-01
2.151775045512098195e-01
2.159449658022593033e-01
2.156890671696760631e-01
2.152324508759351773e-01
2.155456142233721506e-01
2.151457108937676610e-01
2.140270735760960996e-01
2.159874557575510723e-01
2.164691408305556841e-01
2.157540105267698183e-01
2.143756739507094722e-01
2.153374103028943276e-01
