1.792273157557373320e-01
1.816892817706877439e-01
1.816865875512828077e-01
1.799429961542629020e-01
1.812293615886774178e-01
1.806575806888306435e-01
1.789224146048845332e-01
1.810121656645933830e-01
1.802727071398219083e-01
1.807709600577777354e-01
1.808151964058244410e-01
1.802612440907875313e-01
1.803199450604856258e-01
1.814970715877319285e-01
1.795713917603138365e-01
1.818785858486207940e-01
1.826125375736851741e-01
1.813460140387707920e-01
1.812059633584251761e-01
1.812436863972311518e-01
1.802683494131722131e-01
1.803546970563983942e-01
1.814734380520545143e-01
1.788680880411595564e-01
1.806619566059191884e-01
1.800011439534791036e-01
1.807347672222033574e-01
1.812507736891897925e-01
1.811331588227057254e-01
1.801600562174328624e-01
1.806033274726920879e-01
1.823076990978482192e-01
1.814773727149293359e-01
1.802743114905030197e-01
1.809209750701437081e-01
1.811263024551554301e-01
1.807632279754501359e-01
1.813938055937668326e-01
1.815010146908222488e-01
1.811754712699738534e-01
1.807880401454522445e-01
1.803054200733341106e-01
1.806243399452589493e-01
1.811478693736601198e-01
1.810363577019755699e-01
1.797490548558052237e-01
1.808112180906450428e-01
1.818085768408349567e-01
1.816504301634546681e-01
1.803146796970929167e-01
1.814903806983638179e-01
1.813837500881722298e-01
1.804607131152641819e-01
1.807151201253662243e-01
1.816707987558744131e-01
1.817521405380477240e-01
1.804751632541095052e-01
1.812941089769513903e-01
1.805786515402562631e-01
1.808041998654881244e-01
1.815695737620315608e-01
1.800666759209294254e-01
1.801257689989280153e-01
1.811745834311419834e-01
1.816437885420925102e-01
1.812033711848865802e-01
1.804542838775077263e-01
1.806478132548270110e-01
1.802747294427866909e-01
1.807528614334827366e-01
1.818527157149527618e-01
1.802856911756345326e-01
1.809323802826308114e-01
1.812835181359656045e-01
1.796460472222282390e-01
1.809420297290664781e-01
1.808282248443138784e-01
1.810260191675876762e-01
1.808033327096410237e-01
1.807399387834673354e-01
1.822206086520379020e-01
1.800720560391945446e-01
1.804600370193846781e-01
1.812919065004642560e-01
1.799823406973866669e-01
1.806381324170916458e-01
1.818909033328443836e-01
1.806026834304877982e-01
1.798037202667011059e-01
1.803778024943828717e-01
1.816750084673351695e-01
1.809956955600539041e-01
1.811700371772469453e-01
1.810233034517626516e-01
1.802490643012626959e-01
1.811001557789984617e-01
1.810874547263447987e-01
1.787461512417798382e-01
1.809249060591459624e-01
1.801531515083145130e-01
