2.349019102175502471e-01
2.356037605649985989e-01
2.341244868689754122e-01
2.349633741751462335e-01
2.358311248615071465e-01
2.351878143868471049e-01
2.362486700977186604e-01
2.344373929761673359e-01
2.358126733363189453e-01
2.352031852441882620e-01
2.352308431589610060e-01
2.345428775066762950e-01
2.355641619098406414e-01
2.361910786658486527e-01
2.349590692771287848e-01
2.363682100433675548e-01
2.358005687810630913e-01
2.360472654366702894e-01
2.353333275318394424e-01
2.354416745993713755e-01
2.350264549990590257e-01
2.349838089141899344e-01
2.351348240075969986e-01
2.352004825393499976e-01
2.348869545871591358e-01
2.341935865973153730e-01
2.353352314776120946e-01
2.347590439765528392e-01
2.352699546583820467e-01
2.357346481371095925e-01
2.344937394462321967e-01
2.356499003571151940e-01
2.348090131989998830e-01
2.351105105505607584e-01
2.350456946522881951e-01
2.347883065868507091e-01
2.342635429997713126e-01
2.343575977059881299e-01
2.338531216115516398e-01
2.333842034886548511e-01
2.344951531749826512e-01
2.352016175783896990e-01
2.352773278811823854e-01
2.355785849594079495e-01
2.351006314788838258e-01
2.353839287844055606e-01
2.357336513356548258e-01
2.355136230392785024e-01
2.349332789816896971e-01
2.347355118189590750e-01
2.346821188242755041e-01
2.363682325197697387e-01
2.354433289451499656e-01
2.356998146063650212e-01
2.356097043019672876e-01
2.348783708511082979e-01
2.349972207096074905e-01
2.356674842852646834e-01
2.350866587685318532e-01
2.351219789047705455e-01
2.350456769007057134e-01
2.353618478457148444e-01
2.353646106879669353e-01
2.356667562791712467e-01
2.355627585447889194e-01
2.343085790301296656e-01
2.349230477389301353e-01
2.360771896349989629e-01
2.346357290418514263e-01
2.361230837079838774e-01
2.351390838964696195e-01
2.341543367982071300e-01
2.357896357699979240e-01
2.338081121763797565e-01
2.334899853808855841e-01
2.362233506920547732e-01
2.352803241117737421e-01
2.335050740390620660e-01
2.356740791085734088e-01
2.351253075886506338e-01
2.358694112101446527e-01
2.339948712334769254e-01
2.352060601057863465e-01
2.359338394379785209e-01
2.344395229246347689e-01
2.348066502058779315e-01
2.346834023339335329e-01
2.348767859652571843e-01
2.351032645606734306e-01
2.352793000163972970e-01
2.360068698182499203e-01
2.350960083485894581e-01
2.349309647593754158e-01
2.357543973359257639e-01
2.340293576524427599e-01
2.356545064487921559e-01
2.360409482649328261e-01
2.363039909722133292e-01
2.353794656142608743e-01
2.349480962653145988e-01
