3.723564519466124878e-01
3.719233943632265227e-01
3.723077582304042399e-01
3.745728799250703789e-01
3.740856509650712369e-01
3.733451698404069985e-01
3.745337315672527256e-01
3.730916008150150787e-01
3.727194952811308526e-01
3.733079396341565381e-01
3.736868160340854894e-01
3.731883736950802333e-01
3.728756359728880310e-01
3.728779774972752481e-01
3.730891777273768195e-01
3.747965751945239177e-01
3.738792807525781470e-01
3.738300592723280413e-01
3.731886044852751327e-01
3.737815839744792479e-01
3.728663201075989031e-01
3.729492010498206556e-01
3.734757076614899640e-01
3.724900810133304763e-01
3.728980260310645889e-01
3.736477956662695998e-01
3.734230337289503598e-01
3.732969434719212165e-01
3.741238916211239718e-01
3.730250174749101810e-01
3.738626107543044919e-01
3.727181578045678512e-01
3.734016143919728914e-01
3.721235462905927993e-01
3.734757653172213754e-01
3.731790272758221949e-01
3.738421921210164367e-01
3.742275956242221424e-01
3.742337334254509651e-01
3.743769247180566695e-01
3.748840693063376639e-01
3.730338432995455866e-01
3.731348519710604439e-01
3.748995646702701912e-01
3.741139971820286458e-01
3.731211874711271581e-01
3.732249983066128207e-01
3.735573482902652120e-01
3.740291308007744342e-01
3.733636998963175135e-01
3.733175938555458040e-01
3.733264413135867210e-01
3.735834215615637111e-01
3.740525693234632021e-01
3.723264856517294885e-01
3.726940570859644808e-01
3.735828020319847398e-01
3.736251033783873909e-01
3.733688075264619544e-01
3.732447535550190709e-01
3.734008399253820887e-01
3.728701906858639115e-01
3.738465765741085800e-01
3.733319994816013954e-01
3.732065197442260285e-01
3.733034511662524091e-01
3.740640048609992219e-01
3.737041201000400603e-01
3.736180001795342265e-01
3.740164784404174103e-01
3.732314450531279415e-01
3.732292877809939569e-01
3.737538503644463050e-01
3.724943846457255958e-01
3.727213601020988309e-01
3.730789330174042462e-01
3.740654585166203749e-01
3.727489903865101040e-01
3.732414259884151986e-01
3.733962890949659164e-01
3.737051098202377464e-01
3.727409333106772027e-01
3.732372174924692976e-01
3.742750834880151367e-01
3.742015377716985114e-01
3.730553287291645259e-01
3.735208986284266897e-01
3.730747813332654372e-01
3.726443452981277327e-01
3.735343430871953530e-01
3.737062628634435502e-01
3.726535823215672560e-01
3.733265547486803726e-01
3.735770335806933296e-01
3.736629247460721004e-01
3.728909308120805788e-01
3.734528408376621700e-01
3.718311538134494998e-01
3.735113656429486229e-01
3.723743592928712154e-01
