6.248945485211767625e-01
6.251586160172784012e-01
6.254018661655860178e-01
6.249312002685445400e-01
6.252070901613708820e-01
6.254393998078535688e-01
6.246574088555603144e-01
6.240602399460148941e-01
6.262791567893442046e-01
6.247734188329776561e-01
6.249939016523173851e-01
6.258660629467291958e-01
6.256013513853311281e-01
6.252869712994689744e-01
6.251681496565428819e-01
6.259856006035297016e-01
6.265143827634727103e-01
6.257876726459180583e-01
6.262692855836595740e-01
6.250293052589958043e-01
6.252719948433937969e-01
6.264266637699786866e-01
6.265469389923977728e-01
6.259754959624586057e-01
6.256756780127452622e-01
6.260561633358121547e-01
6.254877422604996351e-01
6.259943499915630039e-01
6.263817403330145250e-01
6.252224648945254870e-01
6.259113353455261208e-01
6.259131812887425150e-01
6.252150675668636248e-01
6.248843042614284915e-01
6.263452962309591365e-01
6.264056996466245142e-01
6.262031473413637306e-01
6.255558681146490274e-01
6.257200131982874058e-01
6.264043212113169501e-01
6.253561119787003353e-01
6.256643506584255165e-01
6.261478144902309362e-01
6.269252480389739812e-01
6.251423515844367618e-01
6.241607526042329823e-01
6.254786653850925582e-01
6.255699664239500191e-01
6.267961024949592064e-01
6.264398593044004926e-01
6.267665612601116543e-01
6.252621829459394931e-01
6.254409707503527649e-01
6.240607077355890819e-01
6.254465118024570280e-01
6.263943830655305245e-01
6.247424709367186413e-01
6.248565394475147361e-01
6.267179979507634391e-01
6.250994433970679109e-01
6.252365884952068020e-01
6.260111831200638743e-01
6.249313759738687191e-01
6.253714811680385344e-01
6.249970396706154840e-01
6.249415588719106074e-01
6.262398826976645072e-01
6.262963586266998561e-01
6.257911050352009674e-01
6.259049782497186909e-01
6.267439393641991430e-01
6.249531726991592873e-01
6.250622922035551365e-01
6.253712283847179254e-01
6.262242287919284056e-01
6.258736994311502322e-01
6.257563291401965211e-01
6.244876182540556320e-01
6.249186185908872648e-01
6.256778776967988343e-01
6.257523923985187642e-01
6.258994067308909504e-01
6.250862443311228089e-01
6.255422205122753709e-01
6.249209371745809705e-01
6.256234337851657168e-01
6.251310389510454923e-01
6.250709083237395713e-01
6.263207218782724794e-01
6.251319344205842343e-01
6.257868043351657583e-01
6.250916886785722326e-01
6.256983252680378138e-01
6.248431544355357303e-01
6.252830073769664043e-01
6.243531409265856702e-01
6.257632480480571635e-01
6.255320821035577072e-01
6.252237019766515580e-01
6.255839442946715678e-01
