4.741001975440563010e-01
4.734043298263181376e-01
4.755962497686285206e-01
4.740287712523988395e-01
4.739839649057655535e-01
4.754890705814411311e-01
4.737303145088466172e-01
4.748261280614582414e-01
4.746823709738518526e-01
4.740659957840437921e-01
4.738477962775596297e-01
4.742289523659968253e-01
4.761999407335856249e-01
4.745948456311926966e-01
4.753814341474867922e-01
4.748611016007006080e-01
4.739879937030750945e-01
4.741618029461366901e-01
4.740145631690529382e-01
4.758167075962782544e-01
4.738678475177977578e-01
4.740381417714301659e-01
4.738394449832776800e-01
4.750866009434462356e-01
4.755285118034765501e-01
4.737046346325471391e-01
4.738437728998315945e-01
4.739041113573536079e-01
4.740514240513172273e-01
4.750152809907466356e-01
4.740346089393688844e-01
4.741064246180351494e-01
4.742019005972185064e-01
4.749573466706136782e-01
4.742626625511105476e-01
4.740602882282151098e-01
4.748470704577462675e-01
4.740683872561908818e-01
4.743543662101881164e-01
4.740516256869617973e-01
4.737645965886774224e-01
4.758084189907040296e-01
4.744381961359371846e-01
4.748919730134187889e-01
4.744893241596843669e-01
4.747798481249505542e-01
4.748364165985746732e-01
4.749894631285907498e-01
4.741588833068914322e-01
4.749808886936878749e-01
4.737831693309005332e-01
4.742473444751631462e-01
4.748382120514634819e-01
4.757397902451739879e-01
4.745410190791217175e-01
4.742627592868010611e-01
4.757764870853853356e-01
4.751970450685835123e-01
4.747758140867235355e-01
4.747060221827874571e-01
4.739388165004391196e-01
4.749059276989339717e-01
4.749435077687244044e-01
4.750325178228558265e-01
4.748159655930028200e-01
4.743253804774424376e-01
4.753570772321858984e-01
4.750130145458982267e-01
4.736908781388100009e-01
4.739885447137497376e-01
4.745028563403260180e-01
4.750431002011535897e-01
4.748987321985216337e-01
4.746037218732128693e-01
4.748164608159871625e-01
4.744057029214852061e-01
4.739587565205537478e-01
4.749678958448571020e-01
4.740538286270685187e-01
4.748918827927127717e-01
4.747259480200083925e-01
4.743673877601568556e-01
4.741196608114975897e-01
4.754825676259805678e-01
4.745371939288122176e-01
4.742518948698383197e-01
4.753447558110481808e-01
4.747310624039942084e-01
4.745041342772802762e-01
4.754778741340187631e-01
4.737646983720474880e-01
4.739595977180757203e-01
4.757750862998194608e-01
4.740422514224712502e-01
4.739518264866409702e-01
4.746435113014488283e-01
4.753397811770044834e-01
4.757769932262291279e-01
4.751182639148455733e-01
4.753615188207033770e-01
