2.800194126933012728e-01
2.811272488232102740e-01
2.814071149742092270e-01
2.816239860667448247e-01
2.819219074817653214e-01
2.819365175789029232e-01
2.813062539745996293e-01
2.811365900706171428e-01
2.811900399213342339e-01
2.812135099840499253e-01
2.800010062466545824e-01
2.820617542497073638e-01
2.823843495928577418e-01
2.831648138788404601e-01
2.815027869380495873e-01
2.813590929209199287e-01
2.816296859831863286e-01
2.812224140322078236e-01
2.812796569147342218e-01
2.816474779470929946e-01
2.816091928844451919e-01
2.816453319760944818e-01
2.818841519257585526e-01
2.812753600333657844e-01
2.810472041017575417e-01
2.812524357532901198e-01
2.807875338823135891e-01
2.821563470984080890e-01
2.816881957981589579e-01
2.809338812054628098e-01
2.811566633926571579e-01
2.812084058117648722e-01
2.820028953496086510e-01
2.815880546378874971e-01
2.818285132888034838e-01
2.818571615386628593e-01
2.819334165742569120e-01
2.808651442850500501e-01
2.815438718784962213e-01
2.803210220335377034e-01
2.810318327722363674e-01
2.810124406347174197e-01
2.807852522946454044e-01
2.818874045115236648e-01
2.815112279194332823e-01
2.827211209532547453e-01
2.803077389899369942e-01
2.808452376693298946e-01
2.812964110434531539e-01
2.821026224983040342e-01
2.817140577857254469e-01
2.808399839390678943e-01
2.815614668410486576e-01
2.800675533212215740e-01
2.809678504264174759e-01
2.815093669835935231e-01
2.813204918966973889e-01
2.822056463082099342e-01
2.807476776825198472e-01
2.808345730057852374e-01
2.812134300550223620e-01
2.814816123359355493e-01
2.812662464123010242e-01
2.819219639320069692e-01
2.820207744202807287e-01
2.807197499700214705e-01
2.812894718279427275e-01
2.814220868911586071e-01
2.819311909468987798e-01
2.814071664451999744e-01
2.824106866160812079e-01
2.817654117662418689e-01
2.821332703815188636e-01
2.802400479389020593e-01
2.812522991347711221e-01
2.820184280716142022e-01
2.814221874747394603e-01
2.803921280849198117e-01
2.802619073392605409e-01
2.824706636518544700e-01
2.810561716848213876e-01
2.817206173319621310e-01
2.817215878178231936e-01
2.815273974944817459e-01
2.815766284221031257e-01
2.818815933953536801e-01
2.812843007715595811e-01
2.819731887684499561e-01
2.819310938605480432e-01
2.811886545204749788e-01
2.812766122101270083e-01
2.815180172546998261e-01
2.817733074962800455e-01
2.821681803821635137e-01
2.814288926985009098e-01
2.813297878647990635e-01
2.812828783038596736e-01
2.803136198373833987e-01
2.803843245868268275e-01
2.829679442783656351e-01
