5.923994068420679326e-01
5.943269567277975618e-01
5.927470093088731407e-01
5.936977473032436503e-01
5.939120518752950550e-01
5.941139255892595727e-01
5.928812225499471289e-01
5.929826504475674831e-01
5.939674369248815200e-01
5.927450672490439665e-01
5.925345494071563301e-01
5.938214326261602727e-01
5.936523437546239457e-01
5.927182678131239779e-01
5.934998832795933543e-01
5.932522617980411361e-01
5.926533792979621351e-01
5.937410455400489173e-01
5.938093980768341940e-01
5.949239531944929826e-01
5.930936334337532090e-01
5.940747014941920590e-01
5.943570909222000154e-01
5.940726854726130490e-01
5.937088256326230606e-01
5.934071459048406716e-01
5.934112648051413919e-01
5.924237299562913339e-01
5.930754614392783619e-01
5.927275843153442247e-01
5.944318887952002584e-01
5.947869365286855281e-01
5.949650267134620751e-01
5.931124257777208308e-01
5.937727608372345145e-01
5.939819600923501586e-01
5.919717308043737081e-01
5.940580636569796624e-01
5.932489437095840312e-01
5.930886640795454134e-01
5.936814782326357287e-01
5.941210009619285470e-01
5.935873935302451443e-01
5.943015253417744947e-01
5.933808586045232758e-01
5.931167849203040632e-01
5.927154933761995537e-01
5.924086411199200874e-01
5.948128398173059272e-01
5.928402990111975024e-01
5.928127520237008730e-01
5.930279363559787242e-01
5.933889474495911420e-01
5.935080192681632116e-01
5.943493893587734611e-01
5.938785445198697666e-01
5.917059053392177415e-01
5.930367297675356308e-01
5.932570401745971278e-01
5.926408034809875769e-01
5.927854700010031230e-01
5.925856267307101355e-01
5.932082421704477637e-01
5.927000781532664186e-01
5.940475178390507427e-01
5.927683369995312423e-01
5.946506229367841678e-01
5.933839044493918191e-01
5.940342986694923111e-01
5.933811470363120621e-01
5.934734568663085907e-01
5.950809286103926343e-01
5.928182840981810475e-01
5.938368812619405634e-01
5.929940103221824632e-01
5.928130348623630308e-01
5.937114398947921368e-01
5.935591063570784254e-01
5.936249851439936442e-01
5.927441011402185822e-01
5.940643926519941775e-01
5.929969992788615141e-01
5.922459718406452023e-01
5.933086439847157223e-01
5.928159235440152441e-01
5.930986592423808101e-01
5.952865451239575112e-01
5.942133955065072026e-01
5.929230138737054956e-01
5.936191876279544033e-01
5.937017686607504174e-01
5.931561976481576348e-01
5.948748307421151127e-01
5.928954579425480542e-01
5.939920288263480508e-01
5.943903472948879330e-01
5.933097615689394422e-01
5.940335174649997718e-01
5.932830668699219379e-01
5.942318743707070139e-01
