4.310639779538342209e-01
4.313163765411016648e-01
4.315882623772915316e-01
4.310470806180016767e-01
4.324021585817677815e-01
4.314120735964585007e-01
4.326645410231753641e-01
4.323403936963438055e-01
4.320053625289144161e-01
4.307111390464350986e-01
4.309901952917905010e-01
4.319112795627304546e-01
4.316555539242123984e-01
4.319259596887787267e-01
4.308431590206182049e-01
4.308981349168174435e-01
4.315848578481227271e-01
4.322457457233331857e-01
4.310962986385327156e-01
4.317515267682533464e-01
4.310379846348614263e-01
4.321096688268818431e-01
4.312938998245035016e-01
4.309424079885787462e-01
4.326826373502070666e-01
4.311888390002032168e-01
4.311449258529203021e-01
4.312585280959482237e-01
4.320890342039369614e-01
4.315028003282727620e-01
4.323975096533749785e-01
4.319746116888377729e-01
4.318224887918379329e-01
4.323198909596790984e-01
4.314444300920886044e-01
4.319078099946705995e-01
4.318837864533177084e-01
4.304610175791855897e-01
4.311045614074909826e-01
4.318739117078737033e-01
4.315432028419732280e-01
4.319869450450741777e-01
4.307305229900501020e-01
4.313741003936322205e-01
4.315864152772383999e-01
4.313132036579698791e-01
4.310832122897003127e-01
4.316890351939802195e-01
4.318490817842524088e-01
4.326485607283090395e-01
4.307656793165324238e-01
4.317847115744169462e-01
4.306412652220942272e-01
4.324135259704974810e-01
4.310322590078542460e-01
4.317461619911580062e-01
4.320316519982350112e-01
4.329213979458750305e-01
4.307896594493883513e-01
4.317660831983094472e-01
4.312039576663566076e-01
4.315400371986130024e-01
4.315301969481395994e-01
4.323021440080053734e-01
4.315102286865734604e-01
4.310454896456388241e-01
4.310622637930960899e-01
4.308724822704259605e-01
4.306639539042951825e-01
4.320554667856409403e-01
4.312237244574447237e-01
4.307963710328710505e-01
4.321009639123372659e-01
4.318401321402389192e-01
4.320164048121448719e-01
4.321533641642129053e-01
4.330544055270595938e-01
4.319151936253551316e-01
4.321916794474506274e-01
4.309683218863190612e-01
4.318172555183050765e-01
4.314720037892305626e-01
4.318294823882384836e-01
4.312107167821523923e-01
4.318299193721368834e-01
4.318271389390002657e-01
4.316859001330874968e-01
4.312938688293367351e-01
4.322705643973789869e-01
4.317907951260643307e-01
4.310168370775689928e-01
4.315360291667242332e-01
4.305665938034715645e-01
4.309901919792913372e-01
4.319769143122379473e-01
4.319019818417956236e-01
4.310551407239153754e-01
4.310707172568629675e-01
4.316701403842957419e-01
4.304237494104682371e-01
