2.768346775059459808e-01
2.779871574285017743e-01
2.784321229577425560e-01
2.790141379788261822e-01
2.767881546234015055e-01
2.776543141060393016e-01
2.779943389237985452e-01
2.784281178060872275e-01
2.778985825552195976e-01
2.790502276679980298e-01
2.776431905411502754e-01
2.777668002916852119e-01
2.779306606651880673e-01
2.783285656074452885e-01
2.788463964260786687e-01
2.773504133089584323e-01
2.783359295569570735e-01
2.785057687488595723e-01
2.787424653839511990e-01
2.781298172601520680e-01
2.784976356539236586e-01
2.773968988039134387e-01
2.775960783833782974e-01
2.793957286387689365e-01
2.782282341061459441e-01
2.776127542518089797e-01
2.778471103300919620e-01
2.774075675839038913e-01
2.769674760150805382e-01
2.782163157211798854e-01
2.785655624612780601e-01
2.782022198653536504e-01
2.784050976804237632e-01
2.784746524272326273e-01
2.774372076772760320e-01
2.794245847855038045e-01
2.784289959133484094e-01
2.790312559452018393e-01
2.776870735820577973e-01
2.789308232733094806e-01
2.783142971701105250e-01
2.779545087943551263e-01
2.775487124314796050e-01
2.787881357961192741e-01
2.774099640056353344e-01
2.776130239786573362e-01
2.783759473365550741e-01
2.778469798774713118e-01
2.787731059828991165e-01
2.782059631063779070e-01
2.784054333278643822e-01
2.777922460852984554e-01
2.772909879520564780e-01
2.785069338303426956e-01
2.782437228181695588e-01
2.778266931233416837e-01
2.776038512889543175e-01
2.787630594699337383e-01
2.774734755810147058e-01
2.776792461881598673e-01
2.789836121957461335e-01
2.775636914076587414e-01
2.780028965538482999e-01
2.783846739168789330e-01
2.775205790605256295e-01
2.778255660980201158e-01
2.782829206874740113e-01
2.795180468505236715e-01
2.769894521187563630e-01
2.783527209947671555e-01
2.778547044863936000e-01
2.781630928762484078e-01
2.780393829064751188e-01
2.780030721553766737e-01
2.784521335487316618e-01
2.767957627614175964e-01
2.770979227199676376e-01
2.791146068709088879e-01
2.775077522247607620e-01
2.783562856393255736e-01
2.783572409355233312e-01
2.780285288990932413e-01
2.784850351355785403e-01
2.776340332973699643e-01
2.782467940466073486e-01
2.780024793219976198e-01
2.783204723033687045e-01
2.786313321662673426e-01
2.775817592196716532e-01
2.776747613708342444e-01
2.785504795098157627e-01
2.786174993115891341e-01
2.784376736762688709e-01
2.783812886751821924e-01
2.783780215230127197e-01
2.786264199790682294e-01
2.776261307134847423e-01
2.791933940383694579e-01
2.781030379160105426e-01
2.784269389429495645e-01
