7.230556851822765863e-01
7.244199394790784563e-01
7.247106699576963962e-01
7.254873674434156872e-01
7.254026953758836438e-01
7.252789311840218689e-01
7.244571609921777178e-01
7.245411256354321594e-01
7.243491768162231281e-01
7.238189483525930834e-01
7.247806505900324936e-01
7.250177427367734406e-01
7.245119577262643107e-01
7.247491133995878076e-01
7.239431359978294456e-01
7.243051120998811321e-01
7.247418094518156551e-01
7.244836393276330444e-01
7.247257940527138675e-01
7.249788428320507183e-01
7.235814560264436368e-01
7.249007415668976551e-01
7.247007697791749692e-01
7.254286552950792721e-01
7.247097831739662821e-01
7.248334268790606050e-01
7.247644083892942346e-01
7.240859008356577142e-01
7.245868389239069618e-01
7.247667795011308867e-01
7.240710602304868404e-01
7.251197259291172204e-01
7.244393200924763576e-01
7.254449674552466698e-01
7.242002518023433755e-01
7.244694678923995212e-01
7.237931229962368818e-01
7.253722613879304282e-01
7.251416018601197777e-01
7.249763910484250395e-01
7.226718208111095887e-01
7.241342756938315972e-01
7.243110532435510507e-01
7.243358233844616745e-01
7.250812065325937805e-01
7.256139961827787754e-01
7.248293898351994002e-01
7.243750373029298473e-01
7.248902386893676386e-01
7.241146398703464104e-01
7.245989745813757876e-01
7.248874197542705122e-01
7.243717485757243946e-01
7.243775903035161168e-01
7.255140557664780943e-01
7.245661867949311219e-01
7.254877893395617061e-01
7.251121811135932127e-01
7.246181322390614632e-01
7.252609625384397463e-01
7.253526214648722270e-01
7.241062648033551596e-01
7.252233455077854440e-01
7.242960107628820809e-01
7.255589445728929388e-01
7.245114650540674939e-01
7.257645539311468053e-01
7.232715800499658343e-01
7.249894188939436379e-01
7.242394898572115380e-01
7.253874295094701052e-01
7.254128241055022297e-01
7.238186702664206607e-01
7.249577903982230564e-01
7.247473388155589724e-01
7.240578386919354070e-01
7.246656457774525162e-01
7.245674675292048672e-01
7.245710344177650475e-01
7.243869799259385900e-01
7.252873529849845902e-01
7.241649712093846114e-01
7.248646750421485763e-01
7.250423885541470437e-01
7.253360684601395381e-01
7.242666632250387426e-01
7.241898145359021433e-01
7.238995480799517157e-01
7.242417488871433218e-01
7.244868711620884305e-01
7.244446022534495322e-01
7.249772366643771893e-01
7.252563970602547982e-01
7.251558854173084656e-01
7.241283209323924330e-01
7.243847248242788472e-01
7.238346760926614998e-01
7.248551348279359541e-01
7.236029462049673455e-01
7.237993017460311318e-01
