6.749227851269862244e-01
6.762454292834891856e-01
6.771154653612405649e-01
6.761641761215622104e-01
6.764560239304554523e-01
6.762920068659985517e-01
6.771264479744381060e-01
6.761630109618502749e-01
6.752060850862797725e-01
6.767625518055301326e-01
6.770558452069230793e-01
6.768934847673112598e-01
6.770982360795718691e-01
6.757933324360525518e-01
6.774282476280363285e-01
6.766558259104639150e-01
6.769370129036019756e-01
6.761770428538033118e-01
6.763278723917323099e-01
6.781186937739811516e-01
6.770354623656554827e-01
6.770151989546553395e-01
6.776740034244723709e-01
6.768281942327130096e-01
6.761404599589806441e-01
6.757767144296593642e-01
6.763770259984578370e-01
6.758651933347870067e-01
6.758011838323836340e-01
6.754361723635797787e-01
6.762401747261084228e-01
6.775473472704355293e-01
6.769922027163274292e-01
6.769165484656640697e-01
6.769714274024453138e-01
6.786079998687524206e-01
6.760610470892178814e-01
6.761591899877789080e-01
6.773119109857000941e-01
6.760773293693531638e-01
6.758869677647050267e-01
6.760379870349972897e-01
6.766738102900586860e-01
6.767145620022776420e-01
6.768466688218008898e-01
6.770441758496824614e-01
6.767708113938250003e-01
6.763918766420128348e-01
6.756935434111607242e-01
6.756613646500633230e-01
6.779521368593097730e-01
6.769708548874466825e-01
6.762468147160163312e-01
6.766295462111391323e-01
6.770021445556345663e-01
6.770161992918024563e-01
6.769561269488625355e-01
6.763623269309235742e-01
6.761538060979124243e-01
6.766255732716015547e-01
6.769065019060922506e-01
6.760507228416526848e-01
6.761867784648207813e-01
6.756784810100315841e-01
6.765033376424272049e-01
6.781202123436298468e-01
6.770475339202051135e-01
6.759825190857287058e-01
6.765779803551954519e-01
6.764661746933620101e-01
6.754378931883555648e-01
6.758561858307050585e-01
6.772309025330069954e-01
6.776538977904107419e-01
6.749284765800094288e-01
6.775391598070548138e-01
6.774296413163175545e-01
6.766116467103816534e-01
6.771915887506692044e-01
6.766392750957095359e-01
6.778957953086872656e-01
6.764963932292323845e-01
6.769502339877027097e-01
6.761454801112943835e-01
6.770182718445335590e-01
6.770901748847142354e-01
6.764968210450316155e-01
6.771326863621525138e-01
6.770273414904277587e-01
6.752134460620693446e-01
6.765196117321997660e-01
6.763606344253035862e-01
6.769033636790674491e-01
6.767154724839333779e-01
6.759171728321022865e-01
6.758609109623519018e-01
6.764633012435292692e-01
6.768658110344192291e-01
6.768945763301046359e-01
6.764492147514559184e-01
