1.639054745651216324e-02
1.739913493844972778e-02
1.734197605156884842e-02
1.813663364224572805e-02
1.825969621558386907e-02
1.726271696249526838e-02
1.846778712818733861e-02
1.728067792754997556e-02
1.783919700074461379e-02
1.900438692865268064e-02
1.797474993095855150e-02
1.691305102690881038e-02
1.738198295823076278e-02
1.867045086958019420e-02
1.779741507945230977e-02
1.646655143245309705e-02
1.844292045459601515e-02
1.765673169126434627e-02
1.762182633199802645e-02
1.825941580797358493e-02
1.777888363242860134e-02
1.739664643535113187e-02
1.881400098811387631e-02
1.760829585466706926e-02
1.705706552791709171e-02
1.848886088261478267e-02
1.675377670378419559e-02
1.805189102365354833e-02
1.771692712065120467e-02
1.812772737437729625e-02
1.755797609883950894e-02
1.803417293678918204e-02
1.825402779485794935e-02
1.776165711525046903e-02
1.787303677808108060e-02
1.786038721697322251e-02
1.733502049813237522e-02
1.793321401390429379e-02
1.729987981337554812e-02
1.726468894155545192e-02
1.860136348684449104e-02
1.735822122971198214e-02
1.625405560603220695e-02
1.675749182211326224e-02
1.710533067233604293e-02
1.821123878694272738e-02
1.686688048779404203e-02
1.724111072582615659e-02
1.842457048614608642e-02
1.745263611441729562e-02
1.781637260596643374e-02
1.774934144087919261e-02
1.801438204507587598e-02
1.804627871920235632e-02
1.763968483157597050e-02
1.871587097834536556e-02
1.710004426303096681e-02
1.673912171550363814e-02
1.753210977364802470e-02
1.727366272400793212e-02
1.778407505304378800e-02
1.818935518221330774e-02
1.779870502976928573e-02
1.793765041297468860e-02
1.763697887261777078e-02
1.706309515255973602e-02
1.711794667076818252e-02
1.674290037189761493e-02
1.812000647506416609e-02
1.775631694600769001e-02
1.720655945174538390e-02
1.771460689179793144e-02
1.714181332430070662e-02
1.797764350593392471e-02
1.790402451824330693e-02
1.713681273628252233e-02
1.770882787177993287e-02
1.715508276215564967e-02
1.781330774086290619e-02
1.730810033093436312e-02
1.822817687971985817e-02
1.720267442518470455e-02
1.817665885142320803e-02
1.753544841908507082e-02
1.754772928512372127e-02
1.748426377349455302e-02
1.718405435091301114e-02
1.644912961937972096e-02
1.767460346121457054e-02
1.810689622846693367e-02
1.759500938058095043e-02
1.785028123972294545e-02
1.664979026263520637e-02
1.819259428906239151e-02
1.695000588801726105e-02
1.833351374527968786e-02
1.726912569597252589e-02
1.775968632461032842e-02
1.736834361662032561e-02
1.854467184830124737e-02
