6.965903008321190359e-01
6.984888266070229390e-01
6.975201556510064460e-01
6.981826243902904405e-01
6.980580996937042482e-01
6.976671122653754775e-01
6.974765571173152656e-01
6.971107618286986884e-01
6.971959477952439643e-01
6.966971476392558316e-01
6.977999749637485705e-01
6.978774449310582995e-01
6.965455195046672543e-01
6.968403715783677566e-01
6.972125383810752197e-01
6.984659559100646620e-01
6.965915823134396501e-01
6.973019305956291713e-01
6.972893726496960376e-01
6.985554727916712947e-01
6.973701035002957127e-01
6.975326034797730834e-01
6.983045715810369813e-01
6.978427240547194765e-01
6.974574025012594269e-01
6.977415700431106593e-01
6.967229119466371579e-01
6.965838217728566040e-01
6.979168534533821688e-01
6.970134808994300490e-01
6.977375054250931630e-01
6.976424831064956811e-01
6.976761833778429844e-01
6.967683861236098064e-01
6.980282672700170998e-01
6.975263308866186396e-01
6.980518963321190595e-01
6.979912263216512258e-01
6.979708331791301124e-01
6.976526898309447500e-01
6.970055673096372528e-01
6.970326015931496144e-01
6.975489465597068950e-01
6.966178776470798306e-01
6.967069177298061966e-01
6.987606391458356381e-01
6.967045874983919251e-01
6.973333283878421218e-01
6.973874950331566680e-01
6.976094460056966318e-01
6.968685171642540199e-01
6.971449990323514978e-01
6.976091804736438418e-01
6.971999020620539556e-01
6.983679051848175057e-01
6.972119586823855020e-01
6.988473354514741498e-01
6.979576189606813141e-01
6.968558525547363658e-01
6.982835047265752992e-01
6.958627968600770153e-01
6.963033979825403730e-01
6.970780958732698540e-01
6.975765696821393247e-01
6.972257254541603944e-01
6.971420422383267645e-01
6.979391320940669940e-01
6.974105897455826764e-01
6.976817855886594533e-01
6.973945183456689012e-01
6.966488896898614946e-01
6.984573120999766349e-01
6.982974704792160869e-01
6.979886935987424934e-01
6.977551651751873196e-01
6.969347857822545400e-01
6.964858612394199122e-01
6.980253836182690463e-01
6.965565699084084184e-01
6.984523043179933222e-01
6.970982589010514818e-01
6.984823011561844819e-01
6.974304162400704055e-01
6.968671473758388801e-01
6.977488486028202708e-01
6.972140297479745286e-01
6.974873446422594769e-01
6.979369310654341962e-01
6.969700578636498500e-01
6.972575198694714871e-01
6.978679601080406414e-01
6.980026560941425817e-01
6.991208738879434170e-01
6.978677966480471007e-01
6.987331446807734103e-01
6.970213824695677962e-01
6.978637034575563280e-01
6.975285017544373689e-01
6.978288878917557891e-01
6.975647806424338793e-01
