6.332737414777036555e-01
6.344166598331590912e-01
6.346935646797058350e-01
6.342214017373768442e-01
6.336569765354121975e-01
6.356368758220700688e-01
6.340322278942879253e-01
6.347044981466231084e-01
6.347036416099546274e-01
6.344849301705773881e-01
6.339480080948840524e-01
6.352540837630307191e-01
6.348928054045372971e-01
6.350529383160441466e-01
6.346388193946254086e-01
6.346090850647287951e-01
6.343975993982637895e-01
6.347212305035085933e-01
6.350062917019566600e-01
6.341766688719669975e-01
6.347588684369721568e-01
6.360906576533303936e-01
6.345494937822541148e-01
6.347970176471071646e-01
6.340571340164800063e-01
6.343189338915805608e-01
6.340972698822848752e-01
6.345568757180632957e-01
6.337123077271817895e-01
6.342883501964244886e-01
6.332251066791518834e-01
6.348490764993129920e-01
6.349352623795965211e-01
6.350459173501374899e-01
6.357169002382508927e-01
6.350648470342460383e-01
6.341829212738405719e-01
6.344616076529169257e-01
6.335420125999692287e-01
6.330288721244081707e-01
6.348055510387663469e-01
6.346886481709257399e-01
6.341598029531947400e-01
6.341304414933156552e-01
6.343739243275074990e-01
6.335869591883968033e-01
6.348615072417345129e-01
6.344699300059590819e-01
6.345980198586342880e-01
6.351699699279003131e-01
6.345772326536063268e-01
6.352969845326368326e-01
6.335113999758359427e-01
6.340832951327043387e-01
6.343390278941654081e-01
6.345035655512824002e-01
6.343020425086578484e-01
6.348915894475692934e-01
6.344158337680811943e-01
6.341146410428762925e-01
6.345561519247753246e-01
6.343266055743821408e-01
6.346554494174746486e-01
6.347971155674694277e-01
6.344474974250721155e-01
6.347774325798636319e-01
6.351110671356807735e-01
6.339953340754345135e-01
6.349007621532967161e-01
6.341101485717095532e-01
6.344955295890236657e-01
6.356043040568878366e-01
6.338640220665129332e-01
6.356283915575662302e-01
6.329143143889770506e-01
6.344537588926788541e-01
6.350673530607717776e-01
6.347082816410367645e-01
6.344683642186856876e-01
6.350746777672631183e-01
6.345793164300115308e-01
6.348841324144124387e-01
6.353887572708530884e-01
6.351691325682329303e-01
6.336296557846675670e-01
6.350455056650745611e-01
6.358154697292099922e-01
6.344546632661725027e-01
6.344219015623131508e-01
6.341616319559348902e-01
6.348960346372249930e-01
6.342495696907494152e-01
6.346599891834008300e-01
6.344052388690883948e-01
6.358528851938775039e-01
6.344328220553772102e-01
6.356855990004566248e-01
6.339826823360098507e-01
6.347051890066126578e-01
6.345665045742285848e-01
