6.534328376339244571e-01
6.547408160148948664e-01
6.553387944700544976e-01
6.551673036979942522e-01
6.545992722847870926e-01
6.545977117806334178e-01
6.545865254728677751e-01
6.535829336923919541e-01
6.552245943434694686e-01
6.560435717866553995e-01
6.538650896795754619e-01
6.544581584400027685e-01
6.544414057890144409e-01
6.534609436673171068e-01
6.541898826963277180e-01
6.555706188314521787e-01
6.538193401364205126e-01
6.544699457806397724e-01
6.539472466445241938e-01
6.545333651597631253e-01
6.540542155112173406e-01
6.551509034596739722e-01
6.552048930550227190e-01
6.542632139048177864e-01
6.542426056516612576e-01
6.547969678953318162e-01
6.544476011497919465e-01
6.536400881063195722e-01
6.542164703239974344e-01
6.562908061108831959e-01
6.546339388331861020e-01
6.544956020338122960e-01
6.540136977728616685e-01
6.538481164452465411e-01
6.549162872434790561e-01
6.546525426017100191e-01
6.552789442773183648e-01
6.542262352191696717e-01
6.548330859975557416e-01
6.546335722852422156e-01
6.542370844465233981e-01
6.544562981324172357e-01
6.557613789674567872e-01
6.543055816062869345e-01
6.545677485512848559e-01
6.542414925488191368e-01
6.540128791007511211e-01
6.537698179284842093e-01
6.540999930596089751e-01
6.542619075534497064e-01
6.537191422026211729e-01
6.545285818693801216e-01
6.541005064362751531e-01
6.537564158767508182e-01
6.541863697924468202e-01
6.551602189811769339e-01
6.558705159163705778e-01
6.544944090434863249e-01
6.550477167224437736e-01
6.555491947331000269e-01
6.549621811525792037e-01
6.538637710254637803e-01
6.544730610922866454e-01
6.540435559607380434e-01
6.539800061003585574e-01
6.544530271321929993e-01
6.540731544057338809e-01
6.535521352173088161e-01
6.542874320399234556e-01
6.534595166863409466e-01
6.544763549483216813e-01
6.554479113088569342e-01
6.554265498645825971e-01
6.542645954025068100e-01
6.553587105535845225e-01
6.545719978910834458e-01
6.551650319418813595e-01
6.535878466344309246e-01
6.559418278907500621e-01
6.537950352346593164e-01
6.537818250795985886e-01
6.543285574782746750e-01
6.535882849388121585e-01
6.549757720038262843e-01
6.537753205570315806e-01
6.546518640988651105e-01
6.553328395807060947e-01
6.549019116694346776e-01
6.557632938821538193e-01
6.543085345380151852e-01
6.554893728106686579e-01
6.557442235010213505e-01
6.550762860199550452e-01
6.538391334722635229e-01
6.546490360950385501e-01
6.537869595306817772e-01
6.534816618333294524e-01
6.532991450634475505e-01
6.541421156493215650e-01
6.532540875478489717e-01
