9.000756071621331955e-01
9.006388414072821202e-01
9.006914023145733417e-01
9.008012728527684532e-01
8.999257432357616882e-01
9.006462985476431093e-01
9.002417338312380668e-01
9.010528230737541167e-01
9.003707090401993351e-01
8.992827401950242994e-01
9.014428471785620456e-01
9.006218625449420312e-01
9.011686194360736257e-01
9.011485494174718003e-01
9.006059802957554483e-01
9.009824760372265873e-01
8.992998218593031279e-01
9.007339433808383422e-01
9.000591134566435780e-01
9.017288436371726501e-01
9.011944495832766577e-01
9.004532265435947203e-01
9.012472409143603702e-01
9.003370186910090167e-01
8.999957043910994381e-01
9.003058645766863766e-01
9.004611279543734970e-01
9.009899170434426674e-01
9.005636174206987921e-01
9.009586909622122608e-01
9.016129362225742128e-01
9.008707108833589050e-01
9.016553321913528540e-01
9.012412429706346817e-01
9.012574326415739856e-01
9.001484310113520015e-01
9.005249352929001194e-01
9.008911647706469017e-01
9.010032203190898592e-01
8.999776878232351729e-01
9.002555248868442384e-01
9.003008476843537000e-01
9.008342361802867959e-01
9.001033326197576123e-01
9.000895072810580766e-01
9.003571751318926175e-01
9.007495050559033434e-01
9.005371688581680356e-01
9.014824698862606844e-01
8.997683955693143165e-01
9.015162238762021163e-01
9.002976494923082829e-01
9.012529221340697116e-01
9.007595039880385013e-01
8.999188552283604592e-01
9.003365420827433852e-01
9.011749137745507232e-01
9.008423214249039468e-01
9.017764702528696663e-01
9.003991918657667792e-01
9.004819074294105885e-01
8.997649465771635491e-01
9.007428667906389741e-01
9.005077727891601658e-01
9.003802978328323547e-01
9.010733129911396855e-01
8.998760001502171813e-01
8.999815392012638915e-01
8.996310404932386096e-01
8.988887815641470880e-01
9.002572333619560663e-01
8.997698803219988939e-01
9.001299884634743620e-01
9.007696615414689800e-01
9.005012984283740085e-01
9.010263323619548403e-01
9.012930725646735031e-01
9.013411540664615362e-01
9.010398267863553023e-01
9.016204544437506074e-01
9.006213061452137403e-01
9.004816418225487507e-01
9.010953617587549314e-01
9.016717118854538082e-01
9.003847993768696600e-01
8.985011502757236368e-01
9.019987179252224596e-01
9.012732206867575258e-01
9.014266785224749334e-01
9.005729666436541603e-01
8.994228146102827282e-01
9.011758339924327288e-01
8.997786298612467926e-01
9.001584767163177681e-01
8.997452949836033387e-01
9.015326235880438688e-01
9.009861876435588668e-01
9.000583810107574134e-01
9.001724422514087998e-01
9.009490325252014209e-01
