3.917359096820576259e-01
3.939133538234638188e-01
3.938806465691878644e-01
3.935395730247310819e-01
3.937806343826241173e-01
3.942869254378363886e-01
3.926930189669378124e-01
3.936948906277784599e-01
3.927879529473601861e-01
3.927195141988087945e-01
3.937280336044443607e-01
3.942580407735539749e-01
3.938308691486946955e-01
3.931059631722091385e-01
3.931367846259781751e-01
3.947910577043571845e-01
3.944651899751013269e-01
3.944531750379662305e-01
3.943856281005407860e-01
3.928600724157864099e-01
3.942634644405180189e-01
3.934976066191360200e-01
3.931846477955202035e-01
3.929046753041265938e-01
3.941284348957503347e-01
3.940175910620055122e-01
3.938600323865594777e-01
3.938791485360987332e-01
3.929168300941328074e-01
3.923018242834086511e-01
3.936781346006515969e-01
3.940521302809679716e-01
3.931120258469482653e-01
3.934796888634606304e-01
3.938925217473502327e-01
3.935758461335334690e-01
3.944143248654679579e-01
3.920584982632125959e-01
3.936141158015459274e-01
3.938466966707561134e-01
3.931958730462504770e-01
3.942832589305845792e-01
3.928541885597753858e-01
3.940430676261631460e-01
3.929262563857559565e-01
3.935912957914391441e-01
3.936929059570293821e-01
3.929018350364041900e-01
3.925541367714149299e-01
3.936553913726446585e-01
3.929553910277289730e-01
3.933680828003742747e-01
3.936983632967498981e-01
3.936599918344904081e-01
3.943405661995167399e-01
3.933403995310696954e-01
3.934617979298560275e-01
3.928156108999560914e-01
3.936723308461210769e-01
3.940226437050386998e-01
3.933282279357953604e-01
3.943079022940082501e-01
3.932051576806403492e-01
3.931622061669780011e-01
3.946204542494473055e-01
3.947206693540953326e-01
3.934183434746089669e-01
3.942744973637287709e-01
3.925982439032688065e-01
3.941572313666364957e-01
3.930131659706248559e-01
3.946071858572279822e-01
3.926542620907541581e-01
3.941998795944287037e-01
3.944103460912535830e-01
3.937364736419184386e-01
3.929705083850394409e-01
3.938621972081058353e-01
3.937222592496728568e-01
3.945091223146384163e-01
3.936081391712646371e-01
3.943842119842381200e-01
3.934355333527121967e-01
3.927652636867293157e-01
3.941806566764697872e-01
3.947329279742695096e-01
3.932940515045607599e-01
3.942805958763427876e-01
3.938291491741171546e-01
3.934689887251756613e-01
3.954856920031317724e-01
3.944611934859690305e-01
3.932324376533470334e-01
3.919217122547609677e-01
3.932760464943004242e-01
3.936603761846746985e-01
3.931506820295930238e-01
3.933891301001690710e-01
3.941554023029940623e-01
3.936033221340352606e-01
