8.806023850716750978e-01
8.805383657995222713e-01
8.817057473237258636e-01
8.800370434634984251e-01
8.817817304716191185e-01
8.813480670634892267e-01
8.806800054173444803e-01
8.803515006327752301e-01
8.815301521561385023e-01
8.812343237438847732e-01
8.811862926072191460e-01
8.803347937477226104e-01
8.804356451185466614e-01
8.818027908608991883e-01
8.808309285013169454e-01
8.808964265108087943e-01
8.817908104213636467e-01
8.817166207827251689e-01
8.813123233481972019e-01
8.816518814230565049e-01
8.811089530669760084e-01
8.815624971124973452e-01
8.813104411195250565e-01
8.802510350083279089e-01
8.819259921585569373e-01
8.817751365497752403e-01
8.811458983896004460e-01
8.814397943656318013e-01
8.812015198086595724e-01
8.803561664105237217e-01
8.802798196710638345e-01
8.803563331444734796e-01
8.807475259839919746e-01
8.813674366401997862e-01
8.797711591107937323e-01
8.808411584371180769e-01
8.810716159137365056e-01
8.805711057914882289e-01
8.808755993493873060e-01
8.806796789436879269e-01
8.813365863679512024e-01
8.814341501233257103e-01
8.814075296097243495e-01
8.818155480328445650e-01
8.822023295305048141e-01
8.810093524405799847e-01
8.807899191272542394e-01
8.805946480715705071e-01
8.809665189009335817e-01
8.807107413248974614e-01
8.811732878468907515e-01
8.813871524700497284e-01
8.816427838792278981e-01
8.808800892997907805e-01
8.801670872308422489e-01
8.810413350780983421e-01
8.815001891142852930e-01
8.810882677529465745e-01
8.811751196382830997e-01
8.805653795382193394e-01
8.814720216041684875e-01
8.811528041870129169e-01
8.812517310368839230e-01
8.817386777118196850e-01
8.810073091839182302e-01
8.808061495531351870e-01
8.810546943289803146e-01
8.815033818050700409e-01
8.807828903731571568e-01
8.802364892005043462e-01
8.820742207035525695e-01
8.812615449464029638e-01
8.816488261441302043e-01
8.812030341146008805e-01
8.814278643554818160e-01
8.812968364117805820e-01
8.801071706573849740e-01
8.813836829388510541e-01
8.812649494414386275e-01
8.810139931112193068e-01
8.811872201863175658e-01
8.813575481491493502e-01
8.803501139488478788e-01
8.807460617246024581e-01
8.812460997190778578e-01
8.801596037964591890e-01
8.814914120716825785e-01
8.813605087815661321e-01
8.814082199438126874e-01
8.803054823628480019e-01
8.812485387475866849e-01
8.810861917151175948e-01
8.822682182631642611e-01
8.815951005655682238e-01
8.816651686776504349e-01
8.816953806112738379e-01
8.805508920456373012e-01
8.818802738497675264e-01
8.811576649704820907e-01
8.806444761593004156e-01
