7.117823622861449984e-01
7.122773529595558539e-01
7.124736769165165295e-01
7.124057330716926373e-01
7.123649282189314924e-01
7.127859732579497898e-01
7.123671672403948385e-01
7.126341067553851882e-01
7.124256298693386613e-01
7.134764469479317750e-01
7.115433725122068953e-01
7.123032748425741634e-01
7.126432879788093810e-01
7.123508502399400477e-01
7.134785157970493508e-01
7.120745638291476887e-01
7.126076106375413000e-01
7.135817339693546479e-01
7.125871066097513307e-01
7.134656893607418393e-01
7.122420216123955816e-01
7.125774660054058351e-01
7.118834808865444064e-01
7.133875183823357169e-01
7.125837255245511814e-01
7.129007348749996087e-01
7.127282017832125005e-01
7.127747278590585989e-01
7.120322960585184768e-01
7.122697064225913532e-01
7.131525004037432280e-01
7.135298257198496863e-01
7.124299227776751398e-01
7.126104716725535360e-01
7.144240667512925524e-01
7.114359496268202188e-01
7.116963119546804162e-01
7.125063781415826858e-01
7.116888556619211936e-01
7.124359410229134104e-01
7.119528398516370427e-01
7.128018193466509889e-01
7.121226285630100072e-01
7.114202117925805258e-01
7.117787016199589312e-01
7.127238137336999735e-01
7.121129469051252769e-01
7.130451207712278361e-01
7.114644977226785016e-01
7.113615426466453062e-01
7.118410729470581177e-01
7.125328424957748652e-01
7.130772340319095903e-01
7.121105185062931442e-01
7.125779100296341095e-01
7.127415322906363038e-01
7.136530908796636652e-01
7.130227419098376096e-01
7.124924132023053858e-01
7.127089749403610064e-01
7.119017751876430822e-01
7.124232892775823611e-01
7.136329140729235077e-01
7.122081289328090481e-01
7.123882706715269908e-01
7.120373478868810002e-01
7.117347961141526902e-01
7.119955636963755108e-01
7.118907791301021248e-01
7.117883374125086871e-01
7.119266141528466374e-01
7.125106761628252627e-01
7.118468761436158587e-01
7.133130709278752146e-01
7.140745644873696119e-01
7.131503339311001666e-01
7.117861181566217388e-01
7.126633371964602448e-01
7.122470811190962925e-01
7.117146803055051096e-01
7.129688636408473279e-01
7.118693751054481211e-01
7.117324446004852367e-01
7.121554914773124967e-01
7.116037132554852152e-01
7.126971035060910564e-01
7.127181139438167889e-01
7.113228427062187054e-01
7.124962043189924099e-01
7.119326309887757942e-01
7.130596399534590013e-01
7.131763251616497490e-01
7.126863713975866155e-01
7.122931919708745951e-01
7.130186463441804401e-01
7.115112766719430271e-01
7.105710743738620216e-01
7.122108267503393098e-01
7.114224058736434708e-01
7.126443227279947168e-01
