2.004529893625309755e-01
2.014737158588961186e-01
2.008092648673558689e-01
2.011899681159175224e-01
2.013766054214070900e-01
2.005465875733106751e-01
2.008527637915925590e-01
2.010996021672036282e-01
2.013827046955295741e-01
2.009559553085860928e-01
2.011548434271289709e-01
2.013232319620558708e-01
2.009037813877989631e-01
1.999372170496587220e-01
2.021582330002341110e-01
2.012386544748964723e-01
2.013761191208320311e-01
2.008897795051614033e-01
2.001531864745820233e-01
1.999494555309530575e-01
2.005922494423905134e-01
2.020078824733909095e-01
2.018514227832942654e-01
2.001746508032179461e-01
2.019775013256515095e-01
2.012477032040888014e-01
2.013062185965737716e-01
2.011110448333274792e-01
2.003539554430416314e-01
2.020461288087145868e-01
2.006964785810335106e-01
2.016852055229971241e-01
2.008885402769784445e-01
2.002951025103819893e-01
2.004833189086700773e-01
2.009622179220406091e-01
1.997261686063293018e-01
2.004577307947506271e-01
2.015334153085138191e-01
2.006863905525273495e-01
1.999498112554802254e-01
2.005031049826634104e-01
2.012439086637536900e-01
2.012647663085529171e-01
2.001591845880909826e-01
2.007825819991616301e-01
2.002363056051651435e-01
2.006667941771837493e-01
2.030375800843515210e-01
2.013111103860903972e-01
2.012018607691860028e-01
2.020900462117741214e-01
2.007980808929759053e-01
2.015633680415314100e-01
2.012603652454971470e-01
2.015681848391152053e-01
2.005932406873964513e-01
2.017374608644849632e-01
2.009988742267429240e-01
2.003094994111352944e-01
2.006172950197545324e-01
2.024362067808369303e-01
2.003694695958295746e-01
2.003623138440383256e-01
2.004241239196363211e-01
2.013020004257939644e-01
2.008783947655437552e-01
2.018949605021408134e-01
2.018596751647898091e-01
2.017843706052950825e-01
2.008669413860308950e-01
2.013251314641739120e-01
2.012509964018173725e-01
2.013291018431952462e-01
2.014821264504214893e-01
2.005582824487606441e-01
2.013918994623021264e-01
2.010345711383471345e-01
2.014711513297565149e-01
2.006121581339319060e-01
2.012160941618263421e-01
2.002025997111911426e-01
2.014534386733743410e-01
2.012437625520421824e-01
2.010789348583432168e-01
2.012320067419695047e-01
2.005542995243327353e-01
2.017341747813478081e-01
1.996998198116166079e-01
2.002239408232916740e-01
2.001807781340719794e-01
2.008981016259832331e-01
2.009892898019314811e-01
2.012705281332688445e-01
2.014559145358828518e-01
2.010869214916676806e-01
2.004269107008293527e-01
2.015514606854232338e-01
2.008066133214887472e-01
2.008145391782084066e-01
