9.296714094777516757e-02
9.466936347897986215e-02
9.545283444854388288e-02
9.463713493876962923e-02
9.441913514296004784e-02
9.585045749804858850e-02
9.514652370149881411e-02
9.600197685514758050e-02
9.496130998151219860e-02
9.587597962576505095e-02
9.418013190399283918e-02
9.520391993054608260e-02
9.496185681150215441e-02
9.529699332005100998e-02
9.504037931883460577e-02
9.496622394066400741e-02
9.538355569301909531e-02
9.486718767998997270e-02
9.481174555366080059e-02
9.433326209948625363e-02
9.390006361230840426e-02
9.568002879107911918e-02
9.480105886768014356e-02
9.422008565526299173e-02
9.596033833611945785e-02
9.458101743800004235e-02
9.587420138020126548e-02
9.504940008953513542e-02
9.589962418725742066e-02
9.529761851182604049e-02
9.566809717291153981e-02
9.438063928945494840e-02
9.508241293496186297e-02
9.549193628341877405e-02
9.481615866960793615e-02
9.488451010090698245e-02
9.533541267646071515e-02
9.469196237229907109e-02
9.333254697243380249e-02
9.567282548754187099e-02
9.541667755418964392e-02
9.400655950102901337e-02
9.577167756538582100e-02
9.565184458175948756e-02
9.471402061516123738e-02
9.556442836743686553e-02
9.396107761104997846e-02
9.545630085541231824e-02
9.574492864914652124e-02
9.561383765278258506e-02
9.435060527558103427e-02
9.582501866071985175e-02
9.550637701987538253e-02
9.482739240547111148e-02
9.539499090343268872e-02
9.597108132230666722e-02
9.409700984598029505e-02
9.550910163555642596e-02
9.550044974080432181e-02
9.510422830972578567e-02
9.610267642842913738e-02
9.556214943177442078e-02
9.526513525252128245e-02
9.586201296548438333e-02
9.417502379160153092e-02
9.495970382815790978e-02
9.530354253528566799e-02
9.467879281565655392e-02
9.586082658375323640e-02
9.559016900358244251e-02
9.569514023601957686e-02
9.518416765369233645e-02
9.453942955349711741e-02
9.574827058448329153e-02
9.592900488641646628e-02
9.587790632742593244e-02
9.528183161839404169e-02
9.473232911486119401e-02
9.516515869394634453e-02
9.524007371195863936e-02
9.582215859593318230e-02
9.481744483255222233e-02
9.444983121324285191e-02
9.510219914013262610e-02
9.606350879453715019e-02
9.568652550929403200e-02
9.444397341863425277e-02
9.618626003956504134e-02
9.559226440308066231e-02
9.559173275410329240e-02
9.554617768550842383e-02
9.547734951130840142e-02
9.441977204074372687e-02
9.558820126376685322e-02
9.499774164564167567e-02
9.495516958275407315e-02
9.409545273353292494e-02
9.539884387991698356e-02
9.627882891591216241e-02
9.434715039783300727e-02
