3.608893107029327307e-01
3.612895041790487594e-01
3.621076040596214463e-01
3.616622379380947661e-01
3.619242142160986608e-01
3.612008669702423402e-01
3.628622530892890441e-01
3.607813351061799900e-01
3.610121865811755093e-01
3.608612005943786505e-01
3.616958862674412023e-01
3.624143640915109543e-01
3.619349790600167038e-01
3.615867743925886280e-01
3.612826953060744861e-01
3.611603943799235328e-01
3.616668927298186120e-01
3.604472722120578565e-01
3.611466657518157541e-01
3.619058274490452032e-01
3.621475255075335964e-01
3.618762678665733423e-01
3.615269898520206415e-01
3.615369402312774705e-01
3.608262343441718811e-01
3.615622028598097226e-01
3.611352119834041474e-01
3.613122361189708420e-01
3.612927383710219376e-01
3.616730638949626209e-01
3.613622808185298907e-01
3.613741762909523092e-01
3.617859885454505764e-01
3.614767511833605340e-01
3.618789013098384633e-01
3.609454154738125919e-01
3.613295910955240942e-01
3.615650663202001347e-01
3.618469485539855812e-01
3.614193499091275519e-01
3.608662964840242404e-01
3.615668852358903118e-01
3.619403270106743564e-01
3.600544095754902307e-01
3.623207012883028488e-01
3.617809492525104753e-01
3.611587389661374825e-01
3.613222066069529670e-01
3.607733387233182376e-01
3.623957736246495309e-01
3.617369663992470730e-01
3.617296225140885779e-01
3.612106304683156410e-01
3.621172756270825688e-01
3.618828079761361449e-01
3.614233437331846321e-01
3.615898873104005373e-01
3.618800981721008725e-01
3.615839057719725247e-01
3.617487149246764178e-01
3.611729536098283733e-01
3.622147356754892300e-01
3.623547873227933036e-01
3.611890578646617112e-01
3.618110568991083631e-01
3.621340844459869923e-01
3.611368311988216728e-01
3.630924452475581266e-01
3.627006660944666616e-01
3.620477691649263141e-01
3.612166902669367019e-01
3.616397975350453819e-01
3.619687566383297250e-01
3.623104398019789674e-01
3.621486462655409966e-01
3.611057378019058572e-01
3.626728596681865757e-01
3.611723903582652606e-01
3.619641709675376351e-01
3.606575841776465952e-01
3.626491944840298798e-01
3.611945537328760669e-01
3.618921707590284642e-01
3.617141358156927278e-01
3.612384638270010884e-01
3.610057071702555964e-01
3.621953636830491652e-01
3.616566406244582366e-01
3.617243746618241662e-01
3.614891526220586626e-01
3.604857142385607949e-01
3.615906604252038803e-01
3.615932222824045361e-01
3.618926046236647376e-01
3.616165548849633038e-01
3.627944046204458206e-01
3.607441684214243161e-01
3.611143789617502486e-01
3.616484443861175402e-01
3.630106419148243502e-01
