5.161774043104003784e-01
5.174322182538235726e-01
5.188229725256502389e-01
5.177144578486534421e-01
5.171935265621200317e-01
5.184336732163883354e-01
5.187760089731562330e-01
5.186081766398871196e-01
5.179616560541979720e-01
5.170914018347670948e-01
5.177264785317509110e-01
5.183606315298505685e-01
5.173280671562704436e-01
5.187807962921633376e-01
5.179578713329757722e-01
5.198819717641012250e-01
5.176947944764351828e-01
5.187700520913929303e-01
5.168994746218914527e-01
5.177932041226697146e-01
5.176119344787740717e-01
5.158803479656044466e-01
5.175664779258331016e-01
5.170611015773176611e-01
5.184513142948413700e-01
5.175761434046470821e-01
5.175071152852590561e-01
5.174724402818989821e-01
5.160407671717391898e-01
5.180942932284906544e-01
5.183103369733068622e-01
5.176868470016056101e-01
5.179462725755827890e-01
5.171584309778110011e-01
5.169003409271748506e-01
5.173740147515542009e-01
5.175866260703473332e-01
5.177850105214087950e-01
5.191084770981011509e-01
5.172881345118383045e-01
5.183217650461312553e-01
5.163557301753775031e-01
5.166739618431313019e-01
5.164687585627796285e-01
5.168382864055046655e-01
5.168443992881860405e-01
5.191000518240669326e-01
5.170871781572061732e-01
5.170466579297072762e-01
5.174795017789880491e-01
5.167293913268057315e-01
5.170332651590583417e-01
5.183486336030271868e-01
5.165839622515473462e-01
5.175241841052995451e-01
5.170413248744711865e-01
5.162822507809193828e-01
5.180654203057660778e-01
5.175946630354476552e-01
5.175290985284792811e-01
5.186913179085694825e-01
5.183144869512961161e-01
5.178343683318034074e-01
5.162947665023449595e-01
5.176553651695815494e-01
5.175322506783948118e-01
5.174800853944264700e-01
5.181556686066945971e-01
5.168256164014390919e-01
5.191094377149998440e-01
5.169136336381736641e-01
5.188010562848746066e-01
5.168581194909379617e-01
5.171708614030721129e-01
5.184877540033234755e-01
5.184831358750373598e-01
5.178117426491736230e-01
5.182923029251946812e-01
5.182910108946612304e-01
5.166763765388175944e-01
5.180369938172970645e-01
5.185113684855506833e-01
5.183414376996791084e-01
5.178598107950367346e-01
5.175208373155879560e-01
5.179097830423160520e-01
5.168985077220797919e-01
5.181393823736013537e-01
5.170935629106663267e-01
5.174443292831837349e-01
5.178547241146560509e-01
5.176592963770922928e-01
5.174540882404360387e-01
5.173730136555018122e-01
5.174505009247665210e-01
5.168808239987850994e-01
5.186002553809950788e-01
5.174134329268998966e-01
5.167683708289861899e-01
5.175089668333072712e-01
