1.930706540635869772e-01
1.954890024934970161e-01
1.948288812875442477e-01
1.946841136360406010e-01
1.962195536468615553e-01
1.947975538642440496e-01
1.947908377660883816e-01
1.956092341380790411e-01
1.946720803403797495e-01
1.952559107267379801e-01
1.947347652363768944e-01
1.945034738361915427e-01
1.956516277468683396e-01
1.952547392594884690e-01
1.938404577695917730e-01
1.947839886932751507e-01
1.960609199377298939e-01
1.943045082814609525e-01
1.944440257106689884e-01
1.946999525148950250e-01
1.952543833223764624e-01
1.954910225942277369e-01
1.946069262128929389e-01
1.948133489787183537e-01
1.950977264777642439e-01
1.953600953543792040e-01
1.950611674296642284e-01
1.952139862129893266e-01
1.956717666147809176e-01
1.943866793433996210e-01
1.950254659750907393e-01
1.948538403477537151e-01
1.943962333573030499e-01
1.955802946861112668e-01
1.948810501353273050e-01
1.947494482915721470e-01
1.944770131240965427e-01
1.948333287729960839e-01
1.952352137061380000e-01
1.959148615393445925e-01
1.956060287179977597e-01
1.957105108938240190e-01
1.946915181390981298e-01
1.944402232033013989e-01
1.950353741522057871e-01
1.951825401798953641e-01
1.955292922418168655e-01
1.944891765469086431e-01
1.948917219900967446e-01
1.947990309321812885e-01
1.949598376296522162e-01
1.950828726573709815e-01
1.944226965180630151e-01
1.951251875834272287e-01
1.946246885900562162e-01
1.958620429684219677e-01
1.938060626344151605e-01
1.947001043285320754e-01
1.950300617512256141e-01
1.947573089344373787e-01
1.956950425995993559e-01
1.947647104026898335e-01
1.945854762599569243e-01
1.930269862772405476e-01
1.933047647898724908e-01
1.948267181706216378e-01
1.946050939234101607e-01
1.944430190463596886e-01
1.939920035528199527e-01
1.954705844733127529e-01
1.950924123543101019e-01
1.945567012771835524e-01
1.936492920580345500e-01
1.942728315305937148e-01
1.932608530959867843e-01
1.950086443590045293e-01
1.950895516295217680e-01
1.948993342241913396e-01
1.948939951285398875e-01
1.946238534483152316e-01
1.949085159573407666e-01
1.958342464752260703e-01
1.955655457875818681e-01
1.948247128863676014e-01
1.960819949479329916e-01
1.945342672527219929e-01
1.937982161676001791e-01
1.957683508494605928e-01
1.954770917045312029e-01
1.964331376464307222e-01
1.947219133651399703e-01
1.953391021279317075e-01
1.942546893918814244e-01
1.951526702539095881e-01
1.958931280375073858e-01
1.939876294107104049e-01
1.948691780868341272e-01
1.953604903475243959e-01
1.953378247598138995e-01
1.944585498488100583e-01
