1.826891823962562000e-02
1.968570378549509142e-02
2.011766195711985755e-02
1.834499160036849597e-02
1.936687557119337599e-02
1.943610342752692677e-02
1.946322950729556175e-02
1.986408985538976740e-02
2.004613536023773512e-02
1.906577499347685348e-02
1.976454706322057497e-02
1.927117684283452537e-02
1.949424742752474057e-02
2.018079299199931897e-02
2.060677014297826806e-02
1.919704534097400883e-02
1.947150711810194737e-02
1.867889136054688010e-02
1.834174620680071449e-02
1.904580740887710025e-02
1.893759399506746155e-02
1.885605518054975921e-02
2.025105975968232580e-02
2.104365294715559997e-02
1.974656698490274628e-02
1.888271581022151618e-02
1.938252563656920127e-02
1.753547489411352855e-02
1.916279677222706632e-02
1.972798858806238884e-02
1.892581683908772100e-02
1.896419762064046471e-02
2.063829746861272491e-02
2.018840530263742161e-02
1.900466009939747944e-02
1.903465816357910456e-02
1.928233141740666109e-02
1.961084724331849799e-02
1.849035259360643640e-02
1.864449542987176717e-02
1.835795083415344905e-02
1.899549397614991655e-02
1.916449068906632414e-02
1.887762522986081645e-02
1.869556598882253506e-02
2.011494138157685074e-02
1.939699638853335795e-02
1.932069882426616647e-02
2.002727579841124747e-02
2.013792459739387544e-02
2.017753289610976775e-02
1.945662725995462444e-02
1.898808984784988718e-02
1.917144898069565728e-02
1.991839314119226573e-02
1.931479336857215567e-02
1.808302961679160784e-02
2.000858864479975255e-02
1.840027334891854854e-02
1.971734315796740133e-02
1.783560999725189791e-02
1.888994747776458205e-02
1.908778037231616959e-02
1.884700489046912258e-02
1.900068696789507239e-02
1.938913579956587363e-02
1.893495378631371989e-02
1.978778799220748050e-02
2.071533133458779152e-02
1.989321091305614603e-02
1.902329060747446482e-02
1.934648203263555910e-02
1.941636783410468151e-02
2.034289193607799820e-02
2.021464638459920596e-02
1.879285283232537754e-02
1.877497302165504617e-02
1.900980589806046742e-02
1.914619093994865753e-02
1.937515002526126948e-02
1.880389521052071300e-02
2.083505074294671883e-02
1.971486192736912613e-02
2.003077743286798065e-02
1.821108764580620099e-02
1.952668775021609848e-02
1.929681680249985612e-02
2.018143098232769855e-02
1.989232997541445086e-02
1.931028060237739707e-02
1.936533615220631735e-02
1.986721543152235661e-02
1.964986629027623555e-02
2.021056889369784310e-02
2.041711624886404300e-02
2.077697859242110673e-02
1.916158307492896520e-02
1.869466974108002777e-02
2.174319048144505301e-02
1.940943408935203590e-02
