2.242488563307201976e-01
2.234197726680933749e-01
2.246462993571598510e-01
2.245486029964189334e-01
2.241502568934688466e-01
2.244133800642655330e-01
2.240594918827618631e-01
2.240548000802368711e-01
2.236208098279416079e-01
2.229338385945865419e-01
2.236392087666765616e-01
2.253243923704116025e-01
2.239955307081106795e-01
2.238172692785253548e-01
2.245054890341759146e-01
2.253417208091301194e-01
2.247870477680223578e-01
2.245686362057260077e-01
2.236133228626075442e-01
2.240120030999873113e-01
2.245313614090929943e-01
2.240040536858242115e-01
2.236391185637159329e-01
2.240690518751100035e-01
2.247569933973513900e-01
2.238284104574886912e-01
2.245793402197842070e-01
2.241308018660242984e-01
2.232808855800562653e-01
2.244009321460505579e-01
2.235765219774245582e-01
2.235046422530351795e-01
2.244408195877032330e-01
2.241239630074368661e-01
2.234838262191324310e-01
2.245747693638596998e-01
2.241842519287384206e-01
2.248064221979416411e-01
2.236562705989957045e-01
2.249437971357844401e-01
2.239462563779112403e-01
2.242382355847380992e-01
2.236068396103677303e-01
2.248673440765057430e-01
2.241326519759932467e-01
2.240738534064974363e-01
2.241868060259266937e-01
2.226873918629865279e-01
2.243478058913598305e-01
2.240692736422494891e-01
2.238038613548030131e-01
2.245090627569878983e-01
2.242069471343429155e-01
2.236844633479225797e-01
2.225648154222718555e-01
2.243972210213937279e-01
2.240243270295598221e-01
2.232178717477372454e-01
2.240306973883393615e-01
2.238992532300799754e-01
2.254341471254493467e-01
2.228775614235435354e-01
2.227597343361904514e-01
2.238482878236622287e-01
2.235246241579798010e-01
2.236676046799472850e-01
2.241432404140237256e-01
2.248842164542749766e-01
2.244886766588039539e-01
2.226117374449544939e-01
2.240413012840722917e-01
2.237353629883676032e-01
2.240821014726093741e-01
2.238253167646129804e-01
2.254874822118032585e-01
2.253714213780809161e-01
2.233274704680859590e-01
2.236514806663905119e-01
2.238317374202483112e-01
2.241091586096042865e-01
2.243457397437857992e-01
2.239756032911855432e-01
2.237575472684649180e-01
2.239862051128162779e-01
2.250957156464017950e-01
2.239567425596163952e-01
2.241568719688238343e-01
2.257297417242357662e-01
2.238711870602503873e-01
2.243899236221656712e-01
2.238941133812930862e-01
2.237956897953481961e-01
2.245180758422945233e-01
2.248754978345447464e-01
2.237484843784170452e-01
2.246977132865303206e-01
2.243876815660167945e-01
2.238838475153641094e-01
2.240119475313296360e-01
2.239562733856645671e-01
