8.392431685972975286e-01
8.387858882782113223e-01
8.395212865717106565e-01
8.387507019104107897e-01
8.386821714077321577e-01
8.393753205520533278e-01
8.397088684375847434e-01
8.388240848215838819e-01
8.393087157108872765e-01
8.394285129165570680e-01
8.393393399652816500e-01
8.398744692995898653e-01
8.398552930516788306e-01
8.401508779241593228e-01
8.386680766816717592e-01
8.386086798860223901e-01
8.401231783212189663e-01
8.393083914859585937e-01
8.402897659247035023e-01
8.398727059245385540e-01
8.392090212169918129e-01
8.399093353730440192e-01
8.398611278521117551e-01
8.379126524131904619e-01
8.396143191903761016e-01
8.388087886749766575e-01
8.390577687235399873e-01
8.387466057071466530e-01
8.397610515738914705e-01
8.398502849048106178e-01
8.404781355146420108e-01
8.395225551447478285e-01
8.380245406896240645e-01
8.388121933417210796e-01
8.391867234055763181e-01
8.400690456844175369e-01
8.396554148847300558e-01
8.388286154293786989e-01
8.390623883693985041e-01
8.394593676600347054e-01
8.396727050421873839e-01
8.398058687694633928e-01
8.387200310558391436e-01
8.406990496387057865e-01
8.394905248573851786e-01
8.387568378652314749e-01
8.405608739278718211e-01
8.394638239409223379e-01
8.407979352155871000e-01
8.387815005310623739e-01
8.382023634852389105e-01
8.396164727216801626e-01
8.391920826325062199e-01
8.400937338792864306e-01
8.389643803571376068e-01
8.402534830914819564e-01
8.389357017527012683e-01
8.391538739264534641e-01
8.381226806872130730e-01
8.396784248602159328e-01
8.390726346530630320e-01
8.398864976795552550e-01
8.397549710174554427e-01
8.392003880627773027e-01
8.395636146316244330e-01
8.391840630117826105e-01
8.388052830990293529e-01
8.400303664180941432e-01
8.393943013828969457e-01
8.390475508397069460e-01
8.392209120973772585e-01
8.383376935460302715e-01
8.386242403154535729e-01
8.397806587589554672e-01
8.392010666520577367e-01
8.387820181418832455e-01
8.395379391558288606e-01
8.398218552545676507e-01
8.379375467666917432e-01
8.402561909970686083e-01
8.389081467823280569e-01
8.398179024027749850e-01
8.401875461569149328e-01
8.386804491445503107e-01
8.394954087771233642e-01
8.385781198328756680e-01
8.400998535601097439e-01
8.399381572844044630e-01
8.402766322695451873e-01
8.395089542704617935e-01
8.384629765875477592e-01
8.395864157528420968e-01
8.383420089240053441e-01
8.404989138343021970e-01
8.393890007577933243e-01
8.390864674023936765e-01
8.407809143430922116e-01
8.388216587280201697e-01
8.392172946810992906e-01
8.398869289280357364e-01
