7.874996339938480361e-01
7.882929504037199386e-01
7.892861854290256218e-01
7.888602888555842352e-01
7.884385334649678390e-01
7.881845474439719279e-01
7.873042269311754104e-01
7.885555281979703679e-01
7.878997078314402547e-01
7.883030371577754991e-01
7.881208864987092610e-01
7.877595274268830439e-01
7.877573019743170368e-01
7.882789272855114104e-01
7.893880248297248103e-01
7.886301825973827118e-01
7.877796204192890617e-01
7.880041169980414040e-01
7.881482846824263699e-01
7.878865742794438631e-01
7.888237506066830829e-01
7.878745383040475225e-01
7.884179020035880781e-01
7.901737969313590293e-01
7.884271573640115882e-01
7.877387835760034651e-01
7.889581156500558023e-01
7.889518293232369306e-01
7.902083406152641265e-01
7.887319246347372914e-01
7.879376109167681719e-01
7.887598027462798811e-01
7.876258351614076059e-01
7.878386450503724880e-01
7.885403537545400132e-01
7.883945371517652179e-01
7.884172191300287125e-01
7.882475463661594572e-01
7.886902741013798179e-01
7.896792145406787977e-01
7.884269816498211680e-01
7.879284034659783664e-01
7.879649810250795028e-01
7.882650147693046616e-01
7.876071284255166116e-01
7.885665522443898734e-01
7.885923133857268841e-01
7.887611766443153316e-01
7.887943470700320425e-01
7.880984214871612492e-01
7.887412112368747952e-01
7.879371850124610166e-01
7.897397823349749935e-01
7.872357188577875364e-01
7.896395100082723717e-01
7.877415025332743514e-01
7.886708227280596617e-01
7.881774429295843598e-01
7.887621731921394819e-01
7.881562687384418009e-01
7.880909413598330415e-01
7.889403015058288338e-01
7.878637273192077295e-01
7.877585605056912632e-01
7.881272587455845358e-01
7.887085473900676824e-01
7.892551658614828103e-01
7.897227099810866235e-01
7.882194307078203011e-01
7.887395002413504219e-01
7.900025459811450546e-01
7.889696904682186318e-01
7.880833119862464820e-01
7.883448065698358542e-01
7.875808756570341629e-01
7.881291592716865857e-01
7.889126522810584463e-01
7.894099527321385423e-01
7.883523816057965705e-01
7.893442267929288159e-01
7.881352933021918972e-01
7.883160608601196273e-01
7.887789391982241716e-01
7.881638529462446918e-01
7.883808787709121191e-01
7.881660348314911690e-01
7.880898172739341234e-01
7.884706551332583135e-01
7.883846885032310681e-01
7.878307437805320834e-01
7.880462410672887108e-01
7.888235388694803119e-01
7.896655782110666433e-01
7.884656889689305448e-01
7.881997502062798588e-01
7.879487624437742088e-01
7.890706479565899878e-01
7.874487172927162604e-01
7.882401563619743090e-01
7.876951212001579439e-01
