8.848763053802122247e-01
8.872299066201486673e-01
8.861860221337454213e-01
8.862251906092452058e-01
8.853646065655422781e-01
8.867346218755287612e-01
8.847989977148920104e-01
8.854595229211305041e-01
8.865891246770352119e-01
8.856292626131920809e-01
8.861018860615970105e-01
8.857155108100677188e-01
8.864197260452817417e-01
8.863346733410906175e-01
8.855596580607686397e-01
8.860389316191032982e-01
8.856915552129974722e-01
8.859484598406706102e-01
8.865834363036210197e-01
8.853542284854417632e-01
8.861256235985464080e-01
8.876417585109497299e-01
8.859986793828720231e-01
8.846012396456689464e-01
8.857365791338371874e-01
8.857172717546430984e-01
8.860777868646605437e-01
8.869779768985409651e-01
8.857293947312540050e-01
8.846166607659839975e-01
8.858903024955643302e-01
8.846357875556252193e-01
8.856776117546077964e-01
8.854313285626984609e-01
8.858903371083137746e-01
8.860770720212455265e-01
8.860964972844869170e-01
8.866324501699921479e-01
8.867327560047937318e-01
8.865095810423248013e-01
8.851425330849249651e-01
8.858805473533730712e-01
8.876056191733470158e-01
8.855114136533411839e-01
8.862091541590100263e-01
8.856093689458037765e-01
8.855206479928696695e-01
8.862171877979432288e-01
8.870423825190113520e-01
8.864142013090561267e-01
8.858549472594332563e-01
8.857051143895524614e-01
8.872902816251880820e-01
8.864514421716902515e-01
8.858686898239355179e-01
8.864788744934979370e-01
8.843256392157212709e-01
8.853143955696480827e-01
8.865520100058921216e-01
8.853533709361403048e-01
8.862515185480526192e-01
8.863997041819048350e-01
8.855524470962475858e-01
8.866326908731119172e-01
8.867331009681101994e-01
8.858506538180552781e-01
8.863809114932346134e-01
8.862348985282680891e-01
8.861641647549920453e-01
8.853719231487715557e-01
8.853715974628668661e-01
8.858859966767951288e-01
8.859636438794581403e-01
8.864055288295519253e-01
8.857585954977155174e-01
8.865085842636126756e-01
8.853238034653918564e-01
8.861966900666569114e-01
8.862117409503003085e-01
8.862910560025388795e-01
8.856197920725441541e-01
8.858527661695516642e-01
8.841687624650034216e-01
8.860410041775221845e-01
8.865282722963832018e-01
8.857483385691875544e-01
8.867672952908187689e-01
8.872324058523345380e-01
8.852536740997554165e-01
8.851053161753992260e-01
8.858528548124703361e-01
8.853145012051897300e-01
8.857317680353160583e-01
8.859450100518728721e-01
8.856097324642331348e-01
8.855846371641327153e-01
8.850860258981612105e-01
8.860279237586747847e-01
8.866583181208717024e-01
8.857273973524582011e-01
