6.361104951013194508e-01
6.368115807324307154e-01
6.362802533128510962e-01
6.372949820978481839e-01
6.367205869209136004e-01
6.368149237945537333e-01
6.381128432595479794e-01
6.381310768771319974e-01
6.373430174922254388e-01
6.372554426011012296e-01
6.376829624827778931e-01
6.379888547128311771e-01
6.370075524309849468e-01
6.374247493518461205e-01
6.376465408843617899e-01
6.381141765578218772e-01
6.374533416515069106e-01
6.372262834321988922e-01
6.379200663652577763e-01
6.376041095733258057e-01
6.368051027796162167e-01
6.375043938518820674e-01
6.369425953063665435e-01
6.377394160839986448e-01
6.385761714115087972e-01
6.372186668540438248e-01
6.371433465136817631e-01
6.375497203180031658e-01
6.372497622692725461e-01
6.375643391351452083e-01
6.371886356465193968e-01
6.367092754023238044e-01
6.363335267621006430e-01
6.370392295509534897e-01
6.373723138251390363e-01
6.380289222266100069e-01
6.374694129772622286e-01
6.380157855126553645e-01
6.386647481205003363e-01
6.376152625919537797e-01
6.380466066614273180e-01
6.369110274141509542e-01
6.372991656398518945e-01
6.379577193813343872e-01
6.379609573041590265e-01
6.378657821148714380e-01
6.360315434482904928e-01
6.369621617833620686e-01
6.374473752929433745e-01
6.389521013615292455e-01
6.372534757012560114e-01
6.383226046927028552e-01
6.378235284559571339e-01
6.367198938172171641e-01
6.384103412372261754e-01
6.384361920640371224e-01
6.383000643217714432e-01
6.376820083530216898e-01
6.366474528242344055e-01
6.385435404843751162e-01
6.381517320499601187e-01
6.369839400282055752e-01
6.370671218052497142e-01
6.373216359845874646e-01
6.378633188568131329e-01
6.380027933841638799e-01
6.378305610673584702e-01
6.367517367356126945e-01
6.375206164452564828e-01
6.374427622283176387e-01
6.364657013427983401e-01
6.381989128972610503e-01
6.377519594334604136e-01
6.372001915743464862e-01
6.367380212446578369e-01
6.372316425909847482e-01
6.371553241519176680e-01
6.372080171883054422e-01
6.377845614037610522e-01
6.380402683245254281e-01
6.365407222582526447e-01
6.380445793764841778e-01
6.386152395019886185e-01
6.371633892162109625e-01
6.374487970419169258e-01
6.370369145115226672e-01
6.374383824130294141e-01
6.363783041334251100e-01
6.367163521663555814e-01
6.373396227834768890e-01
6.372097003951109340e-01
6.374371154210913826e-01
6.379918914648322614e-01
6.382444075766658953e-01
6.370392696096347507e-01
6.380303774204916234e-01
6.380467391511142061e-01
6.372050122766039770e-01
6.376503089320697537e-01
6.369953906831238299e-01
