1.454252280635263961e-01
1.463146398470477894e-01
1.466699476399433988e-01
1.458498539673636074e-01
1.456077278320794532e-01
1.454417023756900962e-01
1.458574898308792611e-01
1.456013143506301732e-01
1.459313333630652409e-01
1.467177337996677378e-01
1.466767835697999622e-01
1.465220740629769036e-01
1.469088220322512517e-01
1.459660639812904448e-01
1.467450774050207962e-01
1.469938855233321739e-01
1.460161111659013800e-01
1.456292177019379575e-01
1.457419758772307283e-01
1.469016577322000972e-01
1.450689899845606923e-01
1.465842457127481124e-01
1.455565596415281382e-01
1.458319059959911068e-01
1.460442381480335783e-01
1.459068796869025519e-01
1.460917522688343351e-01
1.460680787042954454e-01
1.456736673959641293e-01
1.467427819150395329e-01
1.458821639266176251e-01
1.449589786484606346e-01
1.450883228611602460e-01
1.460927616716266031e-01
1.461433898555978272e-01
1.458945327537223002e-01
1.457632420368422665e-01
1.449934583067592209e-01
1.456580888253672657e-01
1.447634789397758970e-01
1.457981389047378618e-01
1.463631856076646753e-01
1.451919485088482842e-01
1.460634043879509014e-01
1.470442493796467465e-01
1.452996990347531492e-01
1.468617195027011324e-01
1.451789673954080873e-01
1.458858503907323190e-01
1.444012330228885976e-01
1.457086770411078758e-01
1.463663302942050937e-01
1.460341497961265000e-01
1.451894861442899476e-01
1.475759517184404290e-01
1.468099458523107192e-01
1.461009690807607841e-01
1.461915380989813884e-01
1.463483150608423100e-01
1.454812075656453096e-01
1.446582114881870829e-01
1.458412600636284639e-01
1.449091472241376966e-01
1.450979755639008051e-01
1.459650473462945353e-01
1.471421120038186037e-01
1.450646952371221488e-01
1.454342001725850431e-01
1.464360438656613361e-01
1.461298806554978125e-01
1.468117535584876066e-01
1.451110016503820987e-01
1.458289719275560059e-01
1.465709276954174078e-01
1.460535993566375590e-01
1.463614525312143255e-01
1.448365389631492139e-01
1.464602289279492708e-01
1.459375089906161105e-01
1.455665377290740192e-01
1.459980662770264948e-01
1.459401991966562673e-01
1.466515651473981330e-01
1.459163682784359872e-01
1.456513953537631190e-01
1.458477521829355250e-01
1.469548226274869362e-01
1.460171006241259561e-01
1.464439232827765835e-01
1.468980327149687348e-01
1.461386408956186211e-01
1.460475130562766122e-01
1.457338669158304845e-01
1.461296608558603216e-01
1.468800907559321689e-01
1.457659680324200069e-01
1.458243928643388476e-01
1.455458266772327314e-01
1.461885206216131383e-01
1.465838224978097126e-01
