8.460690099930856523e-01
8.480106427565405891e-01
8.475193797262322581e-01
8.461386552743102030e-01
8.473377786904997544e-01
8.485711427013593600e-01
8.481065183723833778e-01
8.469954535307675503e-01
8.481220804223622567e-01
8.472236481376462791e-01
8.461740986209331794e-01
8.475354209512351300e-01
8.468568762290835661e-01
8.476980457921048373e-01
8.468917600957255321e-01
8.476883974136135702e-01
8.478733073765014616e-01
8.466688320676796220e-01
8.479281665805823431e-01
8.483410983641604952e-01
8.472377197973592899e-01
8.471225164012582409e-01
8.473210750472811581e-01
8.467002863276277269e-01
8.480436880821257128e-01
8.468558804833641318e-01
8.475351067826908391e-01
8.474256823474839440e-01
8.466237092537085562e-01
8.475114473958782479e-01
8.476086800276163569e-01
8.468703698247355138e-01
8.470121680513944540e-01
8.489869701651597822e-01
8.463507930906511989e-01
8.474713020486706050e-01
8.470529673250550839e-01
8.480312107057048632e-01
8.475913824570425747e-01
8.467525957597741293e-01
8.472092858949573646e-01
8.473872433792883907e-01
8.469923960703372723e-01
8.480898873221922596e-01
8.478848870055633036e-01
8.476840140640474752e-01
8.475234214710469782e-01
8.476011310091903228e-01
8.472820247263392890e-01
8.462389389810329732e-01
8.470350534842056023e-01
8.471851870839508525e-01
8.476684833818434184e-01
8.481342594149154923e-01
8.475074577415211419e-01
8.470663166046458192e-01
8.461688902219089981e-01
8.479813202246282433e-01
8.480363979271346997e-01
8.484685968137111178e-01
8.471279867036151101e-01
8.477867582486628972e-01
8.471875952628468154e-01
8.476924278187708550e-01
8.475185428740896754e-01
8.484363077619412330e-01
8.475541353184348203e-01
8.475013784066440792e-01
8.465020980123013628e-01
8.475106960732832206e-01
8.480529876216782448e-01
8.476710440173179650e-01
8.470047113400622774e-01
8.466501958892655999e-01
8.475862651770589284e-01
8.479372932930921980e-01
8.476660581232985381e-01
8.457706205909916175e-01
8.473098025801207855e-01
8.485818523708008598e-01
8.481746689371733039e-01
8.469212255638016718e-01
8.475520925488083668e-01
8.488008002968714383e-01
8.478865535910357076e-01
8.479913188337284691e-01
8.463667639128528153e-01
8.474265312952790064e-01
8.481240614145916235e-01
8.466282224013224056e-01
8.470966158134443091e-01
8.473885244131740269e-01
8.474517849533095282e-01
8.474356767399322532e-01
8.470611863280853582e-01
8.473800403835862749e-01
8.475733120162942669e-01
8.473420376061518988e-01
8.469833187432727062e-01
8.467222799695149904e-01
