1.085847386551851840e-01
1.117875323029183798e-01
1.099236139141908514e-01
1.111049147354490618e-01
1.103777184119576760e-01
1.105595046001424664e-01
1.092550731753677146e-01
1.103842118384873172e-01
1.097386450185023204e-01
1.109124628322972345e-01
1.109299321189790161e-01
1.099493543594460693e-01
1.091452221408527740e-01
1.101403354271650592e-01
1.093022189612141981e-01
1.106432884445131826e-01
1.105625497274322910e-01
1.107866113046889200e-01
1.102677908287477138e-01
1.101983321561775531e-01
1.106599996779517175e-01
1.095627492413311921e-01
1.097560510939613460e-01
1.099960574953132708e-01
1.108711146688285826e-01
1.099801875931627482e-01
1.105464995275716039e-01
1.095052248247288806e-01
1.096133456090112313e-01
1.098110405345946866e-01
1.110654566092703910e-01
1.111608387848979917e-01
1.100737846746528414e-01
1.111077480511696997e-01
1.101929614291858317e-01
1.101685140219191283e-01
1.102317421573710265e-01
1.102111037065259952e-01
1.106909249934706629e-01
1.099784812071866458e-01
1.099233949013312117e-01
1.100938853210517154e-01
1.104366232125231079e-01
1.101320225636993055e-01
1.103261085055078222e-01
1.091495639846971066e-01
1.109888925721571329e-01
1.095152306055190983e-01
1.096917485373098966e-01
1.087573607830249478e-01
1.099536629887037098e-01
1.110303066548840589e-01
1.108089473544530135e-01
1.099754514773607639e-01
1.087070064996664281e-01
1.103963492922703377e-01
1.106005947910116971e-01
1.091514533069024434e-01
1.106872559662143846e-01
1.103834982062013165e-01
1.102538723461048559e-01
1.107567448802164178e-01
1.108277983012327939e-01
1.107747794359804083e-01
1.103519210018485408e-01
1.103011736722373515e-01
1.098799323587766469e-01
1.105485575730328074e-01
1.112548115510342411e-01
1.104121663103050793e-01
1.100928734555266797e-01
1.106069398452587393e-01
1.099512786336490355e-01
1.098767607539589269e-01
1.108096066067400798e-01
1.108510540139084899e-01
1.099054850418969831e-01
1.108124068694442133e-01
1.104113127967281394e-01
1.102456847544964341e-01
1.103896449555474418e-01
1.108725184942836450e-01
1.107660583829258027e-01
1.091814533434327522e-01
1.092399169071827519e-01
1.114136269100251264e-01
1.100320549738470488e-01
1.103581172895998636e-01
1.102125407654668821e-01
1.095913985812023428e-01
1.099981968703763469e-01
1.098576822257619212e-01
1.098275678015660922e-01
1.103797805647808855e-01
1.094501259164791240e-01
1.099428454355362295e-01
1.100055227156089971e-01
1.109472632248384716e-01
1.099237774976870308e-01
1.098468160502639318e-01
