8.793789608447243333e-01
8.812305962320565733e-01
8.791956230691492236e-01
8.794442330790590567e-01
8.792238509761575171e-01
8.795618754143118556e-01
8.798003807093672801e-01
8.807370503562099717e-01
8.803133769398214792e-01
8.801896293366111568e-01
8.809456717636587886e-01
8.801891641372505681e-01
8.804882848481818680e-01
8.805994784524341368e-01
8.790830158714466602e-01
8.808747807020875786e-01
8.798611876655717534e-01
8.788040984923182197e-01
8.799158940713839305e-01
8.802253744318992990e-01
8.811713142814736610e-01
8.806980965074798773e-01
8.798586348568875337e-01
8.805017739159670676e-01
8.798066183504266169e-01
8.801740541908205095e-01
8.792680770753038555e-01
8.792281191145834285e-01
8.807742013093711186e-01
8.804825634712685201e-01
8.810790244307207253e-01
8.798088707511899642e-01
8.799959764887578251e-01
8.795368179312796908e-01
8.794015587415857649e-01
8.802085751225072752e-01
8.792413282893727366e-01
8.802109799381765409e-01
8.803559151072795075e-01
8.796633656868309004e-01
8.797316920713427191e-01
8.795713793428882044e-01
8.799644080707620386e-01
8.800391010155992344e-01
8.800214259832908059e-01
8.801656808401002730e-01
8.803722934438370507e-01
8.797991799832746151e-01
8.786058514299447397e-01
8.794103760356375421e-01
8.800866350328716559e-01
8.796417733393744331e-01
8.801513179517439500e-01
8.792892989413148008e-01
8.800783601075017337e-01
8.792229255035337587e-01
8.788835730200792451e-01
8.787092487589225343e-01
8.803839500745287427e-01
8.802167623899210813e-01
8.789392805330442648e-01
8.808901773728530227e-01
8.793154504434914642e-01
8.797752963076957977e-01
8.815141113264544082e-01
8.818590765705915935e-01
8.793204409100643382e-01
8.800717679503677893e-01
8.796493857909563063e-01
8.802370844785090132e-01
8.800315739122098746e-01
8.800356617981559548e-01
8.804627095060777453e-01
8.810968773843335100e-01
8.802924413511926671e-01
8.801627507253007021e-01
8.789256241472607201e-01
8.804553449619880734e-01
8.801852729455792446e-01
8.798497868352805895e-01
8.802654521876397409e-01
8.800184288753196693e-01
8.790013047271405533e-01
8.786769991139776748e-01
8.794485506958280574e-01
8.796240903783811849e-01
8.786543698827655735e-01
8.791522807533340700e-01
8.787029910800290278e-01
8.798164507603003504e-01
8.805422934704828508e-01
8.802928909010068192e-01
8.799238265435610495e-01
8.790638854421648496e-01
8.797732261110040586e-01
8.805309936655549841e-01
8.794377229396110884e-01
8.807656109092552033e-01
8.791646484366214542e-01
8.795516321974687912e-01
