9.571574232648668579e-01
9.594281076590195356e-01
9.582741011007813725e-01
9.586522205344536474e-01
9.584713509632659667e-01
9.599001442693672059e-01
9.590001605295571663e-01
9.585820302349120636e-01
9.588984060565086676e-01
9.582812789303305490e-01
9.585089602798587682e-01
9.583459382491370526e-01
9.585755657936776419e-01
9.588053558273131882e-01
9.579459497540514512e-01
9.595208460036432907e-01
9.593802069353738471e-01
9.594071963795007818e-01
9.597829680299932997e-01
9.586998032623892385e-01
9.586539564837830429e-01
9.580474751835206249e-01
9.585376946172381452e-01
9.592000848540658264e-01
9.593993328007559551e-01
9.588938037667379399e-01
9.594570029558388002e-01
9.593888970706598851e-01
9.587589235811471156e-01
9.592838309014223297e-01
9.581628677619942192e-01
9.598279213872278337e-01
9.574450853707446862e-01
9.581580506404230313e-01
9.587492260668855071e-01
9.585596205931111724e-01
9.584169608682890917e-01
9.593171066988912532e-01
9.587438293928697286e-01
9.593984811283964298e-01
9.577486771915129093e-01
9.591931332904992669e-01
9.586954116526358316e-01
9.599281463478999132e-01
9.581847017058939819e-01
9.592950451842559012e-01
9.598385449735502561e-01
9.591440180510707458e-01
9.586066059176445719e-01
9.587621737671812028e-01
9.593962604292074481e-01
9.590256150888660791e-01
9.585237250489115901e-01
9.583853146860035199e-01
9.586116372397970320e-01
9.586712038055644758e-01
9.587371566055196137e-01
9.578910313236783658e-01
9.601209812302609059e-01
9.589616976068887633e-01
9.597948169651485673e-01
9.580135726933189932e-01
9.588152978839329377e-01
9.575456300588471859e-01
9.587414000495355637e-01
9.588449067906744672e-01
9.586142436342273143e-01
9.585670588872696740e-01
9.596234865519549517e-01
9.595836700949904596e-01
9.595416282403798069e-01
9.586052988184281531e-01
9.587361234152254053e-01
9.588402854896782568e-01
9.594322992948607354e-01
9.589017766786946950e-01
9.594413407460902210e-01
9.593309109147449831e-01
9.594847857579402728e-01
9.592562564748723375e-01
9.590565611339063601e-01
9.597761012357370891e-01
9.584673768232200297e-01
9.589111713573431617e-01
9.585711316534744064e-01
9.587635448640303704e-01
9.583124750885164689e-01
9.581348355128811445e-01
9.584060339366493597e-01
9.593644706966197866e-01
9.598273503741552304e-01
9.601544237594870079e-01
9.589480473457365761e-01
9.589722969097536076e-01
9.582707770491787347e-01
9.589668235185933032e-01
9.577792296842889685e-01
9.593590072410630443e-01
9.586463311803342657e-01
9.583817262482288157e-01
