8.089554770256093263e-01
8.086908265700509801e-01
8.079968926747693736e-01
8.075430107159706772e-01
8.097770998046717184e-01
8.092498900349038848e-01
8.079779146634287201e-01
8.094527297535993871e-01
8.098203483776452716e-01
8.081117317542021450e-01
8.079671493417193151e-01
8.079467480235188459e-01
8.081516363260839997e-01
8.081847891597823130e-01
8.080135275301925102e-01
8.088046021953450015e-01
8.076589421213349329e-01
8.100080003275234031e-01
8.086545290237764361e-01
8.094106149424192820e-01
8.074993026742927071e-01
8.083222378562253674e-01
8.083159320693535932e-01
8.092534112127396373e-01
8.090545650758105278e-01
8.075042685715874136e-01
8.087229422416192248e-01
8.089306456438457582e-01
8.098533247913117794e-01
8.090872941059508161e-01
8.088606093560335442e-01
8.084157748948652689e-01
8.084685813725209780e-01
8.085848637030985664e-01
8.087304112465598660e-01
8.097051196045146337e-01
8.070993894968885307e-01
8.088509518557092104e-01
8.080733736686505075e-01
8.085815398218965111e-01
8.069267850507381157e-01
8.085084711782963840e-01
8.084399239487418676e-01
8.090040466853798407e-01
8.077838444506728610e-01
8.092153624552581581e-01
8.076924345887283030e-01
8.081385293328128272e-01
8.080001787623450893e-01
8.077050322652996606e-01
8.071413617889523495e-01
8.087302250911272417e-01
8.080128701029121174e-01
8.091493641764648803e-01
8.081413509185777500e-01
8.093339848043392681e-01
8.087493791266440191e-01
8.081181870396596523e-01
8.077770816328199155e-01
8.088027036174629814e-01
8.090781342270685350e-01
8.087323153384734509e-01
8.104305916211291816e-01
8.088330173420577029e-01
8.094138233459838849e-01
8.079049000057942909e-01
8.085152011930020199e-01
8.082936538315702579e-01
8.086586659499009899e-01
8.091051036393819285e-01
8.078229995098106242e-01
8.094031271770354419e-01
8.084690187654990368e-01
8.081389893746564468e-01
8.081579330164410102e-01
8.079167501366191217e-01
8.083911930149842995e-01
8.086570310969192210e-01
8.080879185652531937e-01
8.077946052139156619e-01
8.085264807812418963e-01
8.087421942778859618e-01
8.085333292132161898e-01
8.092543683116165676e-01
8.088780081657341858e-01
8.079332824706108029e-01
8.081635255912440474e-01
8.085699861250479348e-01
8.072409735019925314e-01
8.085146078279242809e-01
8.093430349318109229e-01
8.082836760132352527e-01
8.082151570841762389e-01
8.088382924552968145e-01
8.086359132473859290e-01
8.084476899523538318e-01
8.097334818022063896e-01
8.082206601095942577e-01
8.085753216633657647e-01
8.089935386015394414e-01
