5.051496679299930515e-01
5.069291764318271110e-01
5.059967406569106929e-01
5.071378078493433694e-01
5.056036877340268632e-01
5.070335308480059533e-01
5.068465048761719993e-01
5.077735694710999725e-01
5.062907538922991613e-01
5.066067978225328172e-01
5.067963544735358816e-01
5.057292168920564102e-01
5.073174977158625421e-01
5.060204934817296163e-01
5.070491504796847959e-01
5.065185180324225378e-01
5.068251975412705335e-01
5.070259979515716608e-01
5.076443081450106032e-01
5.061151964082860610e-01
5.072082704887860283e-01
5.067039963912745026e-01
5.063646151919397598e-01
5.058158896952871242e-01
5.066819451138451225e-01
5.062921721008074583e-01
5.065194917779871631e-01
5.062411059313375317e-01
5.057505344325625707e-01
5.068019875411574615e-01
5.067504840084895434e-01
5.067526192719864486e-01
5.057025684751972339e-01
5.061391016090441841e-01
5.047587454508621896e-01
5.058287060645489941e-01
5.062343501806898516e-01
5.070191567999604576e-01
5.060768207785540929e-01
5.064213733814126872e-01
5.068309746317851694e-01
5.067300388889326435e-01
5.064257530440081645e-01
5.068938102326927542e-01
5.058842935997291956e-01
5.078686637933916836e-01
5.059534864343677718e-01
5.062489745876899150e-01
5.064488624043863574e-01
5.059408743066946545e-01
5.056695973364819796e-01
5.066859665814180680e-01
5.066958254585238741e-01
5.077442047815112769e-01
5.060710838720285931e-01
5.071397526228590413e-01
5.070882823128642913e-01
5.073514156300823474e-01
5.073449532276976814e-01
5.064022991539826046e-01
5.060371209624960898e-01
5.063241112656855503e-01
5.062131739221940041e-01
5.073231793438857107e-01
5.068874164218853950e-01
5.061732630273694244e-01
5.069948536726125443e-01
5.072790110674199049e-01
5.065057492419660079e-01
5.074542101461289034e-01
5.077115287349533990e-01
5.063103846726897395e-01
5.070314650779752519e-01
5.048058274586129102e-01
5.071596630188190957e-01
5.065797642107229271e-01
5.071958955105670963e-01
5.070702491480537644e-01
5.063714933798838524e-01
5.061490777112468420e-01
5.068542262329724934e-01
5.057944479125089376e-01
5.066605359935042463e-01
5.071245857436332827e-01
5.067395767467313128e-01
5.061237948670608278e-01
5.068481433414552262e-01
5.074177227577014726e-01
5.068730279066722133e-01
5.059369630689259933e-01
5.071709047288029959e-01
5.070153845733336162e-01
5.067776867480456859e-01
5.058986086851257058e-01
5.054948506588882173e-01
5.061883393811463794e-01
5.065244072980015222e-01
5.066154284006099129e-01
5.074451148097630648e-01
5.064346805253516770e-01
