3.365868307553189498e-02
3.456114282927096049e-02
3.366275893024299470e-02
3.387528614662047022e-02
3.363561168031600768e-02
3.514540820959679429e-02
3.334095978742587785e-02
3.474413453446286576e-02
3.376326626079936832e-02
3.385983072115844594e-02
3.480686607666803878e-02
3.485196118068695226e-02
3.471725134910962074e-02
3.314769859537533558e-02
3.381441977751639683e-02
3.356839751577306297e-02
3.404523201317924408e-02
3.566805942164397170e-02
3.369516218041736927e-02
3.370059760593206721e-02
3.335701648213045684e-02
3.348913461391212626e-02
3.343062805666618953e-02
3.417838105980185170e-02
3.340655759872815378e-02
3.494556989568108063e-02
3.395678895720283252e-02
3.471778657877681168e-02
3.365584624656471624e-02
3.274880148524871720e-02
3.379609096239324928e-02
3.361149841521098025e-02
3.338202913017904172e-02
3.370107787803161559e-02
3.280554296181990154e-02
3.419159831612807871e-02
3.290959480780096535e-02
3.450955373249575686e-02
3.395030963061537038e-02
3.395425660534215351e-02
3.372440243663123172e-02
3.438083978548792108e-02
3.353580719693737000e-02
3.363203509924188317e-02
3.357700892508450746e-02
3.305992614649440331e-02
3.488857626555293134e-02
3.456031792993426166e-02
3.426391019450333170e-02
3.334176994182787290e-02
3.418690814836321257e-02
3.403042221750914031e-02
3.440170886916946863e-02
3.274838023123646108e-02
3.322215105935943935e-02
3.477888274914922584e-02
3.377513320348515813e-02
3.489371799534711494e-02
3.368036607083765843e-02
3.384348718111660631e-02
3.359859738200128565e-02
3.449874971458409545e-02
3.353710052855224388e-02
3.462587920366853173e-02
3.329375677042425985e-02
3.370693334448852940e-02
3.350458150043345712e-02
3.352750199336090170e-02
3.532237260927569011e-02
3.311137898271630797e-02
3.419216092301628762e-02
3.245257448965610525e-02
3.425651653682581371e-02
3.460354204303083686e-02
3.324069490133384902e-02
3.418773757892353687e-02
3.470261625558924978e-02
3.327578760124036417e-02
3.310041375039312478e-02
3.323794222355606898e-02
3.482022485068014817e-02
3.349317571492672896e-02
3.384000119272323470e-02
3.390297486297520757e-02
3.424112486602253619e-02
3.446163477008309245e-02
3.468830417050343395e-02
3.500367805388285986e-02
3.410623140636353384e-02
3.361420006212932632e-02
3.300782649927840040e-02
3.350797671630530161e-02
3.327301331923707833e-02
3.476748907352641971e-02
3.436208840732238312e-02
3.454108174732813119e-02
3.371617510802343148e-02
3.276911999523943186e-02
3.394637157832642443e-02
3.351370447668235164e-02
