3.758697295142324757e-01
3.760929218918034334e-01
3.769582683064447437e-01
3.762117644748345091e-01
3.755337866841111372e-01
3.765740638240188676e-01
3.762656667208624239e-01
3.764830283009524825e-01
3.760854006529915083e-01
3.762071201634035744e-01
3.761118898435810154e-01
3.764795129717478650e-01
3.766203385864029252e-01
3.759837640491435762e-01
3.775354348197481058e-01
3.764130919382978058e-01
3.760781298960631513e-01
3.759616767057777365e-01
3.771605025433122926e-01
3.775637712172975613e-01
3.766335094206315626e-01
3.756399146710460712e-01
3.766222570726473484e-01
3.766558322378595891e-01
3.769795169817767300e-01
3.762869447367540032e-01
3.760680599113466194e-01
3.772577421965387368e-01
3.763658890574347882e-01
3.766067884860584969e-01
3.755970813723631396e-01
3.757165570697595380e-01
3.774275853514167389e-01
3.754823515917827814e-01
3.753941140495815620e-01
3.761069395489309297e-01
3.757281416182861045e-01
3.765702813197158161e-01
3.776451089010889883e-01
3.764514378537459072e-01
3.753163925452148719e-01
3.770992606950636095e-01
3.757641400921623021e-01
3.761002502591843100e-01
3.765990626822438014e-01
3.753689904883767969e-01
3.763637395391339902e-01
3.771896018016125396e-01
3.765100098675326357e-01
3.756706664620041991e-01
3.773793457634076476e-01
3.768721003998358743e-01
3.763305269985224299e-01
3.757374453165671646e-01
3.762535422243933336e-01
3.767753504799328246e-01
3.769035898355365677e-01
3.762820508135265585e-01
3.781747850893157903e-01
3.763078598435818378e-01
3.769500288223884277e-01
3.763259150662798258e-01
3.768677737608398526e-01
3.763144819604525293e-01
3.755684577003449709e-01
3.757028234689860913e-01
3.769086689331712092e-01
3.772706318046008533e-01
3.766162211653300007e-01
3.770344367645479533e-01
3.773664584024833402e-01
3.770809087349609734e-01
3.760155890527136502e-01
3.754778508735010512e-01
3.765557117231368434e-01
3.760572592281142268e-01
3.754705662280221068e-01
3.771979363096839566e-01
3.763817395247409103e-01
3.754390412405131938e-01
3.757548427935982760e-01
3.765923424048252532e-01
3.760025153028289657e-01
3.760301653416945333e-01
3.769624805499145470e-01
3.760207821450571863e-01
3.769595599982633050e-01
3.745011903103696582e-01
3.764181788203085355e-01
3.771290596126061212e-01
3.765669321317671181e-01
3.759840170515054147e-01
3.765720323672812064e-01
3.762531112775577280e-01
3.762322169504612734e-01
3.772015946681654408e-01
3.758756241139959431e-01
3.766030578831103259e-01
3.774774645439492593e-01
3.769509381595845809e-01
