7.265736783111195196e-01
7.276987651598090245e-01
7.276487581508794822e-01
7.280958465573950100e-01
7.276034882027280215e-01
7.275331017833850389e-01
7.289114413508750445e-01
7.277175403433386869e-01
7.278551057430788784e-01
7.274906389051454259e-01
7.270193997548473064e-01
7.277739693410680832e-01
7.285561056677359870e-01
7.270491139312678097e-01
7.281672366383927786e-01
7.278381574485993655e-01
7.275434282705313116e-01
7.282979476056538060e-01
7.271728728257369490e-01
7.277103548075100070e-01
7.271814585394645869e-01
7.274482601577598739e-01
7.267076027605592348e-01
7.258479044120458301e-01
7.265303257515423052e-01
7.264547523165555409e-01
7.277676444714860082e-01
7.274342440452925551e-01
7.265316359116464895e-01
7.278724305882557921e-01
7.278350816210430452e-01
7.268954482444542897e-01
7.275613793732669254e-01
7.274942958438882501e-01
7.262267119048350095e-01
7.275260740597354614e-01
7.280989871992966656e-01
7.274846255745329726e-01
7.277839460453993103e-01
7.265880155335868729e-01
7.280330903601138770e-01
7.280882050679529094e-01
7.277575706080602336e-01
7.280967077425017919e-01
7.275141492581009839e-01
7.275879983307471655e-01
7.274614417528441068e-01
7.269386601025482619e-01
7.274810450809388040e-01
7.277637750752172785e-01
7.266639859377919120e-01
7.272198161016740769e-01
7.274799289856228590e-01
7.273661938714086617e-01
7.280806988275940750e-01
7.277615615326756826e-01
7.270729194999212552e-01
7.281069851950268124e-01
7.266223140456216090e-01
7.273504456165784671e-01
7.274460607650690136e-01
7.275101662145198045e-01
7.281130574387393306e-01
7.277694970173225197e-01
7.283068043468918784e-01
7.273307948586864580e-01
7.268690916792683865e-01
7.271027467449582282e-01
7.275705992847694148e-01
7.271336041131883920e-01
7.268463508089928471e-01
7.269993191319661374e-01
7.292191708013229245e-01
7.279148650903454199e-01
7.273488170328279434e-01
7.269441085446441964e-01
7.278722218260451626e-01
7.268944310932368147e-01
7.277306299672889889e-01
7.274085515922177336e-01
7.279433171112531520e-01
7.269687686504735513e-01
7.286387923427991575e-01
7.270438594634986984e-01
7.267585817521452496e-01
7.271574589072395955e-01
7.269185120021670610e-01
7.272497940594871979e-01
7.279012091074246182e-01
7.269571747740936063e-01
7.273458893012600956e-01
7.273266507695469452e-01
7.271125714537199913e-01
7.275984705458007351e-01
7.284907286158858186e-01
7.275946601537610636e-01
7.277544555739623444e-01
7.270810999020259624e-01
7.276555255844312509e-01
7.282970029705232440e-01
