4.102560761382685883e-01
4.107688373019774408e-01
4.106523160418450447e-01
4.110806449279830188e-01
4.107847482070001721e-01
4.109968015730147695e-01
4.094656999367455863e-01
4.101071725087849229e-01
4.113934003181076715e-01
4.102661699668921358e-01
4.099541780856018613e-01
4.096333757453645141e-01
4.104150124683333400e-01
4.107500054788195132e-01
4.106622328005259392e-01
4.113532848459208191e-01
4.098598484536104536e-01
4.106358986954419810e-01
4.103919128664873517e-01
4.109035964474353486e-01
4.108272585314681202e-01
4.107907356080662264e-01
4.104073398847259413e-01
4.097855369029863581e-01
4.111433580638597096e-01
4.102295627808691947e-01
4.093888657013384225e-01
4.105969941745287732e-01
4.113710583102964669e-01
4.102688144358500599e-01
4.104919660729614561e-01
4.111534493954436265e-01
4.101100721791098858e-01
4.113565815660973346e-01
4.106969783043822875e-01
4.102762342132502127e-01
4.104334934126437906e-01
4.106601468783377396e-01
4.093489824996627835e-01
4.107891852023520807e-01
4.105341318277374585e-01
4.102239193519855442e-01
4.106830067637684545e-01
4.098676218846926678e-01
4.113089068988985408e-01
4.113710727791362043e-01
4.121265137961458436e-01
4.108795763604905504e-01
4.114567544529187382e-01
4.115465943097851298e-01
4.101392405432106592e-01
4.098950923271181823e-01
4.108415320049284558e-01
4.095270403223402189e-01
4.104375161442600506e-01
4.107057842301640727e-01
4.106333184686549176e-01
4.104808932196060134e-01
4.101276621332943795e-01
4.099017253528751126e-01
4.104696552804708021e-01
4.113079543665542070e-01
4.110707056998966769e-01
4.110103308757996343e-01
4.096478434062964524e-01
4.103366338638151367e-01
4.109426183042163006e-01
4.110306097154115546e-01
4.099246610922697709e-01
4.105779326652546080e-01
4.105669284043189093e-01
4.105226361834135029e-01
4.108345183048317528e-01
4.098050781278905763e-01
4.107278515211421621e-01
4.102136931241204820e-01
4.109959996016929740e-01
4.101809011749564249e-01
4.104724280386661817e-01
4.104101178159537122e-01
4.105760610549163969e-01
4.110246390650281745e-01
4.104582978334666565e-01
4.115927541719478500e-01
4.112104636368304478e-01
4.099539548124405686e-01
4.103854555788455927e-01
4.096328607828129131e-01
4.096383711188504861e-01
4.094405502471132885e-01
4.102288884238330380e-01
4.101643225830528539e-01
4.101417483943966547e-01
4.104695403419686972e-01
4.107093215541741116e-01
4.100296969920997903e-01
4.114668274065118592e-01
4.108801563883642816e-01
4.106937399268558719e-01
4.106619879247301319e-01
