8.282351516555928050e-01
8.301700240522278396e-01
8.302848517220113855e-01
8.310852968055464363e-01
8.305156634625545653e-01
8.316247301345914833e-01
8.306233675796758087e-01
8.302753441266822465e-01
8.309400910292741305e-01
8.303655608003595034e-01
8.307410724050640072e-01
8.302095533649986869e-01
8.305437751477722230e-01
8.312718091131157117e-01
8.306489355544838249e-01
8.302650672434833679e-01
8.291763765412065723e-01
8.299686190817670006e-01
8.294697675044584440e-01
8.304100353376702159e-01
8.298439151662688751e-01
8.307881418037037502e-01
8.311423087289269152e-01
8.304283609315091796e-01
8.306187725708145120e-01
8.297257768771146846e-01
8.305002456512203812e-01
8.299105080404525214e-01
8.297811522971496601e-01
8.293257575429551220e-01
8.300531982290964006e-01
8.304598168866316188e-01
8.307065204105933409e-01
8.304304998546089278e-01
8.296278553710070280e-01
8.303622634477292319e-01
8.298807826428855616e-01
8.297133849513964599e-01
8.300173681075633247e-01
8.302871680744323690e-01
8.294417047857034486e-01
8.301114367003062933e-01
8.312743253606370564e-01
8.302737588807581615e-01
8.308356993051611017e-01
8.305147683403326653e-01
8.302431356130036688e-01
8.293143230234452101e-01
8.310687258997758731e-01
8.296557643255898506e-01
8.297772155257163718e-01
8.315171198172564004e-01
8.293336819051202458e-01
8.309810479913304349e-01
8.299109204943773133e-01
8.300499201365429958e-01
8.307667427100187130e-01
8.312281524150638701e-01
8.312760265111817093e-01
8.300527928779340980e-01
8.300654184768840871e-01
8.315161963674216894e-01
8.299491429456926639e-01
8.287775589651527053e-01
8.303551767238495085e-01
8.302737934010094856e-01
8.307062284775437178e-01
8.313799925789735479e-01
8.301002145805550514e-01
8.307914283231853103e-01
8.307946411358061445e-01
8.302139726220451044e-01
8.300502902019802898e-01
8.309253534486171766e-01
8.324528124179992883e-01
8.299714572553562597e-01
8.296592336419406077e-01
8.306037087524072993e-01
8.302426012017798396e-01
8.306609463322311981e-01
8.309104597127561220e-01
8.312001522860578140e-01
8.303605426812163959e-01
8.297322811936442832e-01
8.297929731181341584e-01
8.300706322386230962e-01
8.307048556805514128e-01
8.298212767684656210e-01
8.292170707279022945e-01
8.300234602313578680e-01
8.299911439171776539e-01
8.302240913092682195e-01
8.307338032790565485e-01
8.298443844151678350e-01
8.294864672846012921e-01
8.305817435192939246e-01
8.304390204958307375e-01
8.296551812916224122e-01
8.309902715088655079e-01
8.309591916807659295e-01
