8.931008307986345596e-01
8.959192812816781926e-01
8.948057248101232153e-01
8.953183207557432466e-01
8.957936807609812035e-01
8.957244724518246271e-01
8.939799559657166661e-01
8.945713920668021402e-01
8.959304077326671889e-01
8.944038806829766042e-01
8.959380079402339270e-01
8.954303391457300032e-01
8.949787015810715118e-01
8.957597425360381838e-01
8.953100167450788183e-01
8.953010932603524541e-01
8.953967631484947010e-01
8.951536867471941994e-01
8.947202654150463452e-01
8.962965460987822874e-01
8.953695052449039959e-01
8.960218592980184749e-01
8.943844483643981214e-01
8.947262906994548626e-01
8.949178991914230608e-01
8.954472277902311150e-01
8.954722665573560114e-01
8.946511447850608034e-01
8.963127302726680012e-01
8.957518898495443471e-01
8.944996723148037621e-01
8.967627283256978110e-01
8.956794488615432703e-01
8.955412487924594434e-01
8.961019933821759986e-01
8.953895338380415403e-01
8.961232741722073847e-01
8.941397718455683652e-01
8.942598899248426214e-01
8.963817084381948685e-01
8.957253173198124196e-01
8.960458524359418142e-01
8.940202499931624303e-01
8.946114047196034313e-01
8.944774612835393324e-01
8.949699356169794617e-01
8.945561003766928643e-01
8.947376713907955192e-01
8.941526215017734369e-01
8.953597418782172079e-01
8.944029391394998640e-01
8.949925831224468942e-01
8.944893718519919545e-01
8.960779760567434415e-01
8.958360170352301921e-01
8.944496102966658091e-01
8.947269184179904578e-01
8.946458876165688245e-01
8.961891461976344564e-01
8.949710724091382019e-01
8.964216933884090466e-01
8.962471131444852412e-01
8.954720148910071398e-01
8.954063692779592465e-01
8.971824627216300474e-01
8.952825230424319436e-01
8.944451777287999450e-01
8.952870156303572857e-01
8.949458104503498213e-01
8.959267540781697958e-01
8.942785494351936926e-01
8.954039881105493315e-01
8.949347091060821935e-01
8.963311570343668322e-01
8.964986415019042809e-01
8.951954003607267563e-01
8.941391821367781212e-01
8.948470388956676347e-01
8.959210452047363660e-01
8.951274746041312236e-01
8.944716540454251685e-01
8.948135890116427626e-01
8.952579454271040182e-01
8.956316217373583299e-01
8.951438493315692080e-01
8.955937666458659852e-01
8.938196166158064448e-01
8.960153459797541853e-01
8.959456199081073935e-01
8.943535660430212975e-01
8.950797765244840054e-01
8.960067929433399581e-01
8.949489920137980725e-01
8.952978735198804383e-01
8.954210679976444265e-01
8.948996994547073758e-01
8.947725107968123037e-01
8.967509433098763694e-01
8.963455051981288335e-01
8.957811784426308321e-01
