7.589210525480745151e-01
7.600994932277455041e-01
7.607240332838109964e-01
7.608723525169298618e-01
7.611678475465739613e-01
7.602353262051541050e-01
7.599857816302173497e-01
7.608752488890810906e-01
7.606499078947717152e-01
7.599819227584608816e-01
7.600025591924712831e-01
7.600689746216700016e-01
7.606551527460788664e-01
7.602845332022412084e-01
7.613811589704155836e-01
7.611227140538610048e-01
7.612280457591676930e-01
7.601230377742558275e-01
7.609089174043053294e-01
7.607413030222680561e-01
7.602400417460601911e-01
7.604440454733991661e-01
7.606019493517577335e-01
7.602513915853208459e-01
7.610683348063741471e-01
7.606194352108908152e-01
7.603303305293160896e-01
7.619464623953562388e-01
7.603979809065237738e-01
7.602076857207433758e-01
7.604292149205569284e-01
7.595300080851614677e-01
7.600449597421716774e-01
7.597987390795309937e-01
7.593742556974008018e-01
7.605221355025306718e-01
7.604399926864884307e-01
7.610199712342782252e-01
7.609262099817495351e-01
7.605275887910634136e-01
7.615047969713806264e-01
7.606278938193412609e-01
7.620209974592855318e-01
7.595770932266188158e-01
7.609515982020900182e-01
7.596215621689592634e-01
7.604183978572849334e-01
7.608584706945563658e-01
7.610225538960526670e-01
7.608372634040403426e-01
7.599865638545870716e-01
7.611232790956474759e-01
7.615261428173556446e-01
7.607321878437592888e-01
7.598160928211363796e-01
7.615749283139972015e-01
7.601013580789529600e-01
7.613952075071027670e-01
7.597563618855722734e-01
7.602211673777636847e-01
7.608338033458670324e-01
7.593440371900399555e-01
7.599489698058755627e-01
7.605039173105452299e-01
7.601014011812288196e-01
7.608933060690893369e-01
7.614595927017089316e-01
7.607655839423075328e-01
7.618419215489589114e-01
7.606198640422874302e-01
7.607317134159405914e-01
7.603426704017124393e-01
7.607304089070201503e-01
7.606574133060997056e-01
7.620446554570197151e-01
7.611504550214878151e-01
7.621829598184113319e-01
7.608186553386935280e-01
7.610322882549639401e-01
7.601080247956635283e-01
7.592757112599896052e-01
7.601383159668302358e-01
7.606004129105559119e-01
7.613249695013124541e-01
7.608747193416628418e-01
7.615229958053919557e-01
7.605038672279296197e-01
7.612360634142202320e-01
7.613220787873349327e-01
7.599270343609128009e-01
7.605465381919755963e-01
7.605123098506179069e-01
7.619626117544460175e-01
7.608093481251458901e-01
7.600568323773579937e-01
7.616127498428086895e-01
7.603781664193010048e-01
7.600491215507687581e-01
7.611445535333971613e-01
7.594520851659591898e-01
