4.587525325162703504e-01
4.612125434219562781e-01
4.595144852813856096e-01
4.600980616299542580e-01
4.604836863170118644e-01
4.595794740313025040e-01
4.601249791107104303e-01
4.591673561431678374e-01
4.606178794801925047e-01
4.594940824448122130e-01
4.603695214335106201e-01
4.597342035143436312e-01
4.588784912578025565e-01
4.597536218771534067e-01
4.598337050519146763e-01
4.595542411944905647e-01
4.602268681967702224e-01
4.587389964367842854e-01
4.594266010437625947e-01
4.596141227173236588e-01
4.595525179309413732e-01
4.594065852152474649e-01
4.591093270947640415e-01
4.592662739834618701e-01
4.594498785142164254e-01
4.595383583502620772e-01
4.596902173645667222e-01
4.592609131757393603e-01
4.591526425538184908e-01
4.596892843287339048e-01
4.605204485994460195e-01
4.589977944444958435e-01
4.593174805095633917e-01
4.590055042173436517e-01
4.592663889976992264e-01
4.592044231602479543e-01
4.589485239888345669e-01
4.600654797658625395e-01
4.598091736567060384e-01
4.591784440465846995e-01
4.592566493465384814e-01
4.601491538494602573e-01
4.598329431827574698e-01
4.590898101633248407e-01
4.587801484422435183e-01
4.604639681148298691e-01
4.589310855967247971e-01
4.616726370160992299e-01
4.605940374611808830e-01
4.604505659112570481e-01
4.590823884181777226e-01
4.590255271511888280e-01
4.610595404389317697e-01
4.600584571180411642e-01
4.600313261128622377e-01
4.592497228696326150e-01
4.603696257333757536e-01
4.595194932469680582e-01
4.601773477371691734e-01
4.595083588629870208e-01
4.592585153446158697e-01
4.594160689429283018e-01
4.590084944315482307e-01
4.607533325833708115e-01
4.597721691041447012e-01
4.596287726499472259e-01
4.591285626885140414e-01
4.589648644776662678e-01
4.597982693202742888e-01
4.599805258738219882e-01
4.597216263149357385e-01
4.608485959768129359e-01
4.592290532759121802e-01
4.592377498771473276e-01
4.599099069603014289e-01
4.587351275708805853e-01
4.592207228048017509e-01
4.584881358904427939e-01
4.587796423759432640e-01
4.596723146428633999e-01
4.587399840051774591e-01
4.598142601868105417e-01
4.588455686521233368e-01
4.590085703807385009e-01
4.579900935022788167e-01
4.576658892289298119e-01
4.584815845823566605e-01
4.597688786975179243e-01
4.597561267866115409e-01
4.592311942317682805e-01
4.593060992587758573e-01
4.591817371143290805e-01
4.603262183813439101e-01
4.600570170055754415e-01
4.598352403037700986e-01
4.594347364126437627e-01
4.596823606591950995e-01
4.605107002564469698e-01
4.599675176330158544e-01
4.597047169938207056e-01
