1.361455849677509766e-01
1.358837722839350837e-01
1.352687194884842070e-01
1.361876900252275702e-01
1.353512769622474965e-01
1.362020477734424972e-01
1.360534843270433392e-01
1.360268341157684913e-01
1.358502548200926641e-01
1.366672280994050692e-01
1.365438223041238186e-01
1.354093112516361330e-01
1.370436717477215294e-01
1.366156205723339512e-01
1.359611135562180939e-01
1.353953030551624803e-01
1.365302027253633421e-01
1.361591526145478626e-01
1.362353012919748085e-01
1.371105463772367139e-01
1.363556598777476980e-01
1.353556880543873298e-01
1.372092384662693398e-01
1.353590925997149030e-01
1.375779447906898822e-01
1.352401734269164657e-01
1.371581819475420627e-01
1.355861735741626661e-01
1.364478101766803120e-01
1.372515991257368395e-01
1.354477016412900525e-01
1.364442018243333110e-01
1.371019444570271695e-01
1.369598674119732462e-01
1.374235641581886824e-01
1.374576823640843437e-01
1.353866065862335266e-01
1.364838162249718545e-01
1.362284843594278039e-01
1.360283220683831673e-01
1.353204264270794488e-01
1.359777847400225337e-01
1.358612977309642811e-01
1.361014234220266905e-01
1.371752980814961720e-01
1.363622109740955102e-01
1.378293380042403538e-01
1.367131998866729092e-01
1.365599640887183441e-01
1.362650624719023984e-01
1.361190903595607682e-01
1.362374160361617126e-01
1.370515825092052387e-01
1.370822832258593027e-01
1.347764303059778568e-01
1.354273350081736660e-01
1.370630177269928640e-01
1.365337260855601365e-01
1.364780314308125242e-01
1.354361977790826121e-01
1.366805142638826132e-01
1.364134763819441487e-01
1.369246249274151395e-01
1.363111279664635522e-01
1.363191844514808626e-01
1.373024804667901666e-01
1.355912792076536255e-01
1.360789584397177343e-01
1.356854996647948175e-01
1.359774076356717043e-01
1.362669060723451231e-01
1.359597074403299799e-01
1.367820013906341781e-01
1.372029465029611650e-01
1.371028068622908436e-01
1.364083123918016505e-01
1.352311160519335531e-01
1.351848231942059941e-01
1.361646714258657742e-01
1.366496103445623556e-01
1.362533514340229512e-01
1.369822166674887209e-01
1.367497699123875199e-01
1.367172811616306771e-01
1.358821522086811617e-01
1.369411369077073448e-01
1.370067590871728858e-01
1.374343279081595148e-01
1.361563407996730646e-01
1.359531316467244566e-01
1.358610381901593500e-01
1.359929163070749125e-01
1.365219231909530206e-01
1.355702293903736366e-01
1.368160431138388256e-01
1.369589425256634019e-01
1.353646211550651735e-01
1.358660292190763952e-01
1.366073697271122656e-01
1.358670417071940750e-01
