1.804980492500194433e-01
1.827864600582081167e-01
1.817825002456741890e-01
1.840135325495258489e-01
1.817910178793708809e-01
1.823727247766029624e-01
1.825860070595601847e-01
1.818463883730837283e-01
1.819691666720569534e-01
1.822974865004700351e-01
1.836799976297801285e-01
1.823959519844033927e-01
1.819271043754878137e-01
1.816602983719680098e-01
1.813020045348666121e-01
1.822278841458803700e-01
1.810784755656908718e-01
1.818756039505293742e-01
1.817473711891779975e-01
1.831261806228891287e-01
1.825608616509676319e-01
1.819858389668680410e-01
1.829474617698739758e-01
1.816338548676011133e-01
1.815172888251939121e-01
1.814601273022828365e-01
1.819808078337492585e-01
1.818897802471560188e-01
1.806172262683992114e-01
1.815517797654180032e-01
1.816650613528110747e-01
1.826129236965174929e-01
1.813110300316759516e-01
1.835918716469240874e-01
1.829845289270539688e-01
1.819444749400128680e-01
1.831757712844378772e-01
1.809778269624563729e-01
1.815264798880412422e-01
1.814819871043044652e-01
1.828617954635586296e-01
1.816953915625267035e-01
1.820567011830347415e-01
1.826476944020321291e-01
1.821761997676312750e-01
1.815835862599444184e-01
1.810383080892494223e-01
1.826182131926667451e-01
1.825432069356996145e-01
1.811357456220925588e-01
1.819532854676966793e-01
1.826555433341424672e-01
1.809522351158660003e-01
1.810351562121127467e-01
1.818359519074871922e-01
1.813582833123433269e-01
1.809785378248588705e-01
1.825163667466845607e-01
1.824448801446281465e-01
1.806172640935001517e-01
1.826111444924677918e-01
1.828236169996517724e-01
1.817970392232969024e-01
1.821566063187592954e-01
1.820212944558425305e-01
1.827587871667137320e-01
1.820776860297005639e-01
1.829293420784804391e-01
1.812462686787347788e-01
1.818610414125161334e-01
1.830621714501552699e-01
1.817763885454224959e-01
1.809888959990813562e-01
1.825742768952925144e-01
1.805745470905645300e-01
1.820828409257437552e-01
1.813260624430287071e-01
1.829238685953024357e-01
1.821625913619289439e-01
1.818177582704041395e-01
1.816723247478957692e-01
1.817826256210388070e-01
1.822363505403752637e-01
1.821930534975203242e-01
1.806540248914438318e-01
1.809198553831685707e-01
1.822366553426099378e-01
1.825870487718042612e-01
1.824129878530186544e-01
1.815364741461677756e-01
1.824437911339122365e-01
1.826044435012538769e-01
1.826682459874325593e-01
1.815471573886662249e-01
1.824177347491519052e-01
1.820822843965862470e-01
1.827208880558843784e-01
1.816155560586778794e-01
1.822409018535951220e-01
1.809654374254897891e-01
