6.874833476712767233e-01
6.867709515446084323e-01
6.866546860956173060e-01
6.883112745580028946e-01
6.869642726286370182e-01
6.868992579062647152e-01
6.870671716250504879e-01
6.874216383632020255e-01
6.864025437639672544e-01
6.882743905943722318e-01
6.868072456963321137e-01
6.879403155023282590e-01
6.874274572084493329e-01
6.874689401795417432e-01
6.870295691848541386e-01
6.874567628274995679e-01
6.873330863937336943e-01
6.879775276685197172e-01
6.869189429998410201e-01
6.875103037250651639e-01
6.874082184488801150e-01
6.881673874621960785e-01
6.875682719470213033e-01
6.863235477478449864e-01
6.874683438891628917e-01
6.880542765661277205e-01
6.877335039415921614e-01
6.869926455469718141e-01
6.885533473439284791e-01
6.870454083493906516e-01
6.871621489117593073e-01
6.875331350440994083e-01
6.867513267924280074e-01
6.878693405259914684e-01
6.874489460779769079e-01
6.878846290854286893e-01
6.880319284268261448e-01
6.879601998844874222e-01
6.873989531543487352e-01
6.883238693894229154e-01
6.873799958921728015e-01
6.865424271183270255e-01
6.875070375951169988e-01
6.867812682031232407e-01
6.870346830136759841e-01
6.880528033662055565e-01
6.871006464250386525e-01
6.876996474339143184e-01
6.864351644671298214e-01
6.875421215234813754e-01
6.873734552060373204e-01
6.874396510807525562e-01
6.872711900671535368e-01
6.868475458592063765e-01
6.877528443178760886e-01
6.864739443658598450e-01
6.865048945320109119e-01
6.877083939953445579e-01
6.875461554417097165e-01
6.878912363884832626e-01
6.871427762544641826e-01
6.879266821466882842e-01
6.883272792626984327e-01
6.883673866870012592e-01
6.875766146075720231e-01
6.867393062432107786e-01
6.873294854989825398e-01
6.879783522026728937e-01
6.875469124697813905e-01
6.869131098882225173e-01
6.876569212029051137e-01
6.873125184537889343e-01
6.871798062315798150e-01
6.881733233074764922e-01
6.866011559676156173e-01
6.867126561284441211e-01
6.872921913586995668e-01
6.873160218157128298e-01
6.871935810654370425e-01
6.875614618433001368e-01
6.863927630153907611e-01
6.869748024522628338e-01
6.878666533950954509e-01
6.873541362612919370e-01
6.875099109824411858e-01
6.865159925596580059e-01
6.881754230713251763e-01
6.865308807847720907e-01
6.876034570397545620e-01
6.880317649731853002e-01
6.861340771250099557e-01
6.882756856534084644e-01
6.866311635874168262e-01
6.875331953590400058e-01
6.874747563554355345e-01
6.878324770624064666e-01
6.875357309114706883e-01
6.870882386682264364e-01
6.868102105071869357e-01
6.871495019703600660e-01
