3.194387105302592955e-01
3.203159271985686063e-01
3.207387896386594273e-01
3.196511902250908088e-01
3.200866013136546839e-01
3.203980332545118825e-01
3.204329432688429735e-01
3.197230288495952477e-01
3.202211962205006590e-01
3.206914443165024275e-01
3.202936971468002825e-01
3.196525796015859400e-01
3.204342777142638599e-01
3.213136496092434125e-01
3.203758040943624485e-01
3.199904521001432633e-01
3.203849359874088032e-01
3.204553840768393780e-01
3.209285903579164323e-01
3.200143697800997833e-01
3.209081847776094620e-01
3.210386339817402623e-01
3.208653400408072454e-01
3.199214438852925335e-01
3.209627032543020397e-01
3.202524941270299408e-01
3.213389807477885496e-01
3.217372055492133676e-01
3.195384511647201276e-01
3.207184942119450377e-01
3.199938586874888080e-01
3.205314921675808115e-01
3.208773990117040897e-01
3.199970568143155614e-01
3.193724531141007850e-01
3.190287408107461697e-01
3.194507831326791059e-01
3.198497026701305757e-01
3.207968904059088633e-01
3.204800220288631096e-01
3.203874723095111454e-01
3.209629777166247977e-01
3.200882429867000223e-01
3.195327511732600767e-01
3.200886593332448182e-01
3.210014252467959794e-01
3.212701405684483813e-01
3.201601698005339669e-01
3.191325529815122741e-01
3.212317761508678426e-01
3.197175123743366543e-01
3.205057191680799056e-01
3.208062139753155018e-01
3.202436272042270549e-01
3.197771916951332449e-01
3.201755198331633911e-01
3.190563506373690905e-01
3.212637200636314083e-01
3.201486487918488999e-01
3.196717404434450960e-01
3.195379192542312508e-01
3.205771796286718267e-01
3.194720087193888558e-01
3.196775782670711052e-01
3.193934623772798909e-01
3.204547494469608959e-01
3.205280275550025371e-01
3.203297351985743835e-01
3.212441478265671835e-01
3.194445732139966077e-01
3.202592300586947216e-01
3.195000961997446209e-01
3.194591208235095792e-01
3.202295174887189178e-01
3.194536079961378117e-01
3.191865695960040550e-01
3.202038991917399158e-01
3.206836745885036644e-01
3.195913847198696423e-01
3.211271953195263262e-01
3.205482529439490635e-01
3.204583967345122630e-01
3.207754497099652990e-01
3.203117790059069603e-01
3.204779173071422571e-01
3.197903942120857712e-01
3.202381987777893069e-01
3.202241713510186605e-01
3.200070569275351717e-01
3.198279299392045028e-01
3.198681300080585821e-01
3.204518328859442544e-01
3.207548173096055333e-01
3.203588298879178065e-01
3.194611657599499832e-01
3.208280594085632376e-01
3.208998432367375364e-01
3.199213269406607774e-01
3.203914776465477954e-01
3.206488091950077668e-01
