7.398938516575295776e-02
7.438294856149713086e-02
7.477909541142416239e-02
7.496286309684808968e-02
7.513649640524806828e-02
7.377620604788340253e-02
7.543699049984831095e-02
7.529072399623318312e-02
7.431550997405061976e-02
7.333537510730954445e-02
7.447509259016499295e-02
7.459668148917192321e-02
7.312694583860092357e-02
7.429372203057904578e-02
7.524678296972127367e-02
7.410032529747581642e-02
7.526399262288197001e-02
7.359918980585514192e-02
7.454466598124562249e-02
7.480745703904391475e-02
7.455388032535452403e-02
7.359985807688945725e-02
7.410579009288774388e-02
7.355285974488054435e-02
7.420940874512313434e-02
7.472751889152295934e-02
7.428527299903206482e-02
7.408861167305784423e-02
7.453811884619082617e-02
7.445895833333185387e-02
7.473646933834318662e-02
7.368468974416164663e-02
7.414424655348278437e-02
7.483660055015525780e-02
7.413055722348912968e-02
7.512895344233286310e-02
7.441883965416842828e-02
7.345249273261969525e-02
7.439758449378461314e-02
7.430406730953738326e-02
7.524596383433959645e-02
7.506422336277696061e-02
7.460997344264416742e-02
7.338941521950112512e-02
7.424473646357007683e-02
7.474266456648329116e-02
7.401716534827018634e-02
7.510999286036229572e-02
7.310953881602537396e-02
7.442354976893300611e-02
7.416809358293716126e-02
7.496606037958926383e-02
7.498632097702360999e-02
7.416160813887753833e-02
7.398767772228187489e-02
7.585244249489563051e-02
7.484237276496349955e-02
7.434082660316243540e-02
7.319517733183536490e-02
7.412292613159382482e-02
7.479234467103694495e-02
7.402732347532818558e-02
7.461513213755463503e-02
7.474435820014133092e-02
7.434691184457573043e-02
7.294404062519486975e-02
7.623283686822410199e-02
7.463391685160165878e-02
7.337362477915815306e-02
7.438417539315138327e-02
7.644403521461033690e-02
7.454258145800674029e-02
7.498030434317549953e-02
7.421574289682641989e-02
7.481164545362596618e-02
7.428729228104734295e-02
7.463676582900267975e-02
7.421761623098394045e-02
7.426205132236349260e-02
7.463536864622939693e-02
7.410951148326448690e-02
7.435736012712571008e-02
7.397808020354362801e-02
7.403733042070481662e-02
7.457252026516172916e-02
7.431387455898935679e-02
7.401205747741117225e-02
7.523068742889889304e-02
7.485210479149373430e-02
7.590445626153000114e-02
7.458162147663316421e-02
7.426330554791325811e-02
7.541856502779106797e-02
7.511979218306169548e-02
7.425184692543629339e-02
7.490484961254545437e-02
7.470990201746836867e-02
7.392709436517969079e-02
7.445309161600560666e-02
7.415453810161706794e-02
