7.425251639336964971e-01
7.442053127609442598e-01
7.436112802155587787e-01
7.437452562603528161e-01
7.454769034795384330e-01
7.444584842383259460e-01
7.444784916443158984e-01
7.436132675351305732e-01
7.447521044433291770e-01
7.448894150101599276e-01
7.449845914171870920e-01
7.442071343942486816e-01
7.437384614862956322e-01
7.446157362362015864e-01
7.446707768978620967e-01
7.442047487377645432e-01
7.437005262491984681e-01
7.450840758152436072e-01
7.453147839819468379e-01
7.447962738568170149e-01
7.456664536416657274e-01
7.444231363769967524e-01
7.435743733743731543e-01
7.436484702351986442e-01
7.440796249020082964e-01
7.451291852159847018e-01
7.441604083610581233e-01
7.438994718267492035e-01
7.436018655762438589e-01
7.436136167317841661e-01
7.453942310283941941e-01
7.446311587214580197e-01
7.438283295401950657e-01
7.446880298962621492e-01
7.438266688844030750e-01
7.435194664898834294e-01
7.449784332388629249e-01
7.446005733972167473e-01
7.437307008952064313e-01
7.446507960405298610e-01
7.449974378727088897e-01
7.445676062961293917e-01
7.445142008345206897e-01
7.448469941771574954e-01
7.446764132580628859e-01
7.447749320080148117e-01
7.433759436634401752e-01
7.436381986662845556e-01
7.449005094711461661e-01
7.450248167951529776e-01
7.450275727237318790e-01
7.442315795447835836e-01
7.444779308671725104e-01
7.444749531978198664e-01
7.430983664107679854e-01
7.453854184379813397e-01
7.440079812364891465e-01
7.451851698054225981e-01
7.444955823389579619e-01
7.436344637499752164e-01
7.449892430867969262e-01
7.445029472581230490e-01
7.436112626347863852e-01
7.440441624032123613e-01
7.451665926396077166e-01
7.443588942297000299e-01
7.440362661118775645e-01
7.452224249856393978e-01
7.445233435682759859e-01
7.441479086144517918e-01
7.434828369700532402e-01
7.451034066806114797e-01
7.441103471655960977e-01
7.440696576681368191e-01
7.446883062256973718e-01
7.445202114542792682e-01
7.448442567314339513e-01
7.450492605355092390e-01
7.448883372000493219e-01
7.435951981357327156e-01
7.446836181580249736e-01
7.454842432618025150e-01
7.437134437460813929e-01
7.440866001594499402e-01
7.446305584696945035e-01
7.444277236608594084e-01
7.449557224300211722e-01
7.444257081079098670e-01
7.429920122493945955e-01
7.443370532970443598e-01
7.450026680622333641e-01
7.448900386377043104e-01
7.448522743384324851e-01
7.456226845087872146e-01
7.454535075098751573e-01
7.447935605234046186e-01
7.443706423283218410e-01
7.446320112906209543e-01
7.449968065983467724e-01
7.440562639294518998e-01
