1.453749865038496750e-02
1.596394518518053085e-02
1.586948290249463878e-02
1.597742428729316544e-02
1.539371668143853927e-02
1.570982005290347955e-02
1.597525903142715115e-02
1.494710213312490377e-02
1.546653595142705694e-02
1.594455875579674220e-02
1.594772091864478381e-02
1.495391142434668828e-02
1.598536145923929244e-02
1.527176481857541596e-02
1.467335603824220479e-02
1.601768233361073462e-02
1.443059234900962232e-02
1.579697635500380143e-02
1.539078907160396428e-02
1.641727060982166309e-02
1.594093054742382748e-02
1.654885084823544406e-02
1.434908560211105299e-02
1.649959511587142935e-02
1.612466096960211981e-02
1.533250418836789794e-02
1.606200591253321291e-02
1.538787097230271197e-02
1.602504743763825956e-02
1.588070600786220532e-02
1.674689742959653560e-02
1.589691015876006433e-02
1.646678557891470551e-02
1.631124669287808276e-02
1.550009190562613194e-02
1.671515703542380063e-02
1.649219441049935148e-02
1.513673474780680324e-02
1.562703626082837666e-02
1.617595081326964751e-02
1.593541478990206581e-02
1.518428464104668203e-02
1.520444865976949139e-02
1.568677068504250802e-02
1.583640746662986348e-02
1.640047823934004737e-02
1.493104561182452376e-02
1.512564004110857063e-02
1.617001425076932536e-02
1.445748276043430473e-02
1.613702266574385674e-02
1.601644868332342125e-02
1.610947962734047417e-02
1.603135785942522845e-02
1.512660431782002213e-02
1.557898426753133100e-02
1.553605604198042209e-02
1.553116044920566097e-02
1.408873551029337853e-02
1.612780769502579134e-02
1.562728705387923800e-02
1.537190948911663566e-02
1.447895154522090694e-02
1.579059647435555186e-02
1.525890662945614956e-02
1.512863829230802828e-02
1.506834127596863061e-02
1.604924826221107437e-02
1.602258643942106389e-02
1.584029795875176866e-02
1.614920118347507039e-02
1.618758790736985961e-02
1.609835289543315451e-02
1.626128084580453007e-02
1.673607613525503190e-02
1.607381023126311370e-02
1.674209098948913760e-02
1.591940302797766743e-02
1.534160778080163878e-02
1.678349501403349209e-02
1.607750639177534316e-02
1.547605445059886328e-02
1.600776649929352979e-02
1.600688029652462888e-02
1.564801957493890117e-02
1.571668627277648944e-02
1.575921153093286578e-02
1.525187325799945773e-02
1.627303428592454665e-02
1.568188634149956726e-02
1.598880865105775650e-02
1.596758762012930044e-02
1.560684255365871187e-02
1.503236891616773450e-02
1.562088289715691039e-02
1.636973546119384684e-02
1.561840787515104967e-02
1.585738283454273673e-02
1.544735565925596868e-02
1.578163468584522708e-02
