6.284269263863923038e-02
6.328411578523290837e-02
6.364436042467318255e-02
6.253499247284990958e-02
6.394338036293917282e-02
6.346489015447555337e-02
6.409644572419695430e-02
6.327971057328571347e-02
6.189049366695241472e-02
6.377124236825924830e-02
6.253500443590276348e-02
6.292018679167667161e-02
6.300370743445914135e-02
6.464574871481468255e-02
6.320227343682981169e-02
6.345358665073286275e-02
6.383756858184719274e-02
6.311658193632102565e-02
6.274597487368438475e-02
6.292430436261840787e-02
6.234115420420578701e-02
6.343617982164959090e-02
6.428091026799653829e-02
6.330868220259801282e-02
6.280706607840469413e-02
6.501482998738769559e-02
6.359315993726237515e-02
6.292934226128908681e-02
6.281870767953748325e-02
6.387459206887922958e-02
6.262858764376830201e-02
6.308918178343395078e-02
6.403836575258868569e-02
6.333163297137237024e-02
6.324439274257734334e-02
6.269636770320960450e-02
6.334100883308166341e-02
6.379000133889581314e-02
6.474429157702901727e-02
6.264693782700769820e-02
6.352963583117984814e-02
6.479713069765338784e-02
6.262950310451168012e-02
6.305785685929889139e-02
6.367144788058662352e-02
6.134646724082360586e-02
6.384132633046946115e-02
6.368426443527450131e-02
6.264204938320519500e-02
6.325310070542836116e-02
6.434872800735408349e-02
6.267651710989147196e-02
6.371504736384198120e-02
6.374179590147063812e-02
6.299407255233060998e-02
6.303745311442097987e-02
6.342463530718756015e-02
6.337643526832638374e-02
6.291890816029549471e-02
6.284447103035592508e-02
6.384863136053697819e-02
6.339478590314175099e-02
6.312885180792876527e-02
6.292020015433254232e-02
6.407162982402817009e-02
6.322976552931891536e-02
6.403507963654000990e-02
6.315460516063953200e-02
6.324747841754872757e-02
6.387702875053440088e-02
6.402784929897502308e-02
6.312194975442839140e-02
6.426500186520250901e-02
6.299509940182758394e-02
6.398891762079961243e-02
6.299697694591419039e-02
6.382464321082420566e-02
6.385839637360404830e-02
6.271052658156492376e-02
6.422520806214122857e-02
6.202735238270201679e-02
6.254917345451058153e-02
6.233952964951310072e-02
6.394936434860525043e-02
6.370817477045170873e-02
6.335926236575455117e-02
6.380829992772296677e-02
6.329259523709326873e-02
6.407551880390763288e-02
6.254224797874119446e-02
6.379682004774164805e-02
6.239331924411530006e-02
6.257614076707225526e-02
6.254582761018120940e-02
6.384892104638906218e-02
6.250397778481830979e-02
6.202675413344474475e-02
6.310544566902576147e-02
6.382233557347172237e-02
6.291289682251760551e-02
