8.380987070918673176e-02
8.463497170219747012e-02
8.379865726745132359e-02
8.468964294681463612e-02
8.416143510182602649e-02
8.545930217047789657e-02
8.378176629760245020e-02
8.369369315652377961e-02
8.447426761891686786e-02
8.467389969183691800e-02
8.552620056059051512e-02
8.437561009783127453e-02
8.537640749134589591e-02
8.364612906978705076e-02
8.448960671287820967e-02
8.474485484866273177e-02
8.405662517292802893e-02
8.371050667395066314e-02
8.321354628155600008e-02
8.431888804299994544e-02
8.396505411401306018e-02
8.423379822236558290e-02
8.425186667104551941e-02
8.397685692848663730e-02
8.473839900010779469e-02
8.522192125836905441e-02
8.468718683189792318e-02
8.407330283292410722e-02
8.537437537391029396e-02
8.397198575640688056e-02
8.332331256197872404e-02
8.534504597803663217e-02
8.416319787006208697e-02
8.476455044908261238e-02
8.413063033898512955e-02
8.384989345457535825e-02
8.425138257409206521e-02
8.474653173695204100e-02
8.435922779786028669e-02
8.495058298288790666e-02
8.586840277296081680e-02
8.495067535140356230e-02
8.524674362500822555e-02
8.488661508894096430e-02
8.493163991189475737e-02
8.480421146569716573e-02
8.425932696026025570e-02
8.403359520847575315e-02
8.440517786551486601e-02
8.458241719471559783e-02
8.432458035174555944e-02
8.433590217457165306e-02
8.450998341488799581e-02
8.456439948178275101e-02
8.361798796251773691e-02
8.349284183653661595e-02
8.490952615595338815e-02
8.470251384683538665e-02
8.423857385367983230e-02
8.550761568408210556e-02
8.465750230174939883e-02
8.507234339228254838e-02
8.462891259145513545e-02
8.529885731139366656e-02
8.494615331768233524e-02
8.575159514812397132e-02
8.358505615606243166e-02
8.470404308589257747e-02
8.439581643648955134e-02
8.480869090571979685e-02
8.490249309252120846e-02
8.515318671346311374e-02
8.463260363746319404e-02
8.427681241020330838e-02
8.508109163542934561e-02
8.447153445542025796e-02
8.436558183671803712e-02
8.473386712612200611e-02
8.545141045829106330e-02
8.393012710997121983e-02
8.345747816977794331e-02
8.550466112454996326e-02
8.493000405462319824e-02
8.504873053202982591e-02
8.507096134511635266e-02
8.487988870347951131e-02
8.520041264822460214e-02
8.399993553269284596e-02
8.455479245888164463e-02
8.296810013168398612e-02
8.374965523056170091e-02
8.456719098508716503e-02
8.612803199263695253e-02
8.520340213968281839e-02
8.528086360386172293e-02
8.599265010174016177e-02
8.416468479511854395e-02
8.375939411966468184e-02
8.459590253686777306e-02
8.353374172685108789e-02
