4.290270869171430301e-01
4.296513187609978246e-01
4.299090019886053771e-01
4.295198999627112268e-01
4.294352501389824828e-01
4.296174318381540402e-01
4.292651523170077921e-01
4.293053410412356885e-01
4.295821764227431006e-01
4.301172664542273205e-01
4.290287560500865571e-01
4.300333025929581332e-01
4.299341832900250848e-01
4.292512251570255177e-01
4.305534490660657410e-01
4.301989174219703616e-01
4.291165164567137813e-01
4.279170471477593551e-01
4.293553535037034075e-01
4.298384244062302684e-01
4.303893744624902595e-01
4.296814492001139740e-01
4.294510370850350700e-01
4.303593501231406382e-01
4.286895225788880381e-01
4.288528222608302132e-01
4.293591355146342270e-01
4.293013478411068506e-01
4.295134975668595256e-01
4.287829005589238740e-01
4.291227832971016287e-01
4.285457229752891450e-01
4.303121866615230995e-01
4.290829189528488907e-01
4.289572592315311073e-01
4.290789070381595405e-01
4.286760402669407277e-01
4.294571726453453864e-01
4.299824447713804787e-01
4.293351920364112395e-01
4.285335880421345944e-01
4.296725076726596870e-01
4.289179984064994122e-01
4.302277287340465217e-01
4.296623676193059849e-01
4.288888500410602544e-01
4.294562164639796897e-01
4.296580900886931009e-01
4.301995546435231077e-01
4.285244942116357425e-01
4.292724760424058150e-01
4.279934713618204212e-01
4.291674175430605365e-01
4.296905817049266885e-01
4.299034264292810326e-01
4.287473098993730414e-01
4.302976217921268276e-01
4.290465027852496949e-01
4.293548891899049424e-01
4.292426759084273513e-01
4.283896718107212953e-01
4.300130133500879581e-01
4.298884881290071514e-01
4.297869625159453921e-01
4.292064266240666615e-01
4.300332339673640369e-01
4.293858010166872186e-01
4.298505770692913064e-01
4.302698021417952767e-01
4.291049033062167561e-01
4.297020222851244409e-01
4.290895525238865860e-01
4.297368427282126091e-01
4.290101141275390328e-01
4.297852228220960802e-01
4.290653353814903315e-01
4.292326394636205578e-01
4.308158950547077981e-01
4.295367389859786611e-01
4.298772505903959429e-01
4.281998049888930957e-01
4.300747875858955682e-01
4.297930995850881564e-01
4.300067604140231370e-01
4.294132460379788130e-01
4.288376867627996525e-01
4.295165858391521430e-01
4.284108420162586195e-01
4.277809236816710881e-01
4.299308241765216199e-01
4.304260022147904929e-01
4.297057086143198923e-01
4.291752118130658378e-01
4.292013192062647531e-01
4.290911224943771973e-01
4.287319865551331710e-01
4.294350559882542662e-01
4.290751056393584673e-01
4.295380184675541280e-01
4.296423870299915793e-01
