2.590337872155272225e-01
2.604839676644043478e-01
2.600129433905670751e-01
2.588472432641758525e-01
2.593985190726441625e-01
2.605952943304362113e-01
2.600790691974372848e-01
2.592403474401818730e-01
2.616784386641471949e-01
2.602962663391210629e-01
2.593785735661010561e-01
2.606344613886325545e-01
2.602675582109875152e-01
2.607476112779104072e-01
2.613341506318346830e-01
2.606113134308633006e-01
2.606537923209171215e-01
2.603502751349716093e-01
2.598208570613718127e-01
2.603999518910548039e-01
2.609883414693621728e-01
2.606370643935376763e-01
2.612556995860618736e-01
2.606356506324229994e-01
2.595427374233741924e-01
2.600436933155026442e-01
2.607720665540673721e-01
2.598460227673695666e-01
2.603031325341777502e-01
2.600812666596533651e-01
2.600119277135646279e-01
2.596710319968588698e-01
2.596768049452276572e-01
2.593800455649989956e-01
2.599343269296395809e-01
2.604719521049368436e-01
2.601308160881782294e-01
2.597755965574004566e-01
2.601544689478533234e-01
2.607828963665491662e-01
2.608615391802795447e-01
2.594179459231210072e-01
2.598475411361468312e-01
2.621665705025507109e-01
2.599356025571469275e-01
2.597676176067866827e-01
2.599046860857742169e-01
2.611808663149992049e-01
2.605532828196210349e-01
2.602329364080825935e-01
2.606336955018855872e-01
2.600251367721896911e-01
2.592656163198264752e-01
2.596054492443411466e-01
2.609109262775350935e-01
2.597989923432353909e-01
2.610365272907676504e-01
2.603532915532167924e-01
2.602557926531227084e-01
2.608217949807078440e-01
2.603512684204920546e-01
2.609128043988280243e-01
2.602696680998673462e-01
2.600127824355825679e-01
2.606794976179142020e-01
2.610918244019152512e-01
2.597805450541644801e-01
2.603685048948323200e-01
2.591202899090349066e-01
2.596485027501623244e-01
2.594721720943750087e-01
2.605203054596671453e-01
2.602668717778172658e-01
2.595845819264750443e-01
2.611737948756532868e-01
2.589575388500104935e-01
2.605401244861965115e-01
2.604036511370059204e-01
2.608886426832096039e-01
2.607199888764571427e-01
2.606856309411755834e-01
2.609982781966538323e-01
2.602661807437607888e-01
2.602635949775128910e-01
2.594344864012940732e-01
2.597565631726047042e-01
2.601775591446361946e-01
2.612395631146882113e-01
2.611139022342083837e-01
2.601086699718098139e-01
2.600042351909780391e-01
2.599527372904488209e-01
2.596850304583488422e-01
2.596824241804453481e-01
2.605608196421205225e-01
2.599292752886643298e-01
2.611396816441375335e-01
2.603821997750406791e-01
2.614611461554287031e-01
2.613413076098434762e-01
