9.271221849461377396e-01
9.291817919100442413e-01
9.278506803671071612e-01
9.287756124474886299e-01
9.284392351271472110e-01
9.285884114694068492e-01
9.281082322196630985e-01
9.280688948104883762e-01
9.275458177215460953e-01
9.269323332415402295e-01
9.276050597336813475e-01
9.282452837083642327e-01
9.282914388411040996e-01
9.280268364502468614e-01
9.293241482000619280e-01
9.288574726331219056e-01
9.284621419732805858e-01
9.272730075030487518e-01
9.274771893721016625e-01
9.282440593748052526e-01
9.287234363089686973e-01
9.274049719672566860e-01
9.282813325627752299e-01
9.283705707879608138e-01
9.279806183089105431e-01
9.277858859285164073e-01
9.292048744011265349e-01
9.276755284104427624e-01
9.283889656590280648e-01
9.290958680204881581e-01
9.280691443455872935e-01
9.283410094603284923e-01
9.295780186677823353e-01
9.282701438561743457e-01
9.290665681007270749e-01
9.276089131501472629e-01
9.291180584359157724e-01
9.273923226789568819e-01
9.288871703554862913e-01
9.277209346587729222e-01
9.286371811718063807e-01
9.270762719872936986e-01
9.283221231561553655e-01
9.283076525631863696e-01
9.283957545205336892e-01
9.274520333001752270e-01
9.281895534482931254e-01
9.286567315556835123e-01
9.284405519922879213e-01
9.280224380158625941e-01
9.292360268879569229e-01
9.289069757677388406e-01
9.272883103353999346e-01
9.287411260913822630e-01
9.284301301852391219e-01
9.284683435666256646e-01
9.284474282656736133e-01
9.280499043189150976e-01
9.285985669768643813e-01
9.286396107963807989e-01
9.281939137093521142e-01
9.281803807127779748e-01
9.281904492337613721e-01
9.296404198732072244e-01
9.275178364391960528e-01
9.287670472809625988e-01
9.271489246530488781e-01
9.278637834375063065e-01
9.285654077510424598e-01
9.279339584184449485e-01
9.285815088694806541e-01
9.289534735822992939e-01
9.272490372827597582e-01
9.278165299733553972e-01
9.292843442148284172e-01
9.291746944041198164e-01
9.284426526708230432e-01
9.281185021244426903e-01
9.302757528533719400e-01
9.279468175616728542e-01
9.291025295152384178e-01
9.268909703578600556e-01
9.283240393749723207e-01
9.274434323885880627e-01
9.271124809056092708e-01
9.277992821228375764e-01
9.279984075418660217e-01
9.277707304726574566e-01
9.279410958592062553e-01
9.281270767015332712e-01
9.283941352562117277e-01
9.290878210001534132e-01
9.276891140383345391e-01
9.289146137582215967e-01
9.280680112518475688e-01
9.279878860061253620e-01
9.282799007516342460e-01
9.284249478987089965e-01
9.274353521164804270e-01
9.278915712388244863e-01
