3.069648561494359718e-01
3.077525956432062837e-01
3.071580997656488399e-01
3.066440789969417935e-01
3.070560921036509239e-01
3.078881695910776761e-01
3.068678054246156695e-01
3.084087013528587495e-01
3.076404127432598723e-01
3.076081560259416592e-01
3.065147361413006477e-01
3.062821497798429715e-01
3.072024330511426982e-01
3.067038373205488444e-01
3.074798908534142616e-01
3.067194758736816462e-01
3.077133554224367185e-01
3.073927445366840816e-01
3.066306846488995319e-01
3.084398254596138478e-01
3.079391467116898706e-01
3.082737463920512955e-01
3.067798636710605265e-01
3.053927499131884327e-01
3.082171827765940453e-01
3.072866548039477896e-01
3.077500383769407599e-01
3.070924051405555244e-01
3.072629037311686573e-01
3.073838032172208079e-01
3.080187983055246437e-01
3.069133746142879149e-01
3.066999035928090755e-01
3.064607725026309848e-01
3.081092516690589478e-01
3.064060778908729299e-01
3.059300670281883683e-01
3.071871646738855155e-01
3.072466506454613056e-01
3.075563263815788151e-01
3.070669627175097172e-01
3.076455159636141135e-01
3.083786930206952048e-01
3.076900689602430905e-01
3.061898582759487453e-01
3.072478346066990218e-01
3.078192885892964692e-01
3.062243578341146133e-01
3.083134161140497209e-01
3.075504750906024598e-01
3.067931772481622965e-01
3.077772996251589843e-01
3.080866127278964473e-01
3.074259118169426208e-01
3.064643595062408465e-01
3.075434419585701407e-01
3.077240606117993549e-01
3.085152624329667859e-01
3.076616473802170071e-01
3.070972218116316821e-01
3.080310738156130101e-01
3.065337283688355785e-01
3.073041518229495672e-01
3.071682638101487228e-01
3.088542761807338000e-01
3.082758873182521731e-01
3.076917402559768977e-01
3.080079010265256434e-01
3.074274030837583771e-01
3.075470876995583525e-01
3.067761890480407150e-01
3.061324620754450887e-01
3.059492926627086495e-01
3.078595625523826151e-01
3.075028484849237076e-01
3.068593792320695735e-01
3.078018792560218153e-01
3.070824522935933776e-01
3.069927595380709251e-01
3.070257911407274776e-01
3.078862165568646558e-01
3.075747903379076886e-01
3.077804675482543328e-01
3.070377331801021903e-01
3.076170503742421403e-01
3.071646079187095313e-01
3.082859553644283213e-01
3.084107159301729961e-01
3.083060649239691142e-01
3.083453877778153940e-01
3.069854902296780264e-01
3.077553260130471702e-01
3.068563437803524807e-01
3.069827214253121328e-01
3.071493293276159608e-01
3.067543189581560248e-01
3.068105406981790351e-01
3.066046219343834811e-01
3.072847178075658325e-01
3.076139493642527922e-01
