7.838718850293251439e-01
7.847977731403764645e-01
7.842625181063285211e-01
7.851724188490658563e-01
7.859718508504169865e-01
7.843050927933954419e-01
7.852166903679114185e-01
7.858962814714426370e-01
7.860984421240571063e-01
7.852992473862567824e-01
7.857663807662119693e-01
7.848919256636343045e-01
7.853343281631319783e-01
7.866271205290904511e-01
7.849894085559305790e-01
7.863554838365236499e-01
7.870415433617214962e-01
7.857256678331269173e-01
7.846888461912463475e-01
7.866561130485143494e-01
7.861395898923762005e-01
7.858952267590857410e-01
7.847781428443755258e-01
7.854103573109284531e-01
7.850589155044436218e-01
7.860601461120199085e-01
7.849751100544182236e-01
7.855158889546710599e-01
7.856334726504292654e-01
7.856174806836982993e-01
7.857527899857661424e-01
7.851666602261533345e-01
7.853081092026270582e-01
7.855220375028841850e-01
7.861625734090713635e-01
7.858671010140562130e-01
7.855758526886684745e-01
7.855335152716329539e-01
7.858239809658318364e-01
7.853329384536099633e-01
7.855727254002383697e-01
7.863433008854221473e-01
7.852821758140627884e-01
7.852285745546195850e-01
7.855810359106333296e-01
7.846508879348441656e-01
7.857132987768665755e-01
7.858234101066685628e-01
7.855557472097529637e-01
7.844999606551095184e-01
7.855861621926668592e-01
7.849712725173347838e-01
7.835807935165143290e-01
7.849468956585183843e-01
7.868585351343949652e-01
7.859229206132298806e-01
7.848492645530820155e-01
7.854481110941596844e-01
7.854924348775045306e-01
7.861145712692054754e-01
7.861783549464709253e-01
7.859189477819463754e-01
7.859607433557275202e-01
7.847624316954270318e-01
7.851200347232175636e-01
7.855738591249357139e-01
7.841246119329314812e-01
7.854901453839980840e-01
7.849842977560600454e-01
7.846109224008691596e-01
7.853338917427800103e-01
7.852109033316548858e-01
7.853614380707272247e-01
7.850817643748406738e-01
7.854868075492884572e-01
7.853189054364271282e-01
7.859664581300647157e-01
7.848861658197743285e-01
7.854964188550150883e-01
7.848772435612205722e-01
7.844137700331805796e-01
7.856316430607866996e-01
7.852981912418794952e-01
7.841796248741804698e-01
7.855566092699608483e-01
7.846906141433432902e-01
7.851674292234068764e-01
7.861187530259473588e-01
7.851698393473407478e-01
7.849235414610783446e-01
7.872604254677302293e-01
7.861366041769157764e-01
7.852397475481827094e-01
7.849373475549953350e-01
7.864345536981115492e-01
7.858888509270647305e-01
7.861454289001429396e-01
7.862533123875976582e-01
7.855652526359782062e-01
7.849480907279808850e-01
