1.956151283210479375e-01
1.981666181517994230e-01
1.973496454747532269e-01
1.969994056368522539e-01
1.976099553473251724e-01
1.961300707180343994e-01
1.978694375432153152e-01
1.968770008384333747e-01
1.965615594644872233e-01
1.987083283505872155e-01
1.972260426565089209e-01
1.970950482970105222e-01
1.972475388755023373e-01
1.974399388185879012e-01
1.977460742583750375e-01
1.960626337778322292e-01
1.975181214294439991e-01
1.964715055419735679e-01
1.970328613180041821e-01
1.978256377925831089e-01
1.976304945419795067e-01
1.962717446412712285e-01
1.960804526001579118e-01
1.966183345948741834e-01
1.971948720169717784e-01
1.975121017565515946e-01
1.971871138967824788e-01
1.969166621312500864e-01
1.970430396247673799e-01
1.966367952687113618e-01
1.974022948971960734e-01
1.975481200539502824e-01
1.972003799513482036e-01
1.981854366309698523e-01
1.980066876658835850e-01
1.979092183780181702e-01
1.963870226787554074e-01
1.958247142681850961e-01
1.974238083796110987e-01
1.977476999725627793e-01
1.975559370985030816e-01
1.974176852290272788e-01
1.969662939299058335e-01
1.969790564747133099e-01
1.975504872338998963e-01
1.973061396111042975e-01
1.959534487082676135e-01
1.974377616671031677e-01
1.974230250260922137e-01
1.971223699563797449e-01
1.972505814053485684e-01
1.961465558856727298e-01
1.972493368513451029e-01
1.959709527629204806e-01
1.963142111938996903e-01
1.982752105710449686e-01
1.969902999363266072e-01
1.974516294609033606e-01
1.984086354827911958e-01
1.970063862839723234e-01
1.965952640384178163e-01
1.955635938745319269e-01
1.975252556285283512e-01
1.983665706907554172e-01
1.957392803033422279e-01
1.960637778707212675e-01
1.978122303974643725e-01
1.982009624906789780e-01
1.973484755852201733e-01
1.964255958363687604e-01
1.970424134578524500e-01
1.976709427933866503e-01
1.968657084930148793e-01
1.976333445225703644e-01
1.977259508454040637e-01
1.957104461110692473e-01
1.969199125499029590e-01
1.976773804219166819e-01
1.961349347982208058e-01
1.967005278618795538e-01
1.971471450027518224e-01
1.982477652137222268e-01
1.969169630319199948e-01
1.975985185364035057e-01
1.975442191256867042e-01
1.959683228389152987e-01
1.967289662877326761e-01
1.973200551880235354e-01
1.977966305203887609e-01
1.972673303895173813e-01
1.961075719770265791e-01
1.959335964550256437e-01
1.963149877798157084e-01
1.972010188875638614e-01
1.967492487791053790e-01
1.978400186914665293e-01
1.963540431461285318e-01
1.964642080034676164e-01
1.972264195628230521e-01
1.973407578087550962e-01
