8.551988818943780934e-01
8.561549233845975326e-01
8.572644712986325910e-01
8.560026974921041143e-01
8.560467267138298642e-01
8.547091625149105809e-01
8.556275961651229611e-01
8.559358648722953378e-01
8.565215238647607698e-01
8.548804632994078112e-01
8.555979879647269692e-01
8.555917868136864168e-01
8.558754871051306168e-01
8.554276579231376854e-01
8.550850889715160275e-01
8.556401275169733811e-01
8.553717165031760050e-01
8.541103682442601208e-01
8.546769292116140893e-01
8.555251627912926482e-01
8.551087179432179664e-01
8.549796279075101424e-01
8.548854456017624948e-01
8.552093653491767977e-01
8.550050349243916159e-01
8.555127120747723080e-01
8.553749318390958534e-01
8.554426744688298223e-01
8.547747122271651676e-01
8.566311694254157283e-01
8.552383419425579891e-01
8.553346936313422910e-01
8.552533985212171785e-01
8.557405572427406737e-01
8.564654080296486560e-01
8.546015703420868359e-01
8.552658826754210297e-01
8.559825110467340625e-01
8.558755043324066669e-01
8.558296740450002105e-01
8.553583656196865892e-01
8.554369814846700670e-01
8.562358744354814366e-01
8.563048654907761126e-01
8.567664759143165387e-01
8.562701234290009955e-01
8.557523702749381123e-01
8.549977090477883790e-01
8.555750493112685984e-01
8.556540099928515719e-01
8.555073606720063895e-01
8.561587630743088262e-01
8.563661977601743081e-01
8.550590118308496468e-01
8.558208754784684125e-01
8.562797404293684966e-01
8.557369642458451109e-01
8.551085733017737001e-01
8.559864141520331371e-01
8.554656743417001774e-01
8.569187330666881985e-01
8.562769688986350269e-01
8.557586007041406706e-01
8.548066320157627906e-01
8.562463643912976430e-01
8.557474702643924624e-01
8.556680370801016400e-01
8.549575892810151734e-01
8.547475590987496652e-01
8.560191070716436368e-01
8.555043249675657879e-01
8.556341828848648134e-01
8.545643003649799896e-01
8.553043045564520108e-01
8.545906400491897204e-01
8.565076485684076646e-01
8.558957926649766179e-01
8.558915916060341189e-01
8.567259044389827771e-01
8.552365412746238960e-01
8.554438123219578749e-01
8.560657866945173833e-01
8.556288662700662906e-01
8.558474290400281959e-01
8.548180584973203988e-01
8.553517652714039965e-01
8.557231336877035854e-01
8.557658238751989499e-01
8.558490476783813250e-01
8.555851859054381947e-01
8.553066911928417504e-01
8.551885152519118627e-01
8.559447210281800889e-01
8.550558213375096805e-01
8.564253340452526730e-01
8.548056514535957717e-01
8.560061813813027998e-01
8.565741578961527658e-01
8.566611623478492810e-01
8.556409519650913786e-01
