3.348073884378098830e-01
3.368149393283850768e-01
3.383763596173933741e-01
3.367003118183026222e-01
3.361333262175157377e-01
3.361011666379519758e-01
3.369624915909520402e-01
3.375687398084889490e-01
3.363715738614294626e-01
3.374452384449062037e-01
3.370455596563962652e-01
3.363996011087152516e-01
3.362413264325906370e-01
3.362178987485773263e-01
3.352060318880621947e-01
3.361267506519576842e-01
3.349086436419364543e-01
3.360118738917957093e-01
3.367622891728971335e-01
3.356086918891281190e-01
3.368145455525298204e-01
3.363387476735679726e-01
3.362155788069265405e-01
3.371760720960956248e-01
3.374519316071925568e-01
3.362994720551392147e-01
3.358456557257140096e-01
3.359965089843791608e-01
3.372898296157673115e-01
3.361325190916585326e-01
3.374183539111957897e-01
3.365116094101272548e-01
3.373512456505155521e-01
3.366465919946695085e-01
3.365111582976934024e-01
3.356375444496970673e-01
3.361918269755551636e-01
3.366448133395407716e-01
3.372644869143349156e-01
3.370323643536166092e-01
3.364392524001265650e-01
3.363044664563110686e-01
3.373787275577561640e-01
3.369612088802526051e-01
3.364439725889724064e-01
3.360594387415733464e-01
3.363196425676593937e-01
3.356190146239488303e-01
3.359795178141017358e-01
3.354361511674484042e-01
3.351317538584195344e-01
3.361762126385208771e-01
3.369109611937707305e-01
3.365257579371699892e-01
3.366937069727666265e-01
3.353464587995811375e-01
3.364668969494206130e-01
3.369071415461637464e-01
3.375113107018938297e-01
3.354669353263465270e-01
3.368500638399508640e-01
3.356837189503878438e-01
3.363323018014053312e-01
3.361712939847616433e-01
3.347987301298514518e-01
3.359587487849716170e-01
3.376238617049630020e-01
3.367375800750407322e-01
3.364868974394197854e-01
3.361535369861602396e-01
3.360970418246900238e-01
3.359039208626062312e-01
3.373260702787264642e-01
3.363014384726623618e-01
3.369591276439057870e-01
3.375437551003613867e-01
3.364797853072308831e-01
3.359796974130435654e-01
3.372177630710371243e-01
3.358975747835468706e-01
3.365377322808019156e-01
3.367077305656467345e-01
3.361957872486408538e-01
3.354102191163505498e-01
3.367528207583158628e-01
3.350163780937288061e-01
3.369993610992484956e-01
3.356606757392187612e-01
3.365621043679595803e-01
3.373286497060511979e-01
3.355119951303304759e-01
3.364495320806600853e-01
3.365848634583988863e-01
3.355239392824384548e-01
3.367402623133347594e-01
3.364849529579143628e-01
3.357395969615996623e-01
3.365728014157426395e-01
3.368136855760416326e-01
3.365943338953694131e-01
