4.329873123603482643e-01
4.342988945542266555e-01
4.358201680999000960e-01
4.342654001033712241e-01
4.338820572854877877e-01
4.350377736070633050e-01
4.345150517605942397e-01
4.338769820029365620e-01
4.338388644687066753e-01
4.344615092505906273e-01
4.345014555463155848e-01
4.350754416961547522e-01
4.340522230591652986e-01
4.338217084158196846e-01
4.343052323295915063e-01
4.346655269092238871e-01
4.350392114657968268e-01
4.355047590986152461e-01
4.347926613202783841e-01
4.347996144197587842e-01
4.341750821017762441e-01
4.348537289407186091e-01
4.347851562331165320e-01
4.350133930352126921e-01
4.334840336542943318e-01
4.340816866800889517e-01
4.344063052956830262e-01
4.350274339295048254e-01
4.345761786437223329e-01
4.354221326189697816e-01
4.338379000854152290e-01
4.349829420324088369e-01
4.339381772284975347e-01
4.342969239154670369e-01
4.345746901627291492e-01
4.336099269544302359e-01
4.348897487573577525e-01
4.342907359951194701e-01
4.335610932645783122e-01
4.343575021556956850e-01
4.342288301293663610e-01
4.338091791234455208e-01
4.343170691348797186e-01
4.346965495878764019e-01
4.350884036140312827e-01
4.346885725493233599e-01
4.355821122574748960e-01
4.352015443447811438e-01
4.346175890010793852e-01
4.345798550268932248e-01
4.337050711757306498e-01
4.341594593718326456e-01
4.345979105602120196e-01
4.342220501976550850e-01
4.348078662862534527e-01
4.349157698385472948e-01
4.344794339448994624e-01
4.327101462447459079e-01
4.350789854571470716e-01
4.348455600783927011e-01
4.343484913589265028e-01
4.339485502032791597e-01
4.335421054243304706e-01
4.339231080907204330e-01
4.354967876491163681e-01
4.346926981974938986e-01
4.341700944976359944e-01
4.336598089630047115e-01
4.336605275002891058e-01
4.350857392465415918e-01
4.348318242325314165e-01
4.337763411308320771e-01
4.350155695481650042e-01
4.344022102405312724e-01
4.343160822454135706e-01
4.341298155585652241e-01
4.356461829193720714e-01
4.337363315527452690e-01
4.349064411927949236e-01
4.343543037000721085e-01
4.358736728746650524e-01
4.355635786754834538e-01
4.339465123992777285e-01
4.349860455973931228e-01
4.335511485243269680e-01
4.345237266613594107e-01
4.346066817370906610e-01
4.341072522310387427e-01
4.345243952210170457e-01
4.346695538095787792e-01
4.345300724982561480e-01
4.348636413977162163e-01
4.351097912761798803e-01
4.349929394550067774e-01
4.350422010907449288e-01
4.343572020909092779e-01
4.341654901424676360e-01
4.342854969367231366e-01
4.348393268172912052e-01
4.355441092620764287e-01
