9.649410709527619368e-01
9.668512479590051223e-01
9.668415109137624697e-01
9.669557812385889406e-01
9.667363541280473704e-01
9.671089086017399250e-01
9.666371933989106324e-01
9.675256023456703103e-01
9.674073684320927402e-01
9.669385025358834262e-01
9.662805510220827676e-01
9.664881737585419019e-01
9.675863690016066609e-01
9.663095342843763813e-01
9.679373359852548875e-01
9.669593358123663718e-01
9.663839332938741755e-01
9.673545249251924716e-01
9.668032086349712673e-01
9.669722931237945129e-01
9.669381966356291880e-01
9.675161949144384099e-01
9.657630088770315924e-01
9.667101087384253333e-01
9.665097938999043237e-01
9.671254608977787326e-01
9.664449480814971682e-01
9.659127363011210665e-01
9.666689021480255883e-01
9.664778447106159298e-01
9.666414550216904100e-01
9.663500595347432887e-01
9.672650724559297419e-01
9.669162590561308779e-01
9.667285858477923099e-01
9.670362951385229611e-01
9.670209991553286866e-01
9.668373227922228974e-01
9.675684557515449313e-01
9.669081487549111564e-01
9.664456409223902700e-01
9.672752638015998938e-01
9.676137682042176280e-01
9.661242054819036973e-01
9.672562113128114758e-01
9.671922671816185479e-01
9.676408512436991405e-01
9.678085488932235414e-01
9.667030575295360029e-01
9.672299985466445982e-01
9.670470397306414334e-01
9.674656985989079638e-01
9.665344564422272411e-01
9.666891372705166408e-01
9.671426395584846736e-01
9.660655355759979468e-01
9.670924525604646105e-01
9.683439151228754316e-01
9.665316409400257491e-01
9.653358229669966040e-01
9.663302032249921902e-01
9.685003360193138455e-01
9.679004923554530571e-01
9.673662889613678928e-01
9.672748402866216955e-01
9.657918896786510388e-01
9.662829461086148708e-01
9.683627359411444147e-01
9.663917802623316344e-01
9.670127374013426369e-01
9.662172628313706602e-01
9.663568620448463875e-01
9.666419838254142194e-01
9.664355056356300766e-01
9.667936318219797487e-01
9.657124681133102406e-01
9.663547993634393762e-01
9.674923798544230458e-01
9.665952275657969661e-01
9.689995778155657824e-01
9.676644203822128976e-01
9.657617008960037719e-01
9.683287416685186777e-01
9.666025566008030756e-01
9.686487810399220244e-01
9.672619288301705920e-01
9.672333300932101086e-01
9.672745389593588872e-01
9.669617585790513115e-01
9.665358632362942570e-01
9.669385402785166672e-01
9.669222269204036380e-01
9.675767786169591211e-01
9.667271510436385995e-01
9.672455553232044423e-01
9.665725210572154724e-01
9.660811391565889972e-01
9.667604216243801396e-01
9.663512650943825166e-01
9.664430318582641899e-01
