2.197110065787433730e-01
2.205812397721587104e-01
2.215023548126817399e-01
2.204442604687480989e-01
2.197982952306766213e-01
2.218199343466452089e-01
2.204517790841886982e-01
2.205154788792432208e-01
2.207501475988150885e-01
2.210181484528198070e-01
2.204294874245379399e-01
2.217239808887812025e-01
2.218330584502562208e-01
2.211104079054673210e-01
2.207289491110837887e-01
2.217742367894865174e-01
2.208717885390337754e-01
2.210538719253403728e-01
2.210405752154026016e-01
2.215264340676752486e-01
2.216624667813584248e-01
2.216477689756354841e-01
2.195402041620797273e-01
2.220853289665215557e-01
2.207160949106094228e-01
2.208730832773962982e-01
2.209932938884260345e-01
2.213668857275872537e-01
2.203853468513138625e-01
2.207011518416122087e-01
2.217920535896495404e-01
2.217128280092228731e-01
2.210649782805816921e-01
2.222052169251235720e-01
2.204780997530707276e-01
2.218992204512273969e-01
2.218839100106829443e-01
2.207033047205090304e-01
2.214692218827870596e-01
2.218489955669711300e-01
2.219523730536863970e-01
2.206082231581017183e-01
2.207155684730331413e-01
2.220980276362234940e-01
2.218747705568033524e-01
2.203130117649613751e-01
2.210921432447170432e-01
2.210300171936985802e-01
2.202309549116749365e-01
2.208343839250743457e-01
2.220383566675482312e-01
2.213517002700181036e-01
2.221417600974089912e-01
2.212707622110448025e-01
2.214208077241522077e-01
2.211646425261622750e-01
2.200036740493566678e-01
2.219600642375368083e-01
2.225441736708448359e-01
2.211317433279065825e-01
2.215533599376836860e-01
2.215249787554723349e-01
2.202856744035249503e-01
2.213051971527631723e-01
2.222436978987386569e-01
2.200828659481784966e-01
2.211626394778137827e-01
2.213109941074242193e-01
2.201687681894098914e-01
2.212743698278404891e-01
2.217238194071616819e-01
2.218666086856005415e-01
2.206282413379122009e-01
2.205529610345041136e-01
2.208707937566560253e-01
2.220141410040071261e-01
2.214127131648079283e-01
2.214786031305666647e-01
2.215695121084382824e-01
2.218924554756306622e-01
2.216063722370150701e-01
2.206439094543760915e-01
2.216350662045319386e-01
2.205164879846682746e-01
2.197971798090593287e-01
2.200209744384897803e-01
2.205746881878089538e-01
2.213864698866881975e-01
2.221424939247510499e-01
2.212102174362573503e-01
2.221299297226960734e-01
2.212228639477625824e-01
2.206394255955478334e-01
2.219868365939804133e-01
2.215914610887192993e-01
2.211624780372653254e-01
2.210495181462295289e-01
2.218433923368062777e-01
2.211361049554497471e-01
2.217990399390747380e-01
