4.510926217797200377e-01
4.524890722924083120e-01
4.514327531211662636e-01
4.512682841889142926e-01
4.512941154208880423e-01
4.512011248481850867e-01
4.512422976149733644e-01
4.508859036032440981e-01
4.522847902392698183e-01
4.513003435869870628e-01
4.517600880572024691e-01
4.521139967158914752e-01
4.510357209721864713e-01
4.512815401141908600e-01
4.502371085152273023e-01
4.514910176289330113e-01
4.506194817518781592e-01
4.521068877040901879e-01
4.511803199663676489e-01
4.507639877719711308e-01
4.511682328663320085e-01
4.523801726628876030e-01
4.510230797991018337e-01
4.520939697400265800e-01
4.517318569341581824e-01
4.520445293398617781e-01
4.511113286219780028e-01
4.496289930061597717e-01
4.516563251993494510e-01
4.509487516327012058e-01
4.521132366525514312e-01
4.513245111152046629e-01
4.523730359344477758e-01
4.525123948578223532e-01
4.523544246903254962e-01
4.517094618787687033e-01
4.511796655773969711e-01
4.514378639143635796e-01
4.509219632885392848e-01
4.524410864956137646e-01
4.518274301489762501e-01
4.509287457705765112e-01
4.522440409920465143e-01
4.518854506469202059e-01
4.519411899729144366e-01
4.513953241343944267e-01
4.518476575652080607e-01
4.517953575427597346e-01
4.513450268780490049e-01
4.521068437999710143e-01
4.504146808419344783e-01
4.514373282642448748e-01
4.516515039852570523e-01
4.516130540295710261e-01
4.513024019794681374e-01
4.509153525772985338e-01
4.500141863571976431e-01
4.513316715327279072e-01
4.517196353511462870e-01
4.514132157504411325e-01
4.506992065642825285e-01
4.519486682746766681e-01
4.516311627334540502e-01
4.513080048922593068e-01
4.510777625489008624e-01
4.517697683756523586e-01
4.514608918056383646e-01
4.509537429557506361e-01
4.518614258920522486e-01
4.517832517747455423e-01
4.529312041160543645e-01
4.517644905478720441e-01
4.508952160536331411e-01
4.526688514144924791e-01
4.505215873269070581e-01
4.516913024900491291e-01
4.517251824758102829e-01
4.514687074249392196e-01
4.514923242049296848e-01
4.523388039643882474e-01
4.514681695715105914e-01
4.514746044368397326e-01
4.517600390696338564e-01
4.517712144637341387e-01
4.524186857543011087e-01
4.516416884373897211e-01
4.522056385459584660e-01
4.511787217044828102e-01
4.514504103457244177e-01
4.505679745771032918e-01
4.526503351988327428e-01
4.521566378185448154e-01
4.517002855256582183e-01
4.505305654022903061e-01
4.518458206312148118e-01
4.517342642057599056e-01
4.515742237958418337e-01
4.518011412317441411e-01
4.502754857063073768e-01
4.521296541587834228e-01
