1.401020113427799418e-01
1.403596422709263714e-01
1.399102484554840820e-01
1.396938479088800089e-01
1.400597024248406985e-01
1.398735491984609558e-01
1.402912748737581428e-01
1.399083675614278266e-01
1.393110819058775152e-01
1.400743230273921169e-01
1.406218849222025391e-01
1.392478435354847222e-01
1.393643179248686970e-01
1.408663040377884923e-01
1.414252746635175639e-01
1.397239633676730097e-01
1.392121839612440459e-01
1.403243696563392096e-01
1.410825668535892474e-01
1.395138774753177935e-01
1.397262287144505344e-01
1.408788794273086731e-01
1.405919495493051508e-01
1.402876989947066666e-01
1.402143313186255402e-01
1.402049036515451153e-01
1.405254670103449344e-01
1.402124732022667630e-01
1.408311936275211673e-01
1.408687128261180976e-01
1.408767058866941813e-01
1.391739752093033577e-01
1.392198604585047628e-01
1.398635498999337701e-01
1.402139704918665686e-01
1.403320438661123104e-01
1.403323180858211949e-01
1.399058814784571447e-01
1.406523185633750950e-01
1.398271258069871958e-01
1.404654570696641791e-01
1.399568952446511860e-01
1.415757647703942412e-01
1.409987588260530611e-01
1.401302560990323465e-01
1.405936991536355929e-01
1.391902703189996926e-01
1.395319126676836108e-01
1.400259176728005373e-01
1.400662868574706343e-01
1.392714525395356839e-01
1.416418199667638933e-01
1.397424128072776162e-01
1.402389382002838247e-01
1.395837140951940447e-01
1.397474511624706150e-01
1.387709801947709654e-01
1.403013610552750756e-01
1.392511004258039919e-01
1.403006104537843357e-01
1.400969315743381960e-01
1.389970448154330129e-01
1.409668438839492000e-01
1.399287060333995192e-01
1.396359882574055855e-01
1.384490991368337587e-01
1.404230853249769095e-01
1.410110628907895181e-01
1.405365649323626343e-01
1.404795596546766223e-01
1.407224042386291396e-01
1.405229808409398651e-01
1.408851203056980528e-01
1.398621267651047051e-01
1.404712961467935450e-01
1.395228252839287864e-01
1.402833314460324166e-01
1.388413538616564691e-01
1.412747805245973542e-01
1.389890115579251739e-01
1.398301947320322314e-01
1.399554463165616769e-01
1.395035703013947637e-01
1.401119176199511762e-01
1.401517272237051692e-01
1.393153729972369248e-01
1.407175391895920669e-01
1.402459758908190524e-01
1.397045568585534858e-01
1.393709784560340226e-01
1.401845615220995711e-01
1.394708717467900150e-01
1.389142681872398422e-01
1.393903797493187824e-01
1.399179702415752347e-01
1.406736086541471864e-01
1.408864313326269602e-01
1.398595904762486852e-01
1.399039494986002719e-01
1.403575401098342557e-01
