5.297861163906385507e-01
5.319619973898187526e-01
5.319773724192694564e-01
5.314317509983110810e-01
5.324327732809197578e-01
5.306031210291219935e-01
5.328961828575655701e-01
5.312468078074938926e-01
5.317035326270800333e-01
5.317182745540018907e-01
5.311954647480375824e-01
5.321653444218188422e-01
5.312128317950155498e-01
5.310890066292440759e-01
5.323807070772418326e-01
5.322174875913512349e-01
5.308800918709146721e-01
5.320457726289362643e-01
5.321150651312054336e-01
5.322116655617095127e-01
5.304918887195499977e-01
5.314281745314781702e-01
5.322482247014915790e-01
5.316775549427140701e-01
5.316535731127398634e-01
5.312807168503770328e-01
5.327404559973152320e-01
5.324190385278890769e-01
5.321539764555769381e-01
5.316435576373422789e-01
5.321578912432376463e-01
5.319932174934776103e-01
5.309048315068095603e-01
5.324878503200958235e-01
5.321751198038106034e-01
5.317594211248852787e-01
5.311810802738724524e-01
5.313073269133065102e-01
5.314045407914902430e-01
5.316645270647717414e-01
5.322605867117351508e-01
5.312918939354118741e-01
5.313034593730432409e-01
5.324539353167347944e-01
5.311407685652422828e-01
5.316597535509928196e-01
5.323643340077492958e-01
5.302078522552289286e-01
5.313239387484059995e-01
5.322501395692773585e-01
5.319738701339079556e-01
5.313640145228568645e-01
5.324885794152538487e-01
5.308101714779138725e-01
5.320999755099862227e-01
5.313182405595459068e-01
5.312866707411545431e-01
5.312513513964376433e-01
5.317224975752762317e-01
5.305009373444693477e-01
5.318160204493485033e-01
5.316915250595171116e-01
5.313732222723134280e-01
5.312952537159276734e-01
5.325630574866067057e-01
5.317896420896937038e-01
5.321186372820595478e-01
5.318726650566409919e-01
5.323444563438750610e-01
5.320580131071214192e-01
5.307086662351712114e-01
5.319066132273371217e-01
5.312122750965181384e-01
5.312767293136428925e-01
5.316281359537977647e-01
5.327341554803020074e-01
5.321500711815050355e-01
5.314852754120094058e-01
5.319765302662565754e-01
5.316110419803230513e-01
5.309227980383968148e-01
5.321295438481846718e-01
5.324835911492861173e-01
5.315526367212146663e-01
5.321328495028376793e-01
5.320624298498337623e-01
5.319375415544462804e-01
5.310309325943359804e-01
5.327432353345613603e-01
5.325108606402010336e-01
5.310348948434777672e-01
5.320468319394162648e-01
5.321194304660138430e-01
5.316965861775309055e-01
5.319278937756117820e-01
5.318879507644713733e-01
5.327789657703325688e-01
5.317505077856460316e-01
5.317881444500429655e-01
5.314270258247305589e-01
