9.762770555413686768e-01
9.769304460584125049e-01
9.778981187998049274e-01
9.776694787491064798e-01
9.780725828090386376e-01
9.784102965310241817e-01
9.773371546694229473e-01
9.773325098742952077e-01
9.783819496935803883e-01
9.779245876060582709e-01
9.778744564608662371e-01
9.788174597449912362e-01
9.778539346045012071e-01
9.760887758801528591e-01
9.777886584210122578e-01
9.768914012602881725e-01
9.774526624752324366e-01
9.781610002561187400e-01
9.776740544959962032e-01
9.775602266813749885e-01
9.778006097158452592e-01
9.783355434487648328e-01
9.763601325832838018e-01
9.786132854015356930e-01
9.766456988214928803e-01
9.773475912276405886e-01
9.767996351512513442e-01
9.777917627432713976e-01
9.770468813441209877e-01
9.773557443705507275e-01
9.770560259422741423e-01
9.775531934636887410e-01
9.779963939023754715e-01
9.783615883745746533e-01
9.782765150154667522e-01
9.784895201664813857e-01
9.783971158391078227e-01
9.765563494143307821e-01
9.773070835749082530e-01
9.774322194480445924e-01
9.782595320477678325e-01
9.773883531085701959e-01
9.794811570983582572e-01
9.780135757137370378e-01
9.780371184632347115e-01
9.781110963830199623e-01
9.780285098884630157e-01
9.769506334590917218e-01
9.767225853800832747e-01
9.770476001145728118e-01
9.769365722769246529e-01
9.778765460122662567e-01
9.780265796341636175e-01
9.763637214208047421e-01
9.774471727749917127e-01
9.785700547458393572e-01
9.782591845697776733e-01
9.772927825081572095e-01
9.772750454210363813e-01
9.769170266270141845e-01
9.768361959469058498e-01
9.773971927139351035e-01
9.770316645709700154e-01
9.777946018331642453e-01
9.768927269564211535e-01
9.774526335080210293e-01
9.768094025049325335e-01
9.779706348896042289e-01
9.781639190560190711e-01
9.767646722573430917e-01
9.777700584588033816e-01
9.780691593371856341e-01
9.772440552904687605e-01
9.776573248569853103e-01
9.775974480231645058e-01
9.778602286606039584e-01
9.777800839802266442e-01
9.777727731549350487e-01
9.776803591903879820e-01
9.763679849088251483e-01
9.765972080526066357e-01
9.773601045940840670e-01
9.775677211362898689e-01
9.768690432634381526e-01
9.773201009154561802e-01
9.777733132046464437e-01
9.783791475848806485e-01
9.778668622159950585e-01
9.777945698325043455e-01
9.773633063850718505e-01
9.781738626630321898e-01
9.777100442422109738e-01
9.775599250960935738e-01
9.772530757297270831e-01
9.783815684490561049e-01
9.784652732175547207e-01
9.782323321959195406e-01
9.781359143674710488e-01
9.761660807980703236e-01
9.776640184800914346e-01
