8.715291729367458107e-01
8.723169753237729473e-01
8.736328338603681631e-01
8.737057796475475868e-01
8.734985057658164465e-01
8.735318490004695402e-01
8.726890616459668237e-01
8.732789649392017628e-01
8.725563228815271799e-01
8.728003049329070562e-01
8.730693234358715138e-01
8.726607023893883097e-01
8.721015873901025728e-01
8.730990829289555499e-01
8.719833198770240434e-01
8.723454629749587408e-01
8.731392128613342241e-01
8.731707600672837799e-01
8.720709383401112902e-01
8.728946093814677898e-01
8.717763084266245688e-01
8.729932698355487020e-01
8.724895501433618250e-01
8.719755079923730001e-01
8.735801034383327002e-01
8.726815061680913699e-01
8.727222305872222030e-01
8.734652804960000294e-01
8.721263049873630990e-01
8.728488225555000035e-01
8.725313419597147124e-01
8.722035512851018524e-01
8.717653914037961638e-01
8.732062899512801346e-01
8.713694259802727826e-01
8.729890065880593353e-01
8.729043181249979133e-01
8.736652770086911213e-01
8.722944155148353307e-01
8.724139790539087169e-01
8.730827725836418640e-01
8.722003795674306836e-01
8.733597571038320684e-01
8.733679764323590833e-01
8.724837027610804485e-01
8.714667076873368057e-01
8.729556178307678049e-01
8.725086830918142855e-01
8.723153594622636842e-01
8.723281600313799178e-01
8.721667173356754121e-01
8.741468922019997034e-01
8.733196782331453800e-01
8.740541112412151259e-01
8.740010975389673753e-01
8.724982196242608845e-01
8.729335585300252998e-01
8.723389894461024419e-01
8.726238294477572932e-01
8.733697091240000265e-01
8.722318596123866952e-01
8.735681493218057092e-01
8.716714137255550110e-01
8.730602921213952428e-01
8.729254543775302189e-01
8.733711707998442764e-01
8.728960730762402864e-01
8.732169543993100191e-01
8.732937488405698723e-01
8.724601734323127467e-01
8.725622565771919970e-01
8.730897580886609610e-01
8.718389465970537433e-01
8.720329180361292565e-01
8.726051022671776902e-01
8.733760853818313130e-01
8.720807510610208979e-01
8.726994796339058169e-01
8.726599657281358668e-01
8.728079415798331020e-01
8.732927434255445265e-01
8.735605502152934410e-01
8.728076446608232786e-01
8.731552434460356782e-01
8.741880333502183298e-01
8.726673495296943805e-01
8.716933617307756066e-01
8.722741413137022892e-01
8.731528484802932866e-01
8.722800693133039296e-01
8.729471945309993375e-01
8.725007157623910770e-01
8.731593456351351978e-01
8.725085745951466354e-01
8.737704585619650022e-01
8.730375260830545159e-01
8.736481730207419361e-01
8.733918194024800075e-01
8.727702501936633883e-01
8.725259285638258255e-01
