9.027701938758945222e-01
9.041074198089225078e-01
9.051479359915448608e-01
9.040682348919815148e-01
9.054484271206384438e-01
9.059854989122907432e-01
9.040605488279742641e-01
9.053798316963788118e-01
9.056781808217047036e-01
9.052916684668814717e-01
9.050623666227388675e-01
9.044386453680269833e-01
9.059548146407403468e-01
9.044894500682796323e-01
9.037044812270836891e-01
9.047974729608757594e-01
9.040476293721622092e-01
9.050706493268427799e-01
9.045777089860972398e-01
9.053182642819348480e-01
9.056292101381113735e-01
9.056413447105462478e-01
9.053042494567593579e-01
9.055576142097547798e-01
9.056778007981788337e-01
9.039906779419357719e-01
9.060165004822506862e-01
9.043833526865002748e-01
9.054428198243837933e-01
9.036447141115847570e-01
9.055800634877032573e-01
9.050658505126609743e-01
9.047990438784162537e-01
9.035287493084370736e-01
9.045568561977144206e-01
9.044263800655012453e-01
9.061761108936966513e-01
9.053119777238388677e-01
9.050817919567589742e-01
9.056203395178041848e-01
9.046668125881196509e-01
9.048925731335402123e-01
9.045302604605663932e-01
9.039676155202394092e-01
9.047277698586945194e-01
9.052896737753988177e-01
9.051572697115646271e-01
9.049910723882512720e-01
9.045924744268163398e-01
9.030203234641527299e-01
9.046894486763144005e-01
9.043255417153647224e-01
9.048453132157828760e-01
9.056822926101901761e-01
9.053264127225405522e-01
9.035128503265563715e-01
9.050648716750975264e-01
9.050798235815160631e-01
9.060638409319121678e-01
9.064976483362130466e-01
9.045772136645892081e-01
9.037879511827130452e-01
9.047020339658766730e-01
9.048639213222122724e-01
9.051334180866238421e-01
9.050392128970549122e-01
9.041067579232496820e-01
9.047006607941483480e-01
9.057639783674846790e-01
9.054136681570296163e-01
9.056313886927530588e-01
9.050097936371617191e-01
9.051862696148618159e-01
9.042836851917435137e-01
9.038179452571446504e-01
9.044587970259061471e-01
9.043497082315747893e-01
9.054049361779137328e-01
9.057750474410624086e-01
9.040460730255088784e-01
9.060245146610732547e-01
9.048987431548254357e-01
9.036581554184101028e-01
9.038181068651055527e-01
9.046098460923717166e-01
9.045474764915880650e-01
9.036275849593756737e-01
9.049943739860433212e-01
9.052234248579034137e-01
9.056048104736269533e-01
9.056025078198521872e-01
9.047367446580487638e-01
9.056734933417608380e-01
9.059215570307483922e-01
9.051519229453246496e-01
9.050701315303188998e-01
9.052654093545268177e-01
9.053035794728556684e-01
9.047679370414662969e-01
9.057594953431966633e-01
