2.661185493870698582e-01
2.660198956245079516e-01
2.657540719081540326e-01
2.660166972890364856e-01
2.653721354455768067e-01
2.673410004807541540e-01
2.661749829449816529e-01
2.668096087457424992e-01
2.653720066613388662e-01
2.662069209951668514e-01
2.662112584755871869e-01
2.658024626704502125e-01
2.675758473332588983e-01
2.673940585410471416e-01
2.665996354626635756e-01
2.667654850105110609e-01
2.668353162478274698e-01
2.660809928394087254e-01
2.669358880087197017e-01
2.664825849566296312e-01
2.669940553483973744e-01
2.662682028460530703e-01
2.655891669758658757e-01
2.670576605817723825e-01
2.668736052883640131e-01
2.655982967130293693e-01
2.665767789146619160e-01
2.657432093704397702e-01
2.650026987041882442e-01
2.658488561405732975e-01
2.657445107714921928e-01
2.660330806472682719e-01
2.672771411340596481e-01
2.662415117430855238e-01
2.669600922501758622e-01
2.663961361643664150e-01
2.671521857646918519e-01
2.663702217269059980e-01
2.666754554728661408e-01
2.671220589003583390e-01
2.664097831394071081e-01
2.668239956200431084e-01
2.654335880648985846e-01
2.674376747065995152e-01
2.661236612355889486e-01
2.662452328706462201e-01
2.677305799057764779e-01
2.656811034765530488e-01
2.655630374185308229e-01
2.652690108999106733e-01
2.670997923946252794e-01
2.660688264274180259e-01
2.653897746086638643e-01
2.656028819487607495e-01
2.664529669368803089e-01
2.657419888820521381e-01
2.665520670028597161e-01
2.659991045231119289e-01
2.656088462175930087e-01
2.678481943323294256e-01
2.666117095642486223e-01
2.655962693137006725e-01
2.662162866248211079e-01
2.660395067214925691e-01
2.661448419921478292e-01
2.674542512828055330e-01
2.665840446852704715e-01
2.657116895758673270e-01
2.664653704992882566e-01
2.668356981412679518e-01
2.645725152886430065e-01
2.662119068814387535e-01
2.666262091949412882e-01
2.664735415731670498e-01
2.676922805780830306e-01
2.666745965519317640e-01
2.659751243197763793e-01
2.669465233214965982e-01
2.663175651225789808e-01
2.669707713630524171e-01
2.667686590481773701e-01
2.668655984433518369e-01
2.662052349275115803e-01
2.674201774083442285e-01
2.651386730470950415e-01
2.677293279661120962e-01
2.653793451013474192e-01
2.658413681716802479e-01
2.663766004873888149e-01
2.672085559952055989e-01
2.665445483309898389e-01
2.668365952848141265e-01
2.665792854780810739e-01
2.662214141386508581e-01
2.657777799199897428e-01
2.667069259439252549e-01
2.660769943592204423e-01
2.668985303250006602e-01
2.666404177481334070e-01
2.671955719323593770e-01
