4.928948218878283910e-02
5.089387476746869143e-02
5.052670488222277961e-02
5.149735489017883555e-02
5.015970831883265896e-02
5.118612999685790560e-02
5.175781881215434088e-02
5.030388663244654557e-02
5.095974077944662173e-02
5.137611059897079224e-02
5.270842388357695196e-02
5.139806938021866667e-02
5.159758383136111431e-02
5.120979535048629516e-02
5.129577174566381931e-02
5.099194676672805238e-02
5.144581423447515400e-02
5.203362585950844360e-02
5.030315414381186095e-02
5.137394005744065628e-02
5.166801861324465950e-02
5.121943691687843442e-02
5.152625465655967518e-02
5.172190183265003294e-02
5.170465621255600219e-02
5.062464201881905490e-02
5.127174570374760931e-02
5.055751127611157747e-02
5.082239570975111143e-02
5.150376668939382618e-02
5.077563563235111543e-02
5.053715109763810831e-02
5.101751489158343200e-02
5.121155106898660214e-02
5.131354802374821222e-02
5.149540669744112620e-02
5.158272442639016270e-02
5.103628579011362798e-02
5.186444357925168447e-02
5.015875712160553640e-02
5.058220752125279496e-02
5.163671400058799515e-02
5.065512293816498701e-02
5.042589112102746629e-02
5.113043099170574979e-02
5.224495224628154799e-02
5.120684887874894092e-02
5.155471202789223967e-02
5.252123522004546741e-02
5.096296489606100266e-02
5.119620275745628141e-02
5.120353851998481198e-02
5.044035776085567524e-02
5.158046840473581862e-02
5.103833087298478843e-02
5.180730965403431559e-02
5.197795467237253247e-02
5.074962061622025067e-02
5.169230740763393339e-02
4.996740428356159780e-02
5.081769331783561605e-02
5.201122851468394093e-02
5.054346431553073671e-02
5.095710009547572972e-02
5.166896417855983137e-02
5.090805820895479700e-02
5.088161901368332130e-02
5.145103361660611357e-02
4.974580828408023403e-02
5.106674102841228524e-02
5.123775352349586865e-02
5.115208077817987031e-02
5.174383110138332936e-02
5.074607889103519009e-02
5.189963900449038464e-02
5.123226862080802746e-02
5.092863640285445054e-02
5.177685613569799061e-02
5.112778146660272582e-02
5.127719205269132968e-02
5.216539553679433450e-02
5.162226860699913739e-02
5.123172909671696446e-02
5.181295391492776042e-02
5.146841783753913768e-02
5.154171313714121794e-02
5.059416886351977838e-02
5.108818919593320629e-02
5.154982030971497903e-02
5.171789668559763353e-02
5.032360027026040739e-02
5.085154310992805182e-02
5.156545076977635256e-02
5.040525107879964550e-02
5.108326593953377293e-02
5.121195428792202353e-02
5.124861711525969393e-02
5.116847559272728191e-02
5.007372681962053013e-02
5.118860691347169867e-02
