7.403658801814598789e-01
7.412396868005206585e-01
7.407604479213849569e-01
7.402305593403490924e-01
7.415903766176026313e-01
7.408950444068973518e-01
7.399091522670587784e-01
7.408782644376815663e-01
7.404264632888859499e-01
7.403083276023258996e-01
7.397458081569281418e-01
7.404073904072534518e-01
7.409042273334194295e-01
7.397761423033498707e-01
7.406578412486022334e-01
7.401134594606345596e-01
7.403876355849193791e-01
7.411618471969361188e-01
7.405715454614618665e-01
7.400953394904424831e-01
7.403282164353657269e-01
7.409774042181294096e-01
7.411425543280383277e-01
7.406247614552814440e-01
7.403820892129073794e-01
7.413693885441923204e-01
7.411306484654822668e-01
7.397565286192946399e-01
7.404725745900574418e-01
7.404615537267615899e-01
7.408770432765450220e-01
7.398974550181045551e-01
7.405599303597314442e-01
7.407045586517628788e-01
7.398440420980717525e-01
7.406775698660109652e-01
7.406504228747683438e-01
7.408200868265478745e-01
7.406332834405209287e-01
7.418167479928466923e-01
7.406273351037363506e-01
7.404093881094209184e-01
7.405780479852231979e-01
7.407550532118976072e-01
7.405859593767627480e-01
7.395554117278827500e-01
7.396561998489652456e-01
7.395726232532404687e-01
7.399622221531902966e-01
7.407347846113472301e-01
7.407358529810346148e-01
7.401862638180951581e-01
7.409312465388218083e-01
7.398341251019668885e-01
7.409364900380773777e-01
7.397473138369181633e-01
7.412803331129723672e-01
7.407602920868034957e-01
7.408981716616506175e-01
7.395600049021806566e-01
7.426060813960818630e-01
7.400055399457636796e-01
7.405061277640676565e-01
7.405240825580101660e-01
7.407807917430305755e-01
7.413860409155433873e-01
7.411748188565311368e-01
7.410277905525846087e-01
7.399515726592333920e-01
7.409252794515813756e-01
7.400791257688009717e-01
7.413651759177037892e-01
7.399391488611216650e-01
7.403178973990772738e-01
7.419706375827735956e-01
7.408457282040038505e-01
7.406014703304858449e-01
7.407036757864097209e-01
7.406738812277535722e-01
7.402211730554584257e-01
7.407893037882213871e-01
7.406149532503381039e-01
7.405389187178290644e-01
7.411104220879294324e-01
7.404417632456439247e-01
7.407597804052801216e-01
7.411870912917449816e-01
7.411450939787921355e-01
7.400942911781174249e-01
7.410149004330668365e-01
7.403323190853585700e-01
7.392913283834638971e-01
7.391771680050926996e-01
7.394468172599754086e-01
7.400293088781664252e-01
7.405780664810446279e-01
7.412440403765757635e-01
7.402201147669433823e-01
7.404411236963357457e-01
7.403166089989623444e-01
