2.442985792731898476e-01
2.451166602255399340e-01
2.449024392565531671e-01
2.441712117143844396e-01
2.455003013118835509e-01
2.449241992640653620e-01
2.452411275440582461e-01
2.437879280807487281e-01
2.451111070450849860e-01
2.444713393904779097e-01
2.460136022985276449e-01
2.451224959660176506e-01
2.447393169472657504e-01
2.439239213208201917e-01
2.445807998762393742e-01
2.446631262147762331e-01
2.444510847138689491e-01
2.441633846970756028e-01
2.448539135905649644e-01
2.446175660123262596e-01
2.443306414570489693e-01
2.460407972057055415e-01
2.456712003544238299e-01
2.457904970334029437e-01
2.447052582770981588e-01
2.450270409150384077e-01
2.464260853975731580e-01
2.443536577639328078e-01
2.452150473504493000e-01
2.450202576226896412e-01
2.450036927748970583e-01
2.457580218481650036e-01
2.449877674035427222e-01
2.452861052264215802e-01
2.440619476605741522e-01
2.442822246483767057e-01
2.447555980256473362e-01
2.439718463275264426e-01
2.448331332438050678e-01
2.448507772305392183e-01
2.446112885256483960e-01
2.439115035244648899e-01
2.444277507400697547e-01
2.449884977944192799e-01
2.455330665894722153e-01
2.454479540633497658e-01
2.443855355490006653e-01
2.446011719514288862e-01
2.443751862175937428e-01
2.443452355614848526e-01
2.457983772837940006e-01
2.462545175360649763e-01
2.443343985570171351e-01
2.454406183755422077e-01
2.442909617661202237e-01
2.462775487486104642e-01
2.443041802635570470e-01
2.457980273022602469e-01
2.433341157103338648e-01
2.443338948420558654e-01
2.447854936890689892e-01
2.444764652977581831e-01
2.441436632871763490e-01
2.442636293520504265e-01
2.454418204722029206e-01
2.451941318087937915e-01
2.449345128164236163e-01
2.440363621102213665e-01
2.460984989081247964e-01
2.455565821216961764e-01
2.446297895670324907e-01
2.459546294648249087e-01
2.451428665066288648e-01
2.449972627292372196e-01
2.453956567284665269e-01
2.451120959498898355e-01
2.454423787339873875e-01
2.458169242505757746e-01
2.444183745347061620e-01
2.457708068849035477e-01
2.467995242780559317e-01
2.449871092139039308e-01
2.455827601145005312e-01
2.447938170940765490e-01
2.444082933422187243e-01
2.448381503109939850e-01
2.445414452633202507e-01
2.466109059022422167e-01
2.450760900989281676e-01
2.446528646554161357e-01
2.455928296662726051e-01
2.447576432471122443e-01
2.440699930479844348e-01
2.447405135339521254e-01
2.461214873610536591e-01
2.447079592266408476e-01
2.443312288674046040e-01
2.453315219363136346e-01
2.453047720632565709e-01
2.451435436899421227e-01
