6.843759776095404979e-01
6.841789733767826842e-01
6.845621039575177091e-01
6.848108833655650596e-01
6.852725179017842283e-01
6.847492113655301305e-01
6.843965596951342434e-01
6.845305761545398271e-01
6.837866693553262820e-01
6.845090109143905366e-01
6.829219389852410060e-01
6.843487664467744480e-01
6.848643163098113718e-01
6.841542593936501548e-01
6.844986914679886958e-01
6.844101205391346365e-01
6.849172315088981611e-01
6.848019517613308516e-01
6.846498063106932763e-01
6.848742475402138652e-01
6.842972059859264711e-01
6.843314936290014749e-01
6.845866668825015822e-01
6.843077002966185818e-01
6.852585220731708393e-01
6.848777658685589742e-01
6.853919412689757351e-01
6.851797958930131438e-01
6.836864445339272400e-01
6.844119147855274310e-01
6.846854737325898110e-01
6.846003133817699648e-01
6.843033501746615954e-01
6.835734320083608484e-01
6.841190472873465156e-01
6.838753711082078413e-01
6.842244428947933388e-01
6.841850083089530132e-01
6.837911637643836471e-01
6.833220217948047237e-01
6.837577431560343255e-01
6.844293875100860847e-01
6.842611705505536879e-01
6.854901998608070590e-01
6.859180787987306793e-01
6.836541939932389012e-01
6.841656485679453725e-01
6.841928882170544846e-01
6.831833702422573928e-01
6.862065461876113437e-01
6.841442303869247343e-01
6.843840685208795183e-01
6.850823705148045839e-01
6.845244370233432019e-01
6.848584945216753539e-01
6.849590639847741302e-01
6.843266911161294264e-01
6.844953768078234635e-01
6.846693706440685201e-01
6.835015632811191066e-01
6.841524730861406889e-01
6.838242742552469444e-01
6.850421860261572959e-01
6.849195578480149482e-01
6.849731192200833041e-01
6.841659849360621770e-01
6.838966777212253101e-01
6.845905515129581120e-01
6.846783793263935269e-01
6.859386392986827063e-01
6.840671156883667559e-01
6.836387830610985983e-01
6.849466316529979615e-01
6.845799013655564647e-01
6.849702952173659654e-01
6.838412428903561935e-01
6.856056403614076977e-01
6.855494737515208659e-01
6.853147384549053145e-01
6.844391860171136210e-01
6.849994635474361271e-01
6.854032675569372568e-01
6.847014397167354716e-01
6.854160989094245648e-01
6.840462702260341477e-01
6.848491697680938461e-01
6.851827309277179756e-01
6.844195802638087800e-01
6.848801321317555812e-01
6.833347477374480672e-01
6.843719688880915974e-01
6.850427263466896122e-01
6.842670510345927326e-01
6.849907306518118189e-01
6.840735040229183328e-01
6.847147218553828463e-01
6.842833752553223459e-01
6.843515472272033717e-01
6.841021033572021182e-01
6.852844387695442574e-01
