6.132944679755195638e-01
6.148857945274073256e-01
6.163645071541473675e-01
6.136516101645724808e-01
6.139937101447834333e-01
6.155862577653155032e-01
6.150101889309471659e-01
6.148211182739855563e-01
6.148702624937256722e-01
6.148322670045374139e-01
6.141454475592305062e-01
6.148322813084816651e-01
6.144667898300706366e-01
6.156481742858832540e-01
6.139712055904088528e-01
6.145011131793167714e-01
6.144529981768527271e-01
6.134082926617356879e-01
6.141151018388060212e-01
6.149686167457436570e-01
6.134762327240672608e-01
6.144667189441270772e-01
6.143472754025651739e-01
6.149564771929406648e-01
6.146766211248849698e-01
6.143844560306325198e-01
6.144217311715687302e-01
6.146197470634664484e-01
6.149495438972127914e-01
6.145111061337789060e-01
6.143309454972469830e-01
6.133726379688321240e-01
6.149903360274235897e-01
6.143164129076923441e-01
6.137788558853163323e-01
6.146916747117696644e-01
6.153383308189600553e-01
6.142393845122695595e-01
6.145200563293533591e-01
6.130352811415732406e-01
6.141832765923246340e-01
6.148704140409065877e-01
6.140680935453861622e-01
6.141529746647299559e-01
6.140880005375393136e-01
6.137877149220811734e-01
6.135663181016018930e-01
6.146788818764664653e-01
6.138732993528982496e-01
6.149093052385414815e-01
6.154372358630002537e-01
6.141453151706972591e-01
6.133604215401314841e-01
6.157340535667414905e-01
6.150354766023166109e-01
6.150689610726529644e-01
6.147338602316499978e-01
6.155297041328302576e-01
6.149485138231940429e-01
6.139792367226983849e-01
6.142161711781666256e-01
6.150297545182966674e-01
6.143546468479323952e-01
6.148013560727840776e-01
6.150396664969937088e-01
6.148171012637043686e-01
6.139230061486142809e-01
6.151874570905202511e-01
6.134163933294094484e-01
6.147034764655453509e-01
6.147824288867316245e-01
6.143904851343473528e-01
6.158282322171538814e-01
6.134773266191196894e-01
6.142916621075000805e-01
6.139371002743292394e-01
6.135682065049252731e-01
6.146044169432480775e-01
6.154958270003006993e-01
6.140373932122407119e-01
6.149767165802126900e-01
6.151020673498743818e-01
6.149845967827717308e-01
6.142016626626551901e-01
6.153655969991476127e-01
6.148541326129457474e-01
6.145363746138255978e-01
6.145656580698961591e-01
6.148345012091143147e-01
6.142154743679076878e-01
6.144872134869481251e-01
6.147323416989116662e-01
6.142564433167543303e-01
6.148999291060293082e-01
6.144062083702787058e-01
6.153800314301822727e-01
6.145778624761544240e-01
6.148650581094132761e-01
6.146622715613234700e-01
6.140300798321525200e-01
