5.579325279890656741e-01
5.588507312552259965e-01
5.597159329739810341e-01
5.597499395472984585e-01
5.594532179321187737e-01
5.601485595479868129e-01
5.601481010353004386e-01
5.596992233011028883e-01
5.596366525307587825e-01
5.591426622906625621e-01
5.595952860060466882e-01
5.594410765847364075e-01
5.592559113250623604e-01
5.609868547909321324e-01
5.584833011554668492e-01
5.589341890283692216e-01
5.611054458616864249e-01
5.585483899967447208e-01
5.594992660071913537e-01
5.593001141132567522e-01
5.590978790347447269e-01
5.593419468893937596e-01
5.597501438608911695e-01
5.593946979216720683e-01
5.594466206767789718e-01
5.595097164628439756e-01
5.600068994345628326e-01
5.585485707818952372e-01
5.593724148613878899e-01
5.598954164403943112e-01
5.597720258439613517e-01
5.611090209153053454e-01
5.594294493021869652e-01
5.594626892592817757e-01
5.593225653327353886e-01
5.598408813187147892e-01
5.603206522950139323e-01
5.593671563209731135e-01
5.589424095909882872e-01
5.594735084049314855e-01
5.584537170882775126e-01
5.596126070698341781e-01
5.608547964359273941e-01
5.587124570949506541e-01
5.583911519294243453e-01
5.601821135422365705e-01
5.586052806671409909e-01
5.597923780789174630e-01
5.588405711577761892e-01
5.589910932300518054e-01
5.599768191325262823e-01
5.599739847310618579e-01
5.593055329154495992e-01
5.587825801987773566e-01
5.600357210405750852e-01
5.587630544385507880e-01
5.589505873523781254e-01
5.597142749950121399e-01
5.595787736761570486e-01
5.592223345342934859e-01
5.585822639440257698e-01
5.592374122177374840e-01
5.590332440417618010e-01
5.590842225986123459e-01
5.605099362341074976e-01
5.596638394009786355e-01
5.591663183199536702e-01
5.591156759114370711e-01
5.600876366058067379e-01
5.592894764219081827e-01
5.590911479376883264e-01
5.596147915183709021e-01
5.575360318037331231e-01
5.582266484288039843e-01
5.600779446062476019e-01
5.584760633508361050e-01
5.599781232389199337e-01
5.601256535877228160e-01
5.597075793982756453e-01
5.596285581836650813e-01
5.607035478323523225e-01
5.599855385787327888e-01
5.593396812797876150e-01
5.608647370378666563e-01
5.594575475188734437e-01
5.597952343783404450e-01
5.598915438631261177e-01
5.602903253739588418e-01
5.593694034046956531e-01
5.590689729910103267e-01
5.592506154330706414e-01
5.593100212405345273e-01
5.598743635841816335e-01
5.579274757897878523e-01
5.602372979218628313e-01
5.594051297055318006e-01
5.597325741942793531e-01
5.602794072716722473e-01
5.597025350619286854e-01
5.597869837164823892e-01
