3.952319098554536447e-01
3.950118339420401470e-01
3.956907403368195020e-01
3.953795202354556393e-01
3.968381855775630629e-01
3.948552479114896263e-01
3.955858797666410021e-01
3.958331745365978316e-01
3.953912581038477869e-01
3.950074059128542148e-01
3.953927756167149310e-01
3.951987404512916635e-01
3.952753804792694670e-01
3.955408885629294602e-01
3.947004381888900570e-01
3.957896318813861614e-01
3.957337844743415989e-01
3.938000601524353494e-01
3.956553063836675266e-01
3.960236926357981191e-01
3.951570972127944614e-01
3.945567505727178848e-01
3.947312183821587994e-01
3.951237853079244688e-01
3.955212457392592862e-01
3.965334765421429930e-01
3.964351000412030257e-01
3.957365479902945626e-01
3.951011945959277960e-01
3.942198773137030043e-01
3.964851857168814608e-01
3.962051288166287266e-01
3.953071603929332323e-01
3.955546767477929881e-01
3.960384258277982461e-01
3.959506901109589583e-01
3.953695524509601156e-01
3.945457645153003234e-01
3.951538300514697566e-01
3.954208898310639375e-01
3.950244992147701195e-01
3.951623554902679025e-01
3.964824575973768805e-01
3.949407911360915957e-01
3.958579379957229971e-01
3.958714276513943808e-01
3.948073314464323191e-01
3.948985201033153869e-01
3.947874319593345782e-01
3.956223498807328598e-01
3.962802186813206839e-01
3.963692699582455625e-01
3.960545075253020242e-01
3.954033647551161712e-01
3.962164562194880335e-01
3.951748969855958249e-01
3.953579009124806865e-01
3.956037591857002322e-01
3.954032936161846479e-01
3.952017112394892728e-01
3.961094387952278639e-01
3.950365060266214923e-01
3.941357284960982366e-01
3.944567981805691126e-01
3.948265745583863229e-01
3.959464837221777223e-01
3.941834403446792812e-01
3.952088431181284278e-01
3.953391591689712770e-01
3.957642134365471076e-01
3.949359499321239975e-01
3.954100748776208096e-01
3.945348403816631988e-01
3.942636693361880607e-01
3.952756031501497569e-01
3.957575403111835421e-01
3.950957743194659089e-01
3.955816904156690961e-01
3.970576578328607331e-01
3.941636162448240999e-01
3.961556269959669585e-01
3.951009898747119831e-01
3.955994110462656144e-01
3.956445209454351186e-01
3.963292468450033690e-01
3.955301517039256920e-01
3.952767012965996418e-01
3.946202658551129505e-01
3.955931289871518208e-01
3.955527220745757577e-01
3.966267538174955698e-01
3.941053702333814357e-01
3.948797272660850011e-01
3.954241365466242275e-01
3.959624630052411276e-01
3.959522722041410314e-01
3.945333962572563635e-01
3.957093260191524853e-01
3.956035003152805207e-01
3.945834034439898996e-01
