4.191402794854057756e-01
4.202839553991731814e-01
4.223160908283243309e-01
4.203610357901327865e-01
4.198359642119274260e-01
4.198485284564587583e-01
4.209393632830672471e-01
4.205634159290158047e-01
4.201081226500750221e-01
4.204424347430303355e-01
4.192894657887693555e-01
4.198913723192025382e-01
4.205196918477693835e-01
4.214190535699984808e-01
4.202537020303271365e-01
4.215190830381524423e-01
4.199473772032956687e-01
4.206289606879993759e-01
4.204548403170679793e-01
4.212820162207965291e-01
4.209930358871062372e-01
4.206781796459197476e-01
4.209473948832770374e-01
4.209057267419422654e-01
4.198097099526473808e-01
4.206081177816912153e-01
4.204995503304035376e-01
4.204717123830489789e-01
4.195879701092548597e-01
4.197543448994576210e-01
4.205063134861693475e-01
4.207833518844851239e-01
4.203846552435677730e-01
4.213944320305772484e-01
4.215478381820633169e-01
4.200805051558399450e-01
4.210819490855401970e-01
4.199912425235550195e-01
4.200495084419192393e-01
4.200579607312961983e-01
4.200963640338352123e-01
4.207662846107300680e-01
4.198718090110790113e-01
4.208311494231315453e-01
4.206351567294827065e-01
4.207750063774100546e-01
4.212764635675987357e-01
4.210332780391848884e-01
4.208906172406309265e-01
4.219264689123412571e-01
4.201272885450460515e-01
4.202151548219327237e-01
4.203888591565484445e-01
4.201466876732588007e-01
4.207309461105316339e-01
4.213227940442338948e-01
4.191717752924121743e-01
4.207322706189066674e-01
4.203739999893452151e-01
4.197693170230073489e-01
4.206966797809886804e-01
4.214566442645988897e-01
4.202035336878304772e-01
4.197668567606257506e-01
4.203923037285995923e-01
4.201226839684534253e-01
4.208595157669129394e-01
4.206874557107092016e-01
4.198032878083475805e-01
4.212913403343356844e-01
4.220189487887182622e-01
4.205051947021308245e-01
4.204507780278368134e-01
4.203585199286333784e-01
4.213210274558992774e-01
4.207182657017853877e-01
4.198770680022255175e-01
4.214967339514143485e-01
4.213929614031148851e-01
4.208640902514558801e-01
4.204595294994288301e-01
4.209892718502672437e-01
4.200619629167282598e-01
4.216979375026632670e-01
4.204897871427779599e-01
4.204931382848773325e-01
4.214249505126266282e-01
4.199114233583821632e-01
4.216639142432281329e-01
4.201247472586586706e-01
4.209730882508269656e-01
4.193929483023963734e-01
4.196421680571185697e-01
4.201498820912495935e-01
4.214238422970018050e-01
4.196425433620664114e-01
4.204444122875715673e-01
4.200054650138970724e-01
4.193322158857084037e-01
4.197062447861061307e-01
