7.672058063414998186e-01
7.671412425777618393e-01
7.680621739965827199e-01
7.690522527848634438e-01
7.691958805901674134e-01
7.686733324883597840e-01
7.686459028839216501e-01
7.671903218396141089e-01
7.688639490085900086e-01
7.682553312208878493e-01
7.690282809070645431e-01
7.693413595177890363e-01
7.681921310776975709e-01
7.704672346307018804e-01
7.675805657743647314e-01
7.696081211000376232e-01
7.679664748073344871e-01
7.682623415530298594e-01
7.686150881282640679e-01
7.695682921400424092e-01
7.683822066939337558e-01
7.686541482668519665e-01
7.679990050409783997e-01
7.683659871774872752e-01
7.685938160952964227e-01
7.674959551303159877e-01
7.679018535658445055e-01
7.684171672589947821e-01
7.684938542476994483e-01
7.683380634213525795e-01
7.680501106980949233e-01
7.682877277550582695e-01
7.683174701454482669e-01
7.682327420414309938e-01
7.681834769355257997e-01
7.690600095111242984e-01
7.685012448882073688e-01
7.696255018981005280e-01
7.681575130052844536e-01
7.695021162180981644e-01
7.694343030157049235e-01
7.693726621217242823e-01
7.689500746153407063e-01
7.682067781307684307e-01
7.689025779665160654e-01
7.692169991758202041e-01
7.683920734368500094e-01
7.689481169693536122e-01
7.683598777442334216e-01
7.678676141033596858e-01
7.683152433041463558e-01
7.684900515846319058e-01
7.685903981810634500e-01
7.681089157444168647e-01
7.694349360776078228e-01
7.689253683482781820e-01
7.689023310711247117e-01
7.676973124178146923e-01
7.681303630264944005e-01
7.683374152946214064e-01
7.681573818511909790e-01
7.688371240040852150e-01
7.688618960371227384e-01
7.678670486345152701e-01
7.687069251196302355e-01
7.690984708116626045e-01
7.694852859350326257e-01
7.685827900402254498e-01
7.692576545528456711e-01
7.677226482974017774e-01
7.687552138713085181e-01
7.685509292025380912e-01
7.679722988581235699e-01
7.682606064858057415e-01
7.690602782771991386e-01
7.690874979393284017e-01
7.680229727428347086e-01
7.676541755027759262e-01
7.680911497535832799e-01
7.690299937834290667e-01
7.681310557365648162e-01
7.695844859188967213e-01
7.686711574834597105e-01
7.680634463525712885e-01
7.679536667488847668e-01
7.693993486918586644e-01
7.688537382432433231e-01
7.684128514207740901e-01
7.688404511186026635e-01
7.690543077451860166e-01
7.688845708218057240e-01
7.670839930648283289e-01
7.685044831356162565e-01
7.682237168644328040e-01
7.677073010814978726e-01
7.674413528217518543e-01
7.671768028989746080e-01
7.677875618631534449e-01
7.689495137493825849e-01
7.686885525412621156e-01
