4.044343203963912114e-01
4.055573010443211945e-01
4.062782959802024307e-01
4.044927253515109289e-01
4.055506508769828322e-01
4.059861760130377140e-01
4.056932316325039256e-01
4.050138224185874658e-01
4.052701728300436290e-01
4.053180979269663808e-01
4.058582378442868732e-01
4.061375332059037335e-01
4.044498105514469644e-01
4.067994934382650474e-01
4.048174446384553704e-01
4.053148741370268260e-01
4.055732491702337406e-01
4.046679527108246743e-01
4.058910557717187451e-01
4.041895009854756249e-01
4.058273127681214509e-01
4.046134972293077281e-01
4.057865309074397131e-01
4.065758930819393102e-01
4.054272540730415875e-01
4.045737484041100340e-01
4.061310948745416871e-01
4.056663457701867870e-01
4.059289549333613412e-01
4.050234982416052731e-01
4.044936723249583643e-01
4.052013860416454616e-01
4.052162109609476204e-01
4.043048280724154120e-01
4.059073537557683076e-01
4.050912884074131526e-01
4.057238984416466909e-01
4.048541930754520068e-01
4.060859825555089841e-01
4.058358187280164953e-01
4.051680148485875543e-01
4.048894196469502438e-01
4.052896165239740500e-01
4.044836033671636022e-01
4.047015638568788876e-01
4.049163016921427660e-01
4.051823544476121919e-01
4.057898591469569771e-01
4.037547254139954855e-01
4.041474382153482647e-01
4.044758737035237806e-01
4.048930738494209147e-01
4.055101275983580278e-01
4.054486071161678695e-01
4.061323539178326447e-01
4.060589219445102094e-01
4.058731408711072630e-01
4.060540476509594821e-01
4.052963362662891367e-01
4.065760359098208321e-01
4.047275923785155771e-01
4.056231491691150159e-01
4.052012123660247989e-01
4.047006643418192828e-01
4.059651283309490544e-01
4.055599258129432561e-01
4.062463949109356709e-01
4.051911876991899364e-01
4.065632977236565138e-01
4.047819019581900823e-01
4.057361462127917484e-01
4.049639762864529757e-01
4.045230737232334284e-01
4.054086409710750960e-01
4.053714622881750551e-01
4.053006159545177733e-01
4.054864700619912887e-01
4.057115765971285315e-01
4.056345776816385751e-01
4.066857311084197679e-01
4.059157884403453709e-01
4.058296701991889188e-01
4.060143044829332970e-01
4.052575729572930330e-01
4.054476106041478012e-01
4.057535044597502250e-01
4.058533176088962580e-01
4.055331625343828184e-01
4.054184808731629563e-01
4.043411691731029212e-01
4.061841054439216947e-01
4.063644440499691868e-01
4.059976657003573353e-01
4.043558498119210753e-01
4.054702242146964730e-01
4.053723609325967647e-01
4.055765878970705174e-01
4.049862205481513655e-01
4.052477594119591187e-01
4.050904344176960992e-01
