6.434300151859585482e-01
6.452836147886097384e-01
6.454504246473067308e-01
6.454811037291164899e-01
6.444507233317178230e-01
6.459203384544680571e-01
6.449933448640876588e-01
6.457357467855959765e-01
6.445946304375357316e-01
6.454659052359414950e-01
6.460090691188373757e-01
6.448759212603787372e-01
6.457678516019087489e-01
6.442853635745061647e-01
6.447472636134521373e-01
6.446764868925022318e-01
6.445258354259326694e-01
6.457128514505962036e-01
6.459645413799883773e-01
6.450398398480727824e-01
6.462671935300402515e-01
6.454354268434271402e-01
6.445706016405166050e-01
6.452412403789652418e-01
6.444751086402433771e-01
6.445884108944665014e-01
6.454504817879014311e-01
6.455078611654327947e-01
6.454240715154078156e-01
6.458505647468686384e-01
6.451133985576844587e-01
6.447375337117657867e-01
6.460273564582562633e-01
6.453282133394808717e-01
6.458260489757410294e-01
6.455020415098045028e-01
6.445118020270170778e-01
6.456798730990050972e-01
6.451295004609876038e-01
6.451387823337162430e-01
6.456193650282311403e-01
6.465938871638946539e-01
6.465128883531162662e-01
6.459803507327570582e-01
6.440218004997727563e-01
6.444878818563406497e-01
6.463134831203661834e-01
6.450719182463400259e-01
6.457638491557431415e-01
6.452155715728691288e-01
6.457862110715719695e-01
6.454802734885896065e-01
6.449440953806535592e-01
6.453496121457018564e-01
6.463059245756687110e-01
6.457624547583661334e-01
6.472090393113124618e-01
6.447009808419964516e-01
6.453534262665672205e-01
6.454324103191600992e-01
6.455283519554921856e-01
6.459464328627214647e-01
6.456900170501364000e-01
6.442686563339883321e-01
6.454236699477614581e-01
6.456804462200648187e-01
6.458404010267129181e-01
6.446628626712633814e-01
6.456036562578020277e-01
6.448755754201631607e-01
6.460328420145347028e-01
6.449962602621970298e-01
6.456554639195424272e-01
6.454722141630192533e-01
6.442927435320946472e-01
6.452495439850377545e-01
6.455236534692060379e-01
6.451905081622930638e-01
6.458496926352483847e-01
6.461368432585679056e-01
6.465213129709747042e-01
6.457143150696358358e-01
6.460512663385571397e-01
6.452294237083900930e-01
6.449121375031084957e-01
6.451983732990375087e-01
6.448892947050457458e-01
6.450917442771070265e-01
6.456685024541355400e-01
6.448224304286533926e-01
6.462027968858965465e-01
6.465147357933305194e-01
6.463461321049253083e-01
6.455591164447453956e-01
6.454991860014773764e-01
6.450644112826777743e-01
6.454447287844309322e-01
6.462775090559154112e-01
6.460749917291321864e-01
6.451472770791846223e-01
