7.001098647134946784e-01
7.001698653506879255e-01
7.013335153819278966e-01
7.014186990502622177e-01
7.002677289752590184e-01
7.020406552442579606e-01
7.010766912304308152e-01
7.005860396423934100e-01
7.024291498226211683e-01
7.016894683514347530e-01
7.012072670258707729e-01
7.019849789502898840e-01
7.020996511898059955e-01
7.017065202673096191e-01
7.001770888803765525e-01
7.015196803157738303e-01
7.017151020228951097e-01
7.019575366469987809e-01
7.013185291325922943e-01
7.019084960366271941e-01
7.010620143256874881e-01
7.016107518847352065e-01
7.022636862427296123e-01
7.001479826747608604e-01
7.018198801695617606e-01
7.018245633216169121e-01
7.018675474220668065e-01
7.024658910541503598e-01
7.016324614153570671e-01
7.017143417084368284e-01
7.017539278760080990e-01
7.016578769701142804e-01
7.018726456151392901e-01
7.022093515365235294e-01
7.017861062269377115e-01
7.023166707292477495e-01
7.015377673351395060e-01
7.015954822674399516e-01
7.021932381602500328e-01
7.016595433927015346e-01
7.010172031740180554e-01
7.006966729131728355e-01
7.016016827497117969e-01
7.023085209618331604e-01
7.012414756617274536e-01
7.016025367357823228e-01
7.022126197950664395e-01
7.007227753238525203e-01
7.016019309661032377e-01
7.016256263326867693e-01
7.013105479507485418e-01
7.024754103790646909e-01
7.012442779598746512e-01
7.008788994139274475e-01
7.014337068595246638e-01
7.019951725773463380e-01
7.008095713350477318e-01
7.015703276200261351e-01
7.007018946328102960e-01
7.016274637423065563e-01
7.019004809302835657e-01
7.020159828047658479e-01
7.016222304599326609e-01
7.011759189112110047e-01
7.017176475130719737e-01
7.019242929714863966e-01
7.019397219855822989e-01
7.009508524990242240e-01
7.020985361256902868e-01
7.016298265122715705e-01
7.015156652062137788e-01
7.017762535662148693e-01
7.008998190874125012e-01
7.008159401402749289e-01
7.012400025736387210e-01
7.016878842878817579e-01
7.019211631379921323e-01
7.014781190528509569e-01
7.008128715385861796e-01
7.016720205871818106e-01
7.010151601937508747e-01
7.013816644968067227e-01
7.016643826836792552e-01
7.011257563014331451e-01
7.016364000768309239e-01
7.013373548270676050e-01
7.008449818940754028e-01
7.030977781237570667e-01
7.020982587059267921e-01
7.017153278280154893e-01
7.013705886111794019e-01
7.012574778025759681e-01
7.014121778833679599e-01
7.008365530512824515e-01
7.014287050013230385e-01
7.009956018133329803e-01
7.015481066866023907e-01
7.016634868959917837e-01
7.010355675009740661e-01
7.014950279210273587e-01
