4.488300411097239095e-01
4.495340379985043322e-01
4.498818169570764081e-01
4.487775148569603245e-01
4.496769976660643930e-01
4.499600013317259783e-01
4.502974970052323056e-01
4.481984822974933169e-01
4.498489388543531753e-01
4.478305921066524364e-01
4.493333004392242591e-01
4.497116924308640629e-01
4.507918607292116242e-01
4.501513226580327598e-01
4.494980874792002812e-01
4.492546469530569464e-01
4.496019358767678331e-01
4.497512212739236404e-01
4.498368641144506186e-01
4.490633786473574030e-01
4.499740408963964766e-01
4.496240176349681761e-01
4.490289611884918930e-01
4.487757531150199375e-01
4.488339151664809679e-01
4.510591973181786729e-01
4.489595589439839829e-01
4.485752236822183048e-01
4.494403326709048851e-01
4.498482498569101873e-01
4.502155290363860640e-01
4.490948113409095610e-01
4.492451840583260303e-01
4.504805387062711386e-01
4.496570344277586173e-01
4.494992079268009810e-01
4.502660202282630086e-01
4.492142140872211753e-01
4.496926362163593538e-01
4.493931220511944158e-01
4.498243801844844514e-01
4.485778000656366338e-01
4.484133994237380905e-01
4.504314172360305846e-01
4.496709386367381267e-01
4.500167828587839924e-01
4.486975832276429710e-01
4.489110937510875088e-01
4.500184780439885346e-01
4.503165001916739074e-01
4.496502473713582804e-01
4.488715886885165096e-01
4.501246613494008786e-01
4.479430982972292252e-01
4.494158090434549058e-01
4.495932233156716973e-01
4.491404245873270029e-01
4.488654529745730315e-01
4.487539933809542858e-01
4.502957232797303866e-01
4.498811169917761310e-01
4.501824757005721267e-01
4.491900080823039154e-01
4.493593475546471261e-01
4.491754729696467718e-01
4.505580180278492275e-01
4.504922193677285969e-01
4.491567719861255803e-01
4.489955104602106895e-01
4.506642143945052692e-01
4.493578861367697463e-01
4.499462919849533948e-01
4.488555023136654998e-01
4.500775420903182500e-01
4.496690631100146440e-01
4.498329279620997267e-01
4.501904906873729351e-01
4.494753005803651114e-01
4.486625010610404973e-01
4.485875352908138547e-01
4.495358934329910516e-01
4.498545449259829798e-01
4.493792464469850145e-01
4.497439189976646934e-01
4.489710041718474320e-01
4.498933799472179529e-01
4.495032000555187479e-01
4.497963829991237228e-01
4.498105346181281439e-01
4.494234639011790433e-01
4.505054428168711600e-01
4.487322225315351076e-01
4.496132294125183004e-01
4.493966668806211873e-01
4.495243882998647411e-01
4.496364335713812221e-01
4.490352395353128245e-01
4.505772621164984004e-01
4.494837589803030720e-01
4.492778885909465836e-01
