9.064379047860877670e-01
9.057855488096590024e-01
9.058305833075952496e-01
9.049535760205975610e-01
9.048848982300605748e-01
9.066955579208815230e-01
9.066420546975466621e-01
9.052292503577413774e-01
9.056400374131516884e-01
9.066628978534141403e-01
9.063336943780607724e-01
9.068036062948557907e-01
9.056018581069814610e-01
9.058541129198715014e-01
9.055430662536678721e-01
9.069001033358223829e-01
9.053764192805600075e-01
9.048417830040071941e-01
9.054974543414030519e-01
9.053798310768997881e-01
9.054915198224818829e-01
9.066878605522387113e-01
9.062392260838171287e-01
9.054940036153105165e-01
9.056064233190377344e-01
9.048234445166818407e-01
9.061254700256797801e-01
9.056385445019614622e-01
9.064849287401011146e-01
9.060451738990231707e-01
9.059778728630796252e-01
9.065516244791601563e-01
9.062979940879141161e-01
9.055460083929720572e-01
9.061076021540260816e-01
9.052590091109710135e-01
9.059294407934264104e-01
9.073091472230432331e-01
9.070886660929762257e-01
9.060460374411309914e-01
9.059619703242112188e-01
9.052617708726740098e-01
9.063185855991082729e-01
9.061495037701488009e-01
9.058154125089840081e-01
9.056997088236604654e-01
9.049094296633819479e-01
9.055787304263094306e-01
9.055832817802813572e-01
9.067049641145172867e-01
9.052747256151457700e-01
9.064215519772113039e-01
9.065531229569013805e-01
9.065372953871964068e-01
9.064144392590540722e-01
9.067881002467714779e-01
9.061494961875498078e-01
9.056472708937033378e-01
9.059836579458473427e-01
9.062537125708863828e-01
9.068431104095653339e-01
9.069515910797651959e-01
9.054990961525499760e-01
9.056457327156162140e-01
9.064812753875213236e-01
9.059092837248470254e-01
9.050918036775907893e-01
9.066310909666814855e-01
9.057937995653355667e-01
9.068823025660055492e-01
9.052725501782459272e-01
9.052483082590749852e-01
9.057126603525400554e-01
9.056310891978360811e-01
9.063969866999146419e-01
9.056486999298811735e-01
9.048212428782693717e-01
9.052059763233649692e-01
9.053433858342778695e-01
9.055910265107827151e-01
9.059533755916087117e-01
9.071227896250237954e-01
9.059779102419318608e-01
9.071001336520352343e-01
9.042287960144829162e-01
9.061302615268476135e-01
9.067799823937212622e-01
9.052784863979532748e-01
9.068130701183585440e-01
9.066266149956601073e-01
9.057316531025391138e-01
9.057053042662477349e-01
9.065305115705967198e-01
9.062881284887800426e-01
9.059389660586663062e-01
9.060803724628403444e-01
9.053384601670780851e-01
9.059198130081559386e-01
9.059089662573382995e-01
9.056472524441450123e-01
