8.697675948741576818e-03
9.299157845267462530e-03
9.791685446986591462e-03
9.272228740675058159e-03
9.513458791179868826e-03
8.983296240448749442e-03
9.901240261776802012e-03
8.530637354511420856e-03
9.102351306702838318e-03
9.882280866405813644e-03
9.454705702286746866e-03
9.888765969147748913e-03
9.288856192919726917e-03
9.462303737362263295e-03
1.019729253046409642e-02
9.353903526175537386e-03
9.987463568067640046e-03
1.031096552050797879e-02
7.994806997699006879e-03
8.291000779722900588e-03
9.183812892677561610e-03
8.941227836425938436e-03
8.870500877527706662e-03
8.473388879606424257e-03
9.932028166599736474e-03
8.855098029919338323e-03
9.102794866812478555e-03
9.973780619594163968e-03
8.723501755660422949e-03
1.037218075738485096e-02
1.100136039688768760e-02
9.964131910097009243e-03
9.351237392055780293e-03
8.947806054018181410e-03
9.413113279224304131e-03
8.830095774947180690e-03
1.042088290526722166e-02
9.645045333627432632e-03
8.884492713592029994e-03
9.066654527470709851e-03
8.831861726632141488e-03
9.557936725593674937e-03
1.092490341208323876e-02
9.977979523120352259e-03
8.653151967837361888e-03
9.210650939651815472e-03
9.003361287506662231e-03
1.018112717269362144e-02
9.170680300232382856e-03
9.374255911067235283e-03
9.858234505022028110e-03
9.513296689798451944e-03
9.806650990285104008e-03
8.780965550287983534e-03
9.755842590881406984e-03
9.063018437275085007e-03
9.713052772229530119e-03
1.126880527032767323e-02
9.510737577661430853e-03
8.879973442934362138e-03
9.749942162153378555e-03
9.508648257902083123e-03
9.316282679793693941e-03
9.469644040810663160e-03
1.039585810194753636e-02
9.754468577409920738e-03
8.844979945523424522e-03
9.249192011507411174e-03
9.218743053515070576e-03
9.011546684523327397e-03
8.858585561981918016e-03
8.925639027148993959e-03
9.086012092295845527e-03
9.256244055188923153e-03
1.039429852142225059e-02
9.558852365330133827e-03
9.381201379767211204e-03
8.696857660743892438e-03
9.566287800982139697e-03
8.501870852834689934e-03
8.935730727856838404e-03
1.033228316132026904e-02
8.956224998381692032e-03
9.118085176821316001e-03
1.062894007533516857e-02
9.006154390318961769e-03
8.980065179409125325e-03
8.714850070478397104e-03
1.029087467326974398e-02
9.555446425816765954e-03
9.158863844970556792e-03
9.512726437026483572e-03
9.260667989244021972e-03
9.742021520459196587e-03
9.545944211321938030e-03
8.751937679712034485e-03
1.044511348998988787e-02
8.882362295791410012e-03
9.847241755140994507e-03
1.013658767759571810e-02
