5.989575328239765684e-01
5.985211697695933530e-01
5.989226047544479181e-01
5.996300135820741284e-01
5.980858170256659889e-01
5.994555165109473061e-01
5.997347983538290350e-01
5.990202839455358585e-01
6.001280393741235120e-01
6.003192203948963801e-01
5.987671855461433879e-01
5.994791463599130621e-01
5.996907415409951092e-01
5.996240132943423395e-01
5.996028927213667981e-01
5.991314827910965146e-01
6.004612276486693823e-01
5.999516745690367525e-01
6.001869233154955019e-01
6.000688762521791952e-01
5.994102483816505789e-01
6.000787337715708381e-01
5.993559208099392688e-01
5.990156748156721944e-01
5.990076834706814513e-01
5.994811818494962807e-01
5.997291823680538370e-01
5.989199221662234729e-01
5.989863284818446321e-01
5.993540182111070092e-01
5.993008806268309563e-01
5.995408116199029136e-01
5.995973337384956636e-01
5.992809190487912163e-01
5.997474012807840760e-01
5.998041055026130941e-01
5.979321999424112022e-01
6.000630114359550848e-01
6.003172442393365227e-01
5.991935010896931590e-01
5.990050139662580486e-01
5.992845791580345693e-01
6.001161184771661716e-01
5.993235738353972497e-01
5.997064265198888133e-01
5.993041873029419930e-01
6.000779638998148258e-01
5.992373036108679107e-01
5.996145743305820730e-01
6.006311315885035640e-01
5.989955065496856967e-01
5.999316973497981209e-01
6.003103763936670223e-01
5.997611578695433154e-01
5.999312771236666730e-01
5.999175065582487143e-01
5.987336762455992556e-01
5.992490326938972878e-01
5.989929165893540519e-01
6.002969175261055890e-01
5.995352573024386178e-01
6.001521202390893706e-01
6.000572548608675838e-01
5.992072074124303871e-01
6.003222247938542200e-01
5.992835835937365685e-01
5.990620585503371176e-01
5.997253118596864718e-01
6.002814697790529452e-01
5.992220544074307043e-01
5.996472676362705201e-01
5.995856652116665630e-01
5.990866869977176101e-01
5.989615954802960385e-01
5.992219839022919770e-01
5.992301365348378095e-01
5.999360402501804357e-01
5.996613128981449492e-01
5.987962156445570949e-01
5.986421410003865962e-01
5.995284878140201279e-01
5.980019027206214810e-01
6.002634078546088547e-01
5.991050316650206042e-01
5.990895887543649101e-01
5.993741252826084720e-01
6.001793671668724794e-01
6.001242550941490173e-01
5.993473316653713523e-01
5.987515390782334190e-01
5.988306664729390327e-01
6.004070643587702261e-01
5.986610416971536175e-01
6.007357887665860652e-01
6.001476046671694320e-01
5.998609233222681469e-01
6.000709342977261773e-01
6.000224089658988680e-01
5.995755734599922393e-01
5.998303155422282096e-01
