5.164230157811764421e-01
5.173608050543344605e-01
5.156542113114758186e-01
5.164642348600418931e-01
5.166737000551667736e-01
5.172756044290376387e-01
5.160803086190915989e-01
5.159710508154109476e-01
5.173193688845145743e-01
5.166042271817041787e-01
5.159076889789983023e-01
5.160029672742720841e-01
5.166628271602320410e-01
5.168529972728576061e-01
5.169427723292687737e-01
5.170019552383542383e-01
5.158981534511513090e-01
5.168683580979724912e-01
5.169229943675541783e-01
5.161059664542710923e-01
5.166256275882448179e-01
5.172059860769406825e-01
5.166580056398024645e-01
5.148990448493488969e-01
5.162775882440504560e-01
5.157024701884399542e-01
5.174610579023020129e-01
5.174018617401241471e-01
5.172698586185948688e-01
5.176557625162213627e-01
5.169061199861439970e-01
5.166806246931936464e-01
5.160788959973756640e-01
5.167010613428113519e-01
5.174387962043098810e-01
5.159484107092995320e-01
5.176450482401373510e-01
5.166295990852293185e-01
5.167354707869806774e-01
5.161020754163108126e-01
5.165271163197053816e-01
5.167009248894468554e-01
5.158120529723694281e-01
5.166833836804622937e-01
5.158338821386658779e-01
5.177106335483887545e-01
5.164929419380670517e-01
5.184830364651056289e-01
5.164055136966517745e-01
5.165418372555765636e-01
5.166050459127786709e-01
5.162978692607130826e-01
5.157799322938420028e-01
5.166902125826909886e-01
5.182270478780048872e-01
5.163836699205754943e-01
5.165832294506076394e-01
5.173907337779340976e-01
5.166185336469387712e-01
5.163257833378606110e-01
5.174877915535434081e-01
5.162753245879122543e-01
5.166784229818132124e-01
5.165713225038537360e-01
5.164440442737411319e-01
5.169751100077610850e-01
5.167539829908622817e-01
5.165465309622206957e-01
5.164205090929652187e-01
5.168166951375948726e-01
5.164632361051860743e-01
5.147175301527286972e-01
5.167045616646537276e-01
5.159450047041885812e-01
5.163057663235897099e-01
5.164581127629581658e-01
5.159747188762633385e-01
5.154516359491849720e-01
5.164991391247352182e-01
5.170922634932251238e-01
5.156442579729496600e-01
5.169148035879469472e-01
5.173452102899762650e-01
5.170894538824596376e-01
5.168129937769403437e-01
5.166546760878206745e-01
5.167970073289662736e-01
5.156800231461348138e-01
5.156786351182676142e-01
5.155640187173173850e-01
5.169678498590906113e-01
5.156980324936927262e-01
5.168162851507971389e-01
5.166613897853808979e-01
5.169143793323001113e-01
5.167501955064782715e-01
5.160857651017369818e-01
5.157519382674728980e-01
5.172758115727784656e-01
5.170398614536788617e-01
