5.091231019971531602e-01
5.090809678099890156e-01
5.099951007807921322e-01
5.091205170912094236e-01
5.092121045779745003e-01
5.093356031103751791e-01
5.094294205717460056e-01
5.094198953216143577e-01
5.093898882485601298e-01
5.097002069528188128e-01
5.101977408742085496e-01
5.096116768758435223e-01
5.098378674608718963e-01
5.094782938476096756e-01
5.103076159752821805e-01
5.107837705610031032e-01
5.102289179625842941e-01
5.098561039611098078e-01
5.083919897816034927e-01
5.097941851185249229e-01
5.106298470210877127e-01
5.105916646150823190e-01
5.095662676289676174e-01
5.092033173576884231e-01
5.101024343873749034e-01
5.093650599987077365e-01
5.095293535283798025e-01
5.090090249549883428e-01
5.101910360388463017e-01
5.107989844034891425e-01
5.095469954804607848e-01
5.094332943705426331e-01
5.094594389948026159e-01
5.093692906311617641e-01
5.104631748826842230e-01
5.102522355533271048e-01
5.093599655327670783e-01
5.079844990461481746e-01
5.091273439490739960e-01
5.097645085181885527e-01
5.089906761373980126e-01
5.090424656623582234e-01
5.092839642199182837e-01
5.092127936555127521e-01
5.087779249740222998e-01
5.097417378458262149e-01
5.089028407907538742e-01
5.103189516872599363e-01
5.096929988856560012e-01
5.106419841330505083e-01
5.096748971089704039e-01
5.103426904969965427e-01
5.096238723143766691e-01
5.098664599179715262e-01
5.102839127460072621e-01
5.091061483298517931e-01
5.083450420070529940e-01
5.099903961835905442e-01
5.093102996248424219e-01
5.094454364989601247e-01
5.104699395180358756e-01
5.097269238088181220e-01
5.090315112512833196e-01
5.102462323814291878e-01
5.083349348626302611e-01
5.097653801486252689e-01
5.095232209665365719e-01
5.100886950046079615e-01
5.101075172756948106e-01
5.090212204033857102e-01
5.099272934533499724e-01
5.092108101281573873e-01
5.098149488968986009e-01
5.096266500515447273e-01
5.101751007452668407e-01
5.098568976656687735e-01
5.092300477127265079e-01
5.091378815864616714e-01
5.103910134830850209e-01
5.090875202956176571e-01
5.089834867181215472e-01
5.093893969616094530e-01
5.100046687319209626e-01
5.096204655068640177e-01
5.101974619992766247e-01
5.088772305093542947e-01
5.088552428147561368e-01
5.092087638487960977e-01
5.099031250568464291e-01
5.093264625472834206e-01
5.104068738369542668e-01
5.093979314361912758e-01
5.094113555731020204e-01
5.075505136701039532e-01
5.090913429258763223e-01
5.085307052776620873e-01
5.100121935288758346e-01
5.095882182142223993e-01
5.096620903418898063e-01
5.096311608592714038e-01
