4.207872976174465429e-01
4.214281373577335454e-01
4.216899809557501655e-01
4.204448818579643588e-01
4.227122287182383253e-01
4.214287753324810204e-01
4.220010729261542970e-01
4.220418283206949228e-01
4.220319209291154561e-01
4.213605106231909647e-01
4.211267142868793667e-01
4.221495638712391973e-01
4.212850006898891664e-01
4.212361384451964175e-01
4.217947693828233424e-01
4.222013184205652969e-01
4.217558159320126121e-01
4.214800498181535682e-01
4.215415355496279215e-01
4.228444654888963705e-01
4.209856336312314817e-01
4.222341533169524652e-01
4.214854441696825882e-01
4.214120386227233617e-01
4.215151684489115702e-01
4.220786096110728525e-01
4.214285864292426353e-01
4.203569957962183246e-01
4.219276088367414079e-01
4.219561986787729868e-01
4.215896892938892915e-01
4.214973550792419088e-01
4.201255018716432144e-01
4.214579916456778208e-01
4.215749617214221145e-01
4.210422931255081158e-01
4.220332564972283373e-01
4.211824312448011476e-01
4.210319729797395993e-01
4.215958249843865246e-01
4.217242403556621388e-01
4.226079581696223220e-01
4.213831862066900746e-01
4.200798781498831236e-01
4.210157844106091618e-01
4.228709058355820671e-01
4.213471053768182983e-01
4.209948774794880499e-01
4.217071128448380835e-01
4.221935337156547674e-01
4.208068630915265951e-01
4.205480535360848759e-01
4.208453771092744988e-01
4.212763307288159842e-01
4.225728314916323280e-01
4.215409725833524357e-01
4.213876102977005544e-01
4.217282852748117650e-01
4.213808102226923591e-01
4.212588274261065413e-01
4.216710980769718953e-01
4.217076981059450502e-01
4.212231880773357195e-01
4.211249045768591381e-01
4.210576261027273448e-01
4.207298813340235588e-01
4.217431105643605349e-01
4.209660478074099821e-01
4.215160881626428546e-01
4.224910872979270593e-01
4.219076391716418128e-01
4.216589687731926439e-01
4.215547439547338016e-01
4.213168860397971116e-01
4.218678933835853795e-01
4.223603875476209524e-01
4.226357036916308929e-01
4.216509617859208747e-01
4.203935986210810549e-01
4.227587494411426672e-01
4.219819310754108210e-01
4.216343176439764084e-01
4.210373697095382006e-01
4.210519975691770500e-01
4.218640131274917771e-01
4.206251167491413256e-01
4.206955488306521329e-01
4.229480536002894198e-01
4.223810809247951492e-01
4.218136807220461693e-01
4.207187891302657801e-01
4.213603325776876796e-01
4.211756809078254227e-01
4.223293481930655013e-01
4.217140611356437474e-01
4.213450189069866125e-01
4.211615136280484339e-01
4.223026969507430173e-01
4.210584418937215467e-01
4.220122723015630184e-01
