2.026147977008401629e-02
2.140983001233326757e-02
2.154337510553572949e-02
2.120941578371565023e-02
2.159795940715377241e-02
2.123579382508342453e-02
2.097528332488257652e-02
2.100902746037501198e-02
2.103569026841124734e-02
2.075996920289081490e-02
2.097078216382858989e-02
2.164068583638899951e-02
2.118470200676520268e-02
2.110237084259177637e-02
1.957385874243938034e-02
2.101943871111620205e-02
2.123156615583895318e-02
2.159100617036372946e-02
2.121342398669172347e-02
2.163486249799106975e-02
2.063563348399045927e-02
2.015441002910776588e-02
2.161891214403070458e-02
2.166142415936870430e-02
2.067391290672119381e-02
2.057127994828876136e-02
2.146530432428615798e-02
2.118747085599680113e-02
2.186504707013070883e-02
2.081735433101276900e-02
2.144458355833956872e-02
2.078407344310198232e-02
2.097101611801374318e-02
2.085115946580937477e-02
2.071532181683881715e-02
2.024367294080577778e-02
2.125665150537908721e-02
2.129556394782671294e-02
2.162289182898921233e-02
2.090711408519102532e-02
2.130596376020299845e-02
2.168214187715270663e-02
2.040434572939922933e-02
2.135902920258346549e-02
1.971206126534284786e-02
2.011120216986977960e-02
2.049422267634118042e-02
2.190994371775008970e-02
2.076750945198949788e-02
2.076921449941303635e-02
2.167511875965631024e-02
2.114378089257822058e-02
2.060516958065479465e-02
2.118091468009511771e-02
2.079168619837927848e-02
2.086595552525405406e-02
2.024378219679696250e-02
2.049419004653996873e-02
2.065885996065591756e-02
2.185482921700409795e-02
2.132627597988929341e-02
2.078254189377182204e-02
2.047192302873285588e-02
2.133408984598409580e-02
2.091724963391930828e-02
2.127174924305791359e-02
2.128838362209650725e-02
2.081801927755083659e-02
2.082537306374061467e-02
2.031608361287474268e-02
2.158114553602816579e-02
2.164934239547307293e-02
2.195336599009290249e-02
2.101907982300240535e-02
2.086841450172038231e-02
2.208423606083822349e-02
2.212297365469593352e-02
2.228545565976514098e-02
2.105453506510914646e-02
2.227710401056084283e-02
2.139512882497178470e-02
2.124438262936261326e-02
2.099473026551104335e-02
2.073225772656305324e-02
2.074897554929540366e-02
2.138050625951346678e-02
2.144987044885473745e-02
2.128911190296035177e-02
2.073556238302723398e-02
2.172895924366160733e-02
2.148084860536225021e-02
2.072160792271100782e-02
2.067719768281187087e-02
2.110059307441158882e-02
2.056107795727481896e-02
2.221060005066950033e-02
2.121471577555134741e-02
2.077407069242618448e-02
2.161687531490392999e-02
2.056877210556969787e-02
