2.790947989365372139e-01
2.803766747765973344e-01
2.792890161639608460e-01
2.813733241942361629e-01
2.793710657039241152e-01
2.805474478001194205e-01
2.805393798895984281e-01
2.801170572728385322e-01
2.801299558457304162e-01
2.812273425480346090e-01
2.796892059086057980e-01
2.805510163188537076e-01
2.802026947646680810e-01
2.810839952437941269e-01
2.807446289034943310e-01
2.801344511112812685e-01
2.799836940590613721e-01
2.805118576545669318e-01
2.804312777882812524e-01
2.791700877685435733e-01
2.797219787147897097e-01
2.808167632461678331e-01
2.787750310289715538e-01
2.792756648694061372e-01
2.810915333522397419e-01
2.808546138042892215e-01
2.802723628060875827e-01
2.804482211371956968e-01
2.809673515909040242e-01
2.803900591775130291e-01
2.806929848044332210e-01
2.805967844312360904e-01
2.808509630021713832e-01
2.803202188584679178e-01
2.804503930599512862e-01
2.800347076201390450e-01
2.799212954497738437e-01
2.795015169992440818e-01
2.803867655802870784e-01
2.799885433511675181e-01
2.803254043693385600e-01
2.793894511193271146e-01
2.800266095331298555e-01
2.797779756627537529e-01
2.806430952738605544e-01
2.801912742236176701e-01
2.800300269635860873e-01
2.803255277966384407e-01
2.813349039822984898e-01
2.799495559040084958e-01
2.809510125950008264e-01
2.793040954972941803e-01
2.795947369808914895e-01
2.797484881898799070e-01
2.802157413385235052e-01
2.805192716997631508e-01
2.805243729798710395e-01
2.806718054134908491e-01
2.794320571241903917e-01
2.810530011459987376e-01
2.799717987738882807e-01
2.794980302965161534e-01
2.805720115788518099e-01
2.798029151866353037e-01
2.796866182588421679e-01
2.802335169332366149e-01
2.800619836423846598e-01
2.799964393451286337e-01
2.802357698679434628e-01
2.802447511966391080e-01
2.802695155453699405e-01
2.804805244024547450e-01
2.803104084753607617e-01
2.801097124442544772e-01
2.807152420332090226e-01
2.815252436360998756e-01
2.797995025036532635e-01
2.815786268309933837e-01
2.805036881677162031e-01
2.812090758699076765e-01
2.808050245221204166e-01
2.809489581084244625e-01
2.794774169346391224e-01
2.811300031454923576e-01
2.798705191692373306e-01
2.808967035055704442e-01
2.807538158046045673e-01
2.801203936691751828e-01
2.812005778738170814e-01
2.800238536878321693e-01
2.802062077438140508e-01
2.799073535269482882e-01
2.805338233967620276e-01
2.800358804468193741e-01
2.797496546399049766e-01
2.805680456245217558e-01
2.812510270544410496e-01
2.798391723973877032e-01
2.814330795606112545e-01
2.803184983226234550e-01
