6.629216096043917261e-01
6.633593492411136161e-01
6.652431365830751009e-01
6.646936203652601405e-01
6.640439027164175556e-01
6.643208919126513123e-01
6.639934457968350578e-01
6.635161604579808969e-01
6.646279130568790716e-01
6.644261125263428713e-01
6.649202359603976209e-01
6.659901692794578665e-01
6.639807211480008853e-01
6.646981651236183453e-01
6.646329826848159650e-01
6.634184969713983193e-01
6.641295220535045063e-01
6.645147588303272901e-01
6.646946260883634938e-01
6.653140560624541955e-01
6.634837623134535178e-01
6.652642322556839849e-01
6.646139719421753078e-01
6.632161152470217313e-01
6.637136786858068849e-01
6.653089274353729543e-01
6.641999824001689756e-01
6.638865302421518289e-01
6.654691086105530839e-01
6.634923210202910981e-01
6.641588166706435814e-01
6.641990365559471421e-01
6.645303859673878932e-01
6.655291415446318304e-01
6.650180995066742318e-01
6.643202666234550025e-01
6.638508260947304507e-01
6.652982847737111127e-01
6.645903441624536612e-01
6.641591556785194639e-01
6.648718509152078404e-01
6.645652985406726998e-01
6.646555436854879595e-01
6.646485653525531223e-01
6.640766181131523282e-01
6.645088021320707528e-01
6.639896485802754267e-01
6.650597516245617680e-01
6.648570445618539049e-01
6.643038438439561322e-01
6.642259279867479549e-01
6.647496873821900909e-01
6.645532246137626498e-01
6.636727098879711129e-01
6.646985089751042963e-01
6.648887235766840487e-01
6.640716924671006272e-01
6.639982229744970654e-01
6.646514447741118659e-01
6.656634229772115940e-01
6.645519089002587254e-01
6.652320308519141800e-01
6.633654225057563636e-01
6.650085478800917826e-01
6.651610126448340710e-01
6.652915011222124697e-01
6.643597937576730672e-01
6.650599995200630055e-01
6.642792209382908375e-01
6.650041134296120759e-01
6.643179445837837926e-01
6.651738906950626085e-01
6.644733760358556562e-01
6.650919580876955006e-01
6.647767992561584016e-01
6.648467090648881861e-01
6.645629982909821987e-01
6.644537871980742416e-01
6.651046863269798326e-01
6.639683392422074393e-01
6.647739614226660931e-01
6.646878050177565944e-01
6.638510560822205031e-01
6.642238949230200307e-01
6.644776901355062826e-01
6.643939511301457657e-01
6.641349130236967602e-01
6.643652108241235865e-01
6.646116269013612188e-01
6.643968915315614510e-01
6.647325584451604374e-01
6.646424600089226864e-01
6.640869662932472606e-01
6.641762450078092517e-01
6.644804653171536568e-01
6.647699727312075257e-01
6.651252932239570814e-01
6.647455288990415934e-01
6.640415706374829252e-01
6.652714495933834682e-01
