6.176987433933835980e-01
6.186744514195605671e-01
6.174334771409162315e-01
6.169698520121218444e-01
6.180145129967149487e-01
6.170584967070855686e-01
6.179955818338779272e-01
6.168133443868800692e-01
6.181082905886301493e-01
6.171705001927971779e-01
6.180616207219742364e-01
6.179678692552034169e-01
6.186791942896561203e-01
6.173969941753210122e-01
6.168436961219778691e-01
6.172024097086556971e-01
6.164561683114171409e-01
6.174547520922291088e-01
6.169785445878051000e-01
6.187806236483557321e-01
6.184511996815686974e-01
6.180177080566795489e-01
6.173035695180506544e-01
6.173072407751640789e-01
6.166014748096013687e-01
6.170997729742623283e-01
6.177713335986763088e-01
6.176173828693690693e-01
6.174109696358172084e-01
6.171689933011212936e-01
6.186249877435464617e-01
6.181652517707054706e-01
6.173497023884881862e-01
6.178453724002926917e-01
6.168536600013656557e-01
6.176306505111271994e-01
6.178173468719423411e-01
6.173137851121377473e-01
6.178773332594427181e-01
6.180220109629521730e-01
6.164240103877999255e-01
6.183903583331296083e-01
6.171078203419619879e-01
6.173739355101450776e-01
6.176574261723843939e-01
6.177581370972967667e-01
6.171623544994586652e-01
6.164508512409988539e-01
6.178269908416746947e-01
6.180282747379797215e-01
6.166755186151307022e-01
6.175162100821930400e-01
6.187002803820312868e-01
6.168137073137337500e-01
6.163323780525746809e-01
6.177781097695330681e-01
6.184814823820822260e-01
6.170862587304342117e-01
6.172143992252288047e-01
6.165274057757468285e-01
6.182853684899285440e-01
6.172876008382455204e-01
6.183743118695772534e-01
6.169963323889386952e-01
6.161251911941053594e-01
6.162975120766702730e-01
6.172275884562610226e-01
6.174937551339660935e-01
6.168819519136792273e-01
6.170640595479730539e-01
6.175031543905320497e-01
6.190817866355977639e-01
6.179801661399842994e-01
6.184176637953986422e-01
6.182989220098695782e-01
6.180043452383996438e-01
6.169719640657580495e-01
6.177526868947206262e-01
6.168929617231742046e-01
6.170770638938061214e-01
6.175318472172542927e-01
6.166050753488877545e-01
6.173814599840277140e-01
6.174467044293435736e-01
6.155887668732525908e-01
6.174065975173244070e-01
6.165049477315516224e-01
6.168863968351980809e-01
6.182143675609247380e-01
6.180534120505364326e-01
6.174713316788197348e-01
6.181282787301307646e-01
6.181946892153487028e-01
6.180035266292461804e-01
6.175727700756356020e-01
6.169582922467040653e-01
6.176151599568966422e-01
6.169199896414203632e-01
6.185180347416342483e-01
6.169031245393528096e-01
