7.105693495618118360e-01
7.113825553806096824e-01
7.116064882082155929e-01
7.108887743372797052e-01
7.115793560701935139e-01
7.106285397057374720e-01
7.102714616512523227e-01
7.120003510430534810e-01
7.105266302083850238e-01
7.113158200365330419e-01
7.117800087949510690e-01
7.116082454510354038e-01
7.125950151997203497e-01
7.111238968489290713e-01
7.110960955603138345e-01
7.111835511195422344e-01
7.112147789316310975e-01
7.121434989528380166e-01
7.117825311612768768e-01
7.123066716561849976e-01
7.120948768504959947e-01
7.120544367369522343e-01
7.124213762606850242e-01
7.131371323743300739e-01
7.103886145475314384e-01
7.109399020200096730e-01
7.119671593670275911e-01
7.103996087996066189e-01
7.117030072805836660e-01
7.116388388939682841e-01
7.116860849355826080e-01
7.119318591530344742e-01
7.104847901164850210e-01
7.116506724488574909e-01
7.112537927853710418e-01
7.114200891449868891e-01
7.111534615070816967e-01
7.109044479748156675e-01
7.112546348521334716e-01
7.122186365580565059e-01
7.129562928274261191e-01
7.114833084104795757e-01
7.100930512036147668e-01
7.117937067550494934e-01
7.112159194628913106e-01
7.115324441322472548e-01
7.118170543605280010e-01
7.107977132123743935e-01
7.101984264906153754e-01
7.113517069184395192e-01
7.107251661295356238e-01
7.114296775725295063e-01
7.115361986310497766e-01
7.115127681398180082e-01
7.108702952000794939e-01
7.109134040919741215e-01
7.108520651456030626e-01
7.116319242593871497e-01
7.116337640618208837e-01
7.112445230427622000e-01
7.114892135827942665e-01
7.115936135053270162e-01
7.115718895674155720e-01
7.106116080855600092e-01
7.114522304981694134e-01
7.117700786488883047e-01
7.117853254162588295e-01
7.115592508350708778e-01
7.112775662755770334e-01
7.119794862344988040e-01
7.107633076418102824e-01
7.115323453795556752e-01
7.112018819263072889e-01
7.105896226306769314e-01
7.103577179570962352e-01
7.113013186007319799e-01
7.111222000008801114e-01
7.121091696480635891e-01
7.111217634169382240e-01
7.124026041779294438e-01
7.119719728619682275e-01
7.108823526088094980e-01
7.117980309953485518e-01
7.117038146898804207e-01
7.113397567507518948e-01
7.117684375881012659e-01
7.114303849233860610e-01
7.106580601658353258e-01
7.111961230121692790e-01
7.112149448666362783e-01
7.113838719180273218e-01
7.129198258156882462e-01
7.111895081022563403e-01
7.109677460832266593e-01
7.110503382914115100e-01
7.119346119710379117e-01
7.112970366435962255e-01
7.111628714221168712e-01
7.114281050686055430e-01
7.120840662791666498e-01
