1.706666231577392279e-01
1.716164433537989698e-01
1.715129032192831970e-01
1.725184125741183738e-01
1.722426096564490805e-01
1.715923431197918514e-01
1.723379857994171704e-01
1.730789677190377462e-01
1.714541450466299799e-01
1.723573181637507445e-01
1.705485407580577262e-01
1.714143523238181310e-01
1.725678911254432957e-01
1.724147196194230069e-01
1.724358460990485509e-01
1.701023257722908411e-01
1.716576191305579924e-01
1.717097628775692275e-01
1.719311291920740947e-01
1.709620225521815418e-01
1.717468316203686063e-01
1.713386959583979852e-01
1.715713524924057376e-01
1.717666393784618162e-01
1.713938807672622522e-01
1.714639284538728159e-01
1.697710024265449980e-01
1.702864990082658125e-01
1.715790477215974885e-01
1.723714750776543791e-01
1.732901913710128972e-01
1.713394306924631294e-01
1.715999498293443726e-01
1.720162055591855643e-01
1.717751162309002488e-01
1.713761381114401461e-01
1.711946288096138080e-01
1.723390822103845199e-01
1.714152645383129059e-01
1.710048587234370143e-01
1.725251250913958090e-01
1.729605337994517267e-01
1.721960836195505773e-01
1.722636538760353997e-01
1.719318411610697706e-01
1.723384907230646190e-01
1.733994834894831971e-01
1.715637874230012960e-01
1.714575199280576334e-01
1.712969421663839698e-01
1.709272982847779010e-01
1.712381398444286218e-01
1.717084675534087945e-01
1.718274089514065794e-01
1.733553674795422772e-01
1.716820837936693378e-01
1.702771370299823450e-01
1.715009775013933702e-01
1.697674295131388067e-01
1.717825734778789804e-01
1.716258667674540606e-01
1.726262144103793417e-01
1.719006040900590004e-01
1.715979504380637233e-01
1.712093969341759725e-01
1.718887300419119080e-01
1.711650362372617029e-01
1.708571135605387314e-01
1.713787785188737867e-01
1.714917550540793756e-01
1.708625122184158351e-01
1.728109451584974310e-01
1.718681850842671832e-01
1.720923213594447443e-01
1.719377077274203136e-01
1.712943853794197946e-01
1.716020607044451696e-01
1.716857475910346376e-01
1.715203808237556471e-01
1.705946887234710552e-01
1.726379584092427588e-01
1.717056045089485894e-01
1.720029594038383070e-01
1.710651468769380235e-01
1.719348014600552699e-01
1.723062675915371100e-01
1.728985302557173864e-01
1.721419731428658062e-01
1.718519186828046663e-01
1.715747653879966805e-01
1.714450572611916357e-01
1.719523303133068115e-01
1.720064912659323153e-01
1.715382932449895925e-01
1.723191008014965941e-01
1.720363727213041760e-01
1.715835223556494704e-01
1.712206186344371051e-01
1.724177789396830474e-01
1.718213738462520956e-01
