3.688552747842924195e-01
3.691199463789834878e-01
3.708622482039675150e-01
3.693602197756379324e-01
3.692542250172340390e-01
3.693333485365450364e-01
3.700299163981545236e-01
3.704851872714071126e-01
3.702842571379157954e-01
3.707734022358939452e-01
3.696781541708883401e-01
3.696540656628078958e-01
3.694055610457139260e-01
3.713335077004238372e-01
3.713610802429200830e-01
3.714029284602615721e-01
3.705135938956334862e-01
3.710291199396003048e-01
3.708963228931565492e-01
3.694726251535944139e-01
3.700095272318835726e-01
3.706441634098412430e-01
3.698335194475027565e-01
3.710440383229359762e-01
3.702146547433632362e-01
3.709171919740192336e-01
3.712682400841215147e-01
3.697800386765481839e-01
3.703265908346743407e-01
3.702234373465317363e-01
3.705797804994251932e-01
3.704074458989032870e-01
3.691489332232477105e-01
3.709001154840680936e-01
3.700615723836588322e-01
3.705541642827721582e-01
3.707506344906071338e-01
3.709787473995198592e-01
3.713314114290576784e-01
3.703944444795370106e-01
3.707313347404125325e-01
3.702051808539583155e-01
3.713280886907048828e-01
3.700852759777707446e-01
3.694394104620628561e-01
3.703582111771608898e-01
3.693784375309184798e-01
3.699120600966658845e-01
3.695379783375605243e-01
3.705353935751187211e-01
3.703757489815034942e-01
3.705271231180933267e-01
3.695364742045567086e-01
3.709205306705060101e-01
3.705488088721113904e-01
3.698173952800601905e-01
3.692309536686060323e-01
3.699078982475814126e-01
3.701242166726321781e-01
3.698892658872733330e-01
3.702920923240365370e-01
3.694826015236797323e-01
3.709352561496609413e-01
3.703247125202445700e-01
3.713419841837753976e-01
3.706762337425305587e-01
3.702079031485132621e-01
3.703143573456754156e-01
3.701742043019000672e-01
3.704431048374350888e-01
3.714673448228446029e-01
3.698646506378797660e-01
3.702110661399280467e-01
3.698429454830656216e-01
3.709441434510881708e-01
3.700871429097452037e-01
3.720461983460510158e-01
3.701052359737355135e-01
3.703742411472974450e-01
3.706873434672337542e-01
3.718581634767688104e-01
3.688837937864297700e-01
3.693422102429708143e-01
3.706694458512804768e-01
3.721786574113776780e-01
3.701760158173619253e-01
3.710554816756034269e-01
3.696838621671856284e-01
3.706076663004745919e-01
3.710519140091700363e-01
3.703305874730795089e-01
3.711722038380750877e-01
3.704431628868954940e-01
3.702383112290839606e-01
3.708339054198291906e-01
3.700040405327761350e-01
3.704521594100167459e-01
3.715961556408724498e-01
3.702744891659940363e-01
3.704166674795372760e-01
