6.953191825450033559e-01
6.955983156909121279e-01
6.951545543724801934e-01
6.965261521606007644e-01
6.960728235663434793e-01
6.962625127244753687e-01
6.962829663022378490e-01
6.965914736524163597e-01
6.962525329368842719e-01
6.948006850013426217e-01
6.956305161813187699e-01
6.958505328991004824e-01
6.959900072382554370e-01
6.958816767531728065e-01
6.956603739555518029e-01
6.961827331126884122e-01
6.957384960601264989e-01
6.960792239349284927e-01
6.965876027624169353e-01
6.956031301442040515e-01
6.953647669789700947e-01
6.957340163160570246e-01
6.956348547720557773e-01
6.957825196119777900e-01
6.951559746581006394e-01
6.947484205016536407e-01
6.967250776593190142e-01
6.955974257818474671e-01
6.949887486631838307e-01
6.937851697329751044e-01
6.959234224513755063e-01
6.967039018230332115e-01
6.950096345747283078e-01
6.943291148421818493e-01
6.952303692596339957e-01
6.954699959540372456e-01
6.956128806312001922e-01
6.971878519492218373e-01
6.957627519394062876e-01
6.955155751846195944e-01
6.959288727578140099e-01
6.956083606508747241e-01
6.956409947555899365e-01
6.953478608485690327e-01
6.937415637433562710e-01
6.950985320517201194e-01
6.959213825786055851e-01
6.951985105379610008e-01
6.951342382790075547e-01
6.962724045529896655e-01
6.957194829911992340e-01
6.958438577449101992e-01
6.950995676299460690e-01
6.949738400892294665e-01
6.950827755224731064e-01
6.949212573672539639e-01
6.952944708399468876e-01
6.954488270399243888e-01
6.950323458014953104e-01
6.949359528507483841e-01
6.948087563442759684e-01
6.961107167012430263e-01
6.954977030237765590e-01
6.950124406615953987e-01
6.953450621899981421e-01
6.966877019239179347e-01
6.957291221599264386e-01
6.950569324791281423e-01
6.960351239020856617e-01
6.950031766826574309e-01
6.956205716649687121e-01
6.958319184967349802e-01
6.959635914762376530e-01
6.960631318422689784e-01
6.956680353022708374e-01
6.955262574396440245e-01
6.950805929884313894e-01
6.944936607508436222e-01
6.952495980514057372e-01
6.950196387300444645e-01
6.951876669130795383e-01
6.966177236454951238e-01
6.964392168029778230e-01
6.964215650895207999e-01
6.958520855592940091e-01
6.967882653582744279e-01
6.958979988772472369e-01
6.958937658872825782e-01
6.951325887973868189e-01
6.947208500425614552e-01
6.956366842420955710e-01
6.950406772571924296e-01
6.956277078469780273e-01
6.953584638409027185e-01
6.949326233255883611e-01
6.948036285970158321e-01
6.962519944304015329e-01
6.958566744852883179e-01
6.965718183647811035e-01
6.958645650791301929e-01
