7.013982307420216777e-01
7.032539514212432508e-01
7.031443503699070785e-01
7.034860323344813704e-01
7.042565348678726522e-01
7.046623872453703363e-01
7.041899703431093727e-01
7.037072655904511587e-01
7.032162644527074624e-01
7.029728720546152276e-01
7.036477729391450442e-01
7.026657604871924256e-01
7.032256554791870284e-01
7.043724236633148728e-01
7.032044039252929313e-01
7.030408973430771757e-01
7.035348201194860929e-01
7.035289915781463010e-01
7.029215191848938726e-01
7.042673598478439434e-01
7.030603123868688353e-01
7.035689729483209920e-01
7.034296211355018924e-01
7.030341309793941562e-01
7.021625106080118250e-01
7.033013242314709590e-01
7.039456144579838703e-01
7.023943109996365619e-01
7.036275204164450514e-01
7.029563236719964525e-01
7.032455548658891331e-01
7.024585901478909156e-01
7.032901582845583199e-01
7.047731121157416734e-01
7.035265285012378689e-01
7.041428944709720028e-01
7.037007266006334305e-01
7.033204712324607755e-01
7.023602404798605647e-01
7.029997124201700087e-01
7.034009355876778002e-01
7.031083532708891637e-01
7.030875610448579227e-01
7.037324913659922521e-01
7.033312246029617132e-01
7.034860175542527738e-01
7.028801286043184771e-01
7.038033211619751928e-01
7.024253244608085200e-01
7.030686021308791833e-01
7.028112614856918405e-01
7.021752637570193301e-01
7.031711586979878525e-01
7.030312109742904436e-01
7.028502331319161911e-01
7.036939793799623644e-01
7.034213775783038081e-01
7.017857249364285455e-01
7.031336120824140945e-01
7.039739077854593186e-01
7.037741664500422045e-01
7.028494539431531241e-01
7.038512900547706508e-01
7.038448414696378830e-01
7.031305192329539988e-01
7.051371877682772737e-01
7.048705059301115794e-01
7.036646846917010700e-01
7.034775058916893364e-01
7.025324059316080394e-01
7.031231239826721824e-01
7.038249410541682627e-01
7.034821629100704854e-01
7.032675227100696480e-01
7.032973700875795320e-01
7.031409096571876738e-01
7.038010762018920285e-01
7.043270341850618177e-01
7.028282673669945524e-01
7.037450186159983634e-01
7.019855260570476707e-01
7.033530685951916439e-01
7.041359597012984972e-01
7.038280030392811693e-01
7.033797592040056390e-01
7.034902470380168804e-01
7.043312991652386224e-01
7.037430599344476345e-01
7.033437506113200399e-01
7.040984146002198241e-01
7.047001253503700768e-01
7.030700522549010456e-01
7.041393273288010235e-01
7.031299946235290976e-01
7.034810708491370246e-01
7.034077630112860469e-01
7.027936415762727762e-01
7.028396455305068180e-01
7.024301830794079660e-01
7.043775833058432134e-01
