3.699642258871532752e-01
3.703035656500081041e-01
3.704463386372420786e-01
3.710300331751351655e-01
3.711158422245738331e-01
3.721740548103641411e-01
3.717213668614332556e-01
3.716178549918233154e-01
3.710184657869886604e-01
3.721967081245925457e-01
3.720277718388237398e-01
3.714909308190985637e-01
3.710530204587361158e-01
3.713441527070090453e-01
3.715919496331917538e-01
3.713738666544541545e-01
3.714018840982611924e-01
3.715771932825898682e-01
3.724189035334998232e-01
3.718882717726418319e-01
3.708382569363282144e-01
3.705404198549435701e-01
3.713640342474779366e-01
3.717248427053159165e-01
3.706617961992999533e-01
3.720811338005937663e-01
3.703277484374679629e-01
3.721225965649143652e-01
3.711168139628466811e-01
3.712278104237583531e-01
3.722499204548200824e-01
3.710241762365336093e-01
3.702617119227105125e-01
3.720892015857163448e-01
3.721762544029272868e-01
3.719627262457408934e-01
3.720000831185700241e-01
3.722858481921915708e-01
3.712827779950959028e-01
3.723615529391685053e-01
3.716689477995310797e-01
3.700542587402500527e-01
3.697389621305474106e-01
3.711063163233726536e-01
3.722124936381048799e-01
3.725777642562870806e-01
3.713348880896600313e-01
3.714195315663589292e-01
3.714215329031240187e-01
3.713039613131458028e-01
3.712679529902794817e-01
3.721841256694900513e-01
3.704634439505425370e-01
3.712625336412988530e-01
3.712221695124686138e-01
3.714261285803660551e-01
3.717377769897715067e-01
3.716605275436040134e-01
3.708832643522231853e-01
3.722905064812596088e-01
3.716136989668975543e-01
3.723232609616068389e-01
3.721555644232057425e-01
3.715242429586876893e-01
3.710835091814300157e-01
3.714069375320380173e-01
3.710963998679633891e-01
3.714838611598281215e-01
3.710042826560961404e-01
3.725144822286237112e-01
3.711980445630033154e-01
3.715234435901886290e-01
3.711200727675324496e-01
3.711717742377794726e-01
3.713272637837443657e-01
3.704841806472032317e-01
3.715805852820064370e-01
3.717612313772123978e-01
3.719606633786687877e-01
3.713982713310646222e-01
3.713883971726961164e-01
3.720324511263129463e-01
3.705292876578719641e-01
3.712733901523586066e-01
3.716980472151846238e-01
3.730103025138612471e-01
3.722715548011584774e-01
3.713383246814164762e-01
3.708085440908119867e-01
3.710914235826091034e-01
3.719358926610818461e-01
3.706496973918047000e-01
3.717411242255402870e-01
3.712039921363603501e-01
3.724865994153839788e-01
3.704199092187122622e-01
3.717379705104726373e-01
3.708332171431858448e-01
3.707260376944858660e-01
3.712720497228453875e-01
