6.439473188295502526e-02
6.485338637920223803e-02
6.496187469425566963e-02
6.466510965763916374e-02
6.506933925917159078e-02
6.532938454331621569e-02
6.554990918058542504e-02
6.561455700814683434e-02
6.575662388458743124e-02
6.516826313256517123e-02
6.581071603113389235e-02
6.560359863722825535e-02
6.466859115106204925e-02
6.450480025416727159e-02
6.518920549494672256e-02
6.558331448810110487e-02
6.508081998273892999e-02
6.430119365031483625e-02
6.546811979043805352e-02
6.566643956224052503e-02
6.594302704296614581e-02
6.382929372711290683e-02
6.570522620270272118e-02
6.540900017651657405e-02
6.550934917660397594e-02
6.583577103910881467e-02
6.621973357041360808e-02
6.447534000380829300e-02
6.646314709971445911e-02
6.509015940381937537e-02
6.578781532197688908e-02
6.414825035545694554e-02
6.489241916048807401e-02
6.448884146567726572e-02
6.534950304522013642e-02
6.390623638990682032e-02
6.447512817867298573e-02
6.438307946250956815e-02
6.455226053941900966e-02
6.428166506508048439e-02
6.482194737215365987e-02
6.464996545694763619e-02
6.543724103315765039e-02
6.597065017611407345e-02
6.463977471049142665e-02
6.548002437067952652e-02
6.514751856268365116e-02
6.414356745212902722e-02
6.594807100005196931e-02
6.482750509611645562e-02
6.460866213867298702e-02
6.554506492599004863e-02
6.497470659835373474e-02
6.452709206192630553e-02
6.575064614773021288e-02
6.441242477256067800e-02
6.548855552075596997e-02
6.447137413823297858e-02
6.430459351993714212e-02
6.460733815065537733e-02
6.566502236798389680e-02
6.629020777206826032e-02
6.449203870632524982e-02
6.479981254404409974e-02
6.459325001484807205e-02
6.568460458006473990e-02
6.554780385010854082e-02
6.552924448706927418e-02
6.598852419090225907e-02
6.494726221886332196e-02
6.553873945605066809e-02
6.597391503539817847e-02
6.442306551741577847e-02
6.537832302122856265e-02
6.530666496830550560e-02
6.502678742670670031e-02
6.412933495073837309e-02
6.462838269293977311e-02
6.497455205126445588e-02
6.469100433863009258e-02
6.628452339234744417e-02
6.480247791656530698e-02
6.523895560597156584e-02
6.467849132435941895e-02
6.480604421827280970e-02
6.480680714157402433e-02
6.436871641839619906e-02
6.532359402672117954e-02
6.499513287325489608e-02
6.470052792195378488e-02
6.468056231703378511e-02
6.562885883998217929e-02
6.490561508956388392e-02
6.489220292540930080e-02
6.692062204708208728e-02
6.460714733759106987e-02
6.507563073791863828e-02
6.490208431711574910e-02
6.399152860151963162e-02
6.484419344246747374e-02
