6.084937467061384275e-01
6.081405868704190532e-01
6.077190975907179604e-01
6.076413175533480482e-01
6.094226190812650490e-01
6.087061733374148353e-01
6.094850791950505720e-01
6.086083231650145642e-01
6.085228523284872404e-01
6.089076684661089978e-01
6.078750340594534229e-01
6.076395750463894352e-01
6.077917423606629121e-01
6.078355021744681341e-01
6.087360335027224290e-01
6.080938737436758501e-01
6.084392622033190090e-01
6.084379914538184941e-01
6.078504202826834346e-01
6.070512727409105302e-01
6.090001679850106653e-01
6.089971065373076531e-01
6.073159767814360066e-01
6.091079384323443424e-01
6.078217482500769542e-01
6.081495388598707752e-01
6.081722783093144180e-01
6.092393416100809755e-01
6.071460525904923689e-01
6.083167036527330485e-01
6.083858384866034363e-01
6.087742748845538232e-01
6.080598860099053482e-01
6.081011565116318796e-01
6.078368283907098490e-01
6.082177599019001901e-01
6.085665276496510234e-01
6.084796495607078803e-01
6.088495196243585150e-01
6.079310802699113836e-01
6.089036046749933817e-01
6.081581528769319789e-01
6.091783316073605681e-01
6.079161275504785245e-01
6.090081394443305207e-01
6.082848168490254670e-01
6.080756101345510256e-01
6.082731824627465311e-01
6.072260957288595495e-01
6.089457234128665686e-01
6.086786922720421877e-01
6.083088696493452741e-01
6.086659225751805957e-01
6.093008603092434639e-01
6.086025680245461533e-01
6.078536377360606036e-01
6.087772274611540357e-01
6.094212547709645378e-01
6.083348705975863968e-01
6.085843926419898242e-01
6.086422294217266327e-01
6.073907513767410338e-01
6.078651568835864438e-01
6.070281832169175384e-01
6.081651030993133755e-01
6.082713380772930556e-01
6.083546302296455321e-01
6.084610947180624230e-01
6.093710013783504298e-01
6.088359252978136071e-01
6.067967915233145604e-01
6.091100544964213048e-01
6.082066494596820583e-01
6.075252534244959257e-01
6.081686443607376980e-01
6.089627246904456559e-01
6.084370401429615161e-01
6.097815103570942696e-01
6.083071077315206354e-01
6.076930528928963238e-01
6.095481670843778677e-01
6.087177070284268687e-01
6.085244068039652454e-01
6.083559347057203581e-01
6.079556590537915639e-01
6.090998848887274608e-01
6.081265907927673187e-01
6.086243362834202753e-01
6.089572527300171068e-01
6.092706390584181619e-01
6.085201488776139644e-01
6.093365347599087878e-01
6.085845693046179061e-01
6.087819273941514897e-01
6.075271500799640512e-01
6.075498538564059192e-01
6.081808758194433562e-01
6.086703714722772052e-01
6.075709455036694129e-01
6.083003638503059474e-01
