5.989052990492772094e-02
6.135867813063566878e-02
6.054780687411272233e-02
6.079273317981979952e-02
6.225154454957005506e-02
6.228676486620632335e-02
6.093650854600241723e-02
6.143740053069331186e-02
6.100529249246515462e-02
6.101091157157687017e-02
6.266127836705558118e-02
6.218284697778957149e-02
6.185909308413280183e-02
6.197439632604324899e-02
6.170389438935201115e-02
5.984504912641952501e-02
6.193026102178681574e-02
6.138491625033494492e-02
6.170245597228410372e-02
6.154760187649983144e-02
6.190488316143003683e-02
6.158210915788038531e-02
6.071947119378420799e-02
6.204654098124381956e-02
6.126918305800854031e-02
6.131312598172451722e-02
6.063770181192894987e-02
6.185945965775813821e-02
6.080012404323133224e-02
6.140557864385484677e-02
6.190149516466050134e-02
6.157047211886228916e-02
6.130892637731589351e-02
6.146731977017046850e-02
6.073628549117164599e-02
6.109976002812869678e-02
6.163214762092546900e-02
6.092587438459157179e-02
6.180499053130059095e-02
6.072192794815349515e-02
6.161192658976739206e-02
6.100753850186976801e-02
6.125706594088237839e-02
6.186345419783068067e-02
6.091241290926123486e-02
6.044014923220854957e-02
6.009759941339325173e-02
6.211837453211010301e-02
6.136816735579420090e-02
6.122763249845375455e-02
6.180783273145949025e-02
6.183645366354412198e-02
6.168461874823928659e-02
6.018190616505243035e-02
6.185332286974032368e-02
6.082353268280085712e-02
6.136611674213137552e-02
6.196891381024049322e-02
6.167660291659306238e-02
6.098497364705573326e-02
6.106617019868797180e-02
6.125029488229740554e-02
6.190223493925145481e-02
6.280106384692661636e-02
6.111861889874231624e-02
6.212259553433257392e-02
6.147767190073831489e-02
6.114133267662887061e-02
6.126631021337927002e-02
6.070046629844190467e-02
6.151773061327189818e-02
6.077368288619614672e-02
6.207252987320806964e-02
6.149702642588673884e-02
6.087607407873181498e-02
6.155409055667367124e-02
6.087210604163395544e-02
6.094539331611534966e-02
6.130949136430152713e-02
6.109060461732790381e-02
6.195572841955418464e-02
6.197352103241426241e-02
6.169542489676657637e-02
6.167154798150926293e-02
6.182353872158469210e-02
6.229829933232090139e-02
6.178922939547394633e-02
6.271924167622533464e-02
6.165874182178125718e-02
6.072103910604974286e-02
6.247364342722008801e-02
6.198886088661989535e-02
6.019441092060751064e-02
6.124416153132953428e-02
6.148227458113907085e-02
6.221512313364223334e-02
6.109609035605078481e-02
6.119899603767217644e-02
6.153857456785397084e-02
6.046036266304054968e-02
