5.336794128096581380e-01
5.333319968464550476e-01
5.337020584376099830e-01
5.334835418457772871e-01
5.333816806094431318e-01
5.320378037921376091e-01
5.344056079159178463e-01
5.337160603048168861e-01
5.333575142620000653e-01
5.338945826707474085e-01
5.337357094401995461e-01
5.338851844256649049e-01
5.335211402534936198e-01
5.335611293161990343e-01
5.345681502911068250e-01
5.339390882167136532e-01
5.330041639502978157e-01
5.335082206551087225e-01
5.331059144567132924e-01
5.340417162728166023e-01
5.327672638290785745e-01
5.327655928778196603e-01
5.331066288875702108e-01
5.327588875518434186e-01
5.344328994955895862e-01
5.333415181665650540e-01
5.327136825602990511e-01
5.338357441919272528e-01
5.349382558876261129e-01
5.339446076822391696e-01
5.330512895479796454e-01
5.333830610494414426e-01
5.345060097122901199e-01
5.335951391755224815e-01
5.328489637543492030e-01
5.336569713287828698e-01
5.328222878482009595e-01
5.337424343543353267e-01
5.334255225776478593e-01
5.335432751121881312e-01
5.335013743078259596e-01
5.328373327050979213e-01
5.332278542819383071e-01
5.345198230003451734e-01
5.329682345579342950e-01
5.335247543682188898e-01
5.346246975953171665e-01
5.342244573140780828e-01
5.335143927501300176e-01
5.326487310477326931e-01
5.337353901931650713e-01
5.329633792248424928e-01
5.332086146911330093e-01
5.339149809260355095e-01
5.340646167517162368e-01
5.338768583321149563e-01
5.334495862682545608e-01
5.334267042885976196e-01
5.334634752395441826e-01
5.341164872925420193e-01
5.339084244840475169e-01
5.341076046627012408e-01
5.342239238579641336e-01
5.341167562267338242e-01
5.329434146511443648e-01
5.341156051303344032e-01
5.340472772955985326e-01
5.343925548017697258e-01
5.334743679209106304e-01
5.343314889927862632e-01
5.353564663004325430e-01
5.335957456981709202e-01
5.340553341615470462e-01
5.331335912600038140e-01
5.327451355749952544e-01
5.333647744585215955e-01
5.331802843009594284e-01
5.346125839283026870e-01
5.337405280023250764e-01
5.344614400708973534e-01
5.320915022488987844e-01
5.336835022909923731e-01
5.338446262148317523e-01
5.329788804099256927e-01
5.341114840688270249e-01
5.330583164670766871e-01
5.333515599797782336e-01
5.333368696365826667e-01
5.336738625579818818e-01
5.338489676593957123e-01
5.338465153251671369e-01
5.335922786007692986e-01
5.345390772133163937e-01
5.330587689110983796e-01
5.325395231239717919e-01
5.336017454817314487e-01
5.342144139840532269e-01
5.330187025564756542e-01
5.334532657587877091e-01
5.340229004309103855e-01
