5.761763727038669014e-01
5.779259378180342521e-01
5.766453150012061935e-01
5.768160173633113397e-01
5.785092236213982275e-01
5.771877588224473277e-01
5.774718046933385862e-01
5.782110305011713969e-01
5.770258726701624763e-01
5.777529189208282512e-01
5.779034030654863763e-01
5.775413007340803873e-01
5.785231283791771872e-01
5.774934364266425257e-01
5.770096847234676973e-01
5.777736447223573713e-01
5.783232662703239324e-01
5.786349053742032567e-01
5.783039117818369323e-01
5.764760627369079904e-01
5.777124869702874310e-01
5.760324576802073882e-01
5.777431636776109158e-01
5.789306943634707769e-01
5.766415728976621580e-01
5.774200351725637947e-01
5.774712424056626103e-01
5.772421084052878903e-01
5.771278044711216637e-01
5.780076629150641132e-01
5.776096789843567780e-01
5.781847880438160114e-01
5.770225607397174716e-01
5.778334344668488720e-01
5.782203637930243278e-01
5.793702959391496821e-01
5.771988549536026802e-01
5.776867057685652895e-01
5.783319056953544202e-01
5.768312833179098931e-01
5.772868537985371695e-01
5.774779144018578059e-01
5.775487282405871170e-01
5.773127471884846873e-01
5.771866251784513180e-01
5.779201680104336658e-01
5.779945432853825782e-01
5.769484682092960171e-01
5.768036196034032059e-01
5.782552857366123344e-01
5.786730293453423712e-01
5.784872590138122606e-01
5.772010869856432080e-01
5.776236465283240973e-01
5.775508305434788880e-01
5.765396678514426165e-01
5.787995620243117090e-01
5.776575988009279294e-01
5.774347631071053977e-01
5.767322392598192016e-01
5.786425296840159715e-01
5.783208091604657985e-01
5.775699173164363653e-01
5.775293223046671365e-01
5.771540300742539209e-01
5.772585391067208693e-01
5.777281085995713550e-01
5.774512247766769857e-01
5.779913224999198018e-01
5.777393664864938216e-01
5.775600584642290869e-01
5.769315226770960203e-01
5.780976621969357021e-01
5.782114161085202264e-01
5.772223558222179252e-01
5.777608742368993688e-01
5.786202622511038562e-01
5.770116517398060640e-01
5.772352075562392493e-01
5.774323888475867417e-01
5.768773524159986898e-01
5.775260984696517497e-01
5.771318030739487348e-01
5.780996215632927537e-01
5.767756520999522962e-01
5.774913898373870147e-01
5.783277105644406557e-01
5.776094664265910561e-01
5.765930339959461914e-01
5.773132216279921458e-01
5.769662550495275877e-01
5.784267622629528649e-01
5.771120196410791658e-01
5.769004897494942607e-01
5.775644696213257934e-01
5.775441728694203913e-01
5.779556246572374878e-01
5.768907399752463139e-01
5.781201274775858989e-01
5.781446058688741729e-01
