7.492989229267102980e-01
7.489156188155575711e-01
7.495216641198001462e-01
7.503078217019562013e-01
7.495870882703599136e-01
7.499982984502818750e-01
7.504105832428085154e-01
7.502133259340670879e-01
7.496820575890661420e-01
7.491298815178760728e-01
7.499224980591363554e-01
7.494137963617120146e-01
7.496738825342702528e-01
7.491854630050480690e-01
7.487290860953751404e-01
7.493033826444071011e-01
7.491453306150326341e-01
7.499728785458231739e-01
7.495398477256510761e-01
7.498855035286386972e-01
7.496785427388512613e-01
7.499759536812935501e-01
7.497293429189143543e-01
7.495825970049743159e-01
7.495835244074358084e-01
7.496299128950809632e-01
7.494115213307026568e-01
7.504747590163880488e-01
7.499644306255772719e-01
7.492301025365117884e-01
7.505230201063896045e-01
7.499452644278034041e-01
7.480562488817865674e-01
7.498778975725288731e-01
7.492152552504717233e-01
7.482623873508027490e-01
7.492738613911914536e-01
7.484402493257368283e-01
7.487511981211562029e-01
7.485723112281599256e-01
7.497744346206254296e-01
7.501405207074640646e-01
7.505399890649890882e-01
7.506658279384785804e-01
7.488031734604891909e-01
7.506636765220455754e-01
7.497389086511325740e-01
7.506716963183392988e-01
7.484201453556420525e-01
7.496931737562033682e-01
7.506097257514409149e-01
7.491727329497400723e-01
7.492533618772514448e-01
7.488639701472894483e-01
7.488612205146922829e-01
7.496683262061554220e-01
7.488766067119465575e-01
7.494899461566350007e-01
7.498410512790730786e-01
7.489464358740605121e-01
7.496908172775281765e-01
7.495367509014135843e-01
7.489795970835811945e-01
7.487033669921174805e-01
7.502208925424227459e-01
7.502328353562315311e-01
7.494536094939440174e-01
7.497453500976918317e-01
7.488082229733339368e-01
7.499126151389036155e-01
7.487193916911425440e-01
7.493925898213174008e-01
7.483228461628846917e-01
7.478961927405929355e-01
7.492261101372159615e-01
7.501149259804152925e-01
7.476377013350281597e-01
7.486536646340087309e-01
7.498444355288580443e-01
7.495492133542717150e-01
7.493016058731944984e-01
7.492205850998123751e-01
7.498426202642691774e-01
7.501019194285967195e-01
7.493243842794898857e-01
7.486158591316792732e-01
7.483699050771517314e-01
7.506229456322468518e-01
7.491105511630645752e-01
7.490931540725200843e-01
7.496470813823188362e-01
7.506594335323966138e-01
7.505771923340106566e-01
7.486243778115176939e-01
7.492551448967760264e-01
7.496037823772654374e-01
7.499560193614209780e-01
7.503685082730575662e-01
7.495046231161104355e-01
7.487657534459568609e-01
