4.669775253843690965e-01
4.682156763489289109e-01
4.681084083644209692e-01
4.667735730002556260e-01
4.666125430867612556e-01
4.675632096779425151e-01
4.670399480222860999e-01
4.684134511477321960e-01
4.663514622168890011e-01
4.680511125886157586e-01
4.669727780778450410e-01
4.667436357537807501e-01
4.683614774688814597e-01
4.678879560359234802e-01
4.679095233655518049e-01
4.681941928998867297e-01
4.678871588913877111e-01
4.667049862552358208e-01
4.680616233323303677e-01
4.669588491876625613e-01
4.674452573821060719e-01
4.676283219797514601e-01
4.680800744696224092e-01
4.667763767338669600e-01
4.670519542092479437e-01
4.668475542662913758e-01
4.682002901078037294e-01
4.668861522732468128e-01
4.677989641723078185e-01
4.672539776513919829e-01
4.683371231212342667e-01
4.677208650833681314e-01
4.669329714097951722e-01
4.689513922718676620e-01
4.675636501538475431e-01
4.680704350431255101e-01
4.670123774416496398e-01
4.664070432816797007e-01
4.672089478568340892e-01
4.677011589138978520e-01
4.687066128894334938e-01
4.668949342006047942e-01
4.680771990223950851e-01
4.683336399040810560e-01
4.681073519192777699e-01
4.682636875758133810e-01
4.671887005865270615e-01
4.669201930302498971e-01
4.673364471962786482e-01
4.675906393731422694e-01
4.669571026877283315e-01
4.670735707709460227e-01
4.675314897779707102e-01
4.668249152452734752e-01
4.672779997871613356e-01
4.670665798961247672e-01
4.676416435646690850e-01
4.675460387777891080e-01
4.674554772837841710e-01
4.680414793518373751e-01
4.681482763316886508e-01
4.676293367971358084e-01
4.686555846460203067e-01
4.665832007732658715e-01
4.676940041187744868e-01
4.674311520289954336e-01
4.676508321048729044e-01
4.672210700163059727e-01
4.675871128081546257e-01
4.674072604256165331e-01
4.678877416942204825e-01
4.676036711833824189e-01
4.663055406043514761e-01
4.678249779831392674e-01
4.677985934414126690e-01
4.675588659018762860e-01
4.673291066830574936e-01
4.682937511732988556e-01
4.675972320137355975e-01
4.673824517587953364e-01
4.674099108421276294e-01
4.664708364622579539e-01
4.671583095989537693e-01
4.674521413938750314e-01
4.664362966749989181e-01
4.672344293661126469e-01
4.674192221110755052e-01
4.669912412877879060e-01
4.672504742442962211e-01
4.664647540673776405e-01
4.676255544121986629e-01
4.675740916289449212e-01
4.679116267731618928e-01
4.670684144752206279e-01
4.683017941908544368e-01
4.680982292728801397e-01
4.684848577589350027e-01
4.676167251644092193e-01
4.680234965430701277e-01
4.672503590490147962e-01
