9.314414394563050870e-01
9.324639466593112047e-01
9.318961980951898649e-01
9.323531412952601460e-01
9.324442921022497721e-01
9.322681449876306647e-01
9.323236350004107109e-01
9.327599530725942945e-01
9.320462024601022799e-01
9.315065192267588667e-01
9.311970154382926967e-01
9.325087521254027401e-01
9.324840040308934874e-01
9.325400739996765331e-01
9.322550610830312445e-01
9.326731934383096778e-01
9.315138245396158423e-01
9.313297727697080752e-01
9.318487905063351784e-01
9.318373424686359208e-01
9.324530941181405908e-01
9.324687350381619666e-01
9.321573828121654248e-01
9.322397748587515354e-01
9.315487903935795178e-01
9.320564882778488158e-01
9.329817982432030421e-01
9.319729361882274077e-01
9.316666089192513489e-01
9.323632043829583882e-01
9.322971738989496160e-01
9.319726125565429564e-01
9.322272799884816497e-01
9.320967392339818414e-01
9.322620584177001568e-01
9.327078551091203540e-01
9.320205283633093973e-01
9.319439213099423025e-01
9.326429794261645867e-01
9.323792955702170371e-01
9.315484347723426151e-01
9.317191745384408863e-01
9.320835448521755939e-01
9.318312682397604796e-01
9.327904541594984611e-01
9.308725925158017889e-01
9.325294129609591476e-01
9.323372787993069455e-01
9.312436429558298423e-01
9.309770554605258930e-01
9.315419605082363441e-01
9.325991941855910072e-01
9.317103341347532375e-01
9.316667523960273645e-01
9.327824012054257707e-01
9.321987666136769546e-01
9.311108152162599350e-01
9.320170276067095694e-01
9.328982609900515754e-01
9.308336763988012130e-01
9.325357201847708222e-01
9.315319691466799057e-01
9.320907946461429727e-01
9.327851950774426193e-01
9.309384540335670088e-01
9.317670562057127626e-01
9.316973907772155838e-01
9.316100914860512283e-01
9.330317912294845417e-01
9.314271131027074269e-01
9.316201836164312855e-01
9.321525035681084148e-01
9.320513948591542253e-01
9.326563787287326379e-01
9.318345551074458388e-01
9.318061482098529691e-01
9.312136528911842959e-01
9.315590963376226830e-01
9.314167657148459956e-01
9.313320705627035068e-01
9.318222013439982909e-01
9.323662519765165690e-01
9.321146103562784058e-01
9.317475677328004302e-01
9.326191155108338737e-01
9.324992195165893172e-01
9.320956333808356753e-01
9.321848887302890407e-01
9.319247239496897262e-01
9.312090144307458850e-01
9.317671131477617275e-01
9.310852433116305615e-01
9.320438903220409355e-01
9.315446718993716235e-01
9.321925395944800075e-01
9.332216156413573049e-01
9.318221310664451806e-01
9.325742158393418579e-01
9.313789800742047209e-01
9.314078684478197534e-01
