7.163701925127440306e-01
7.172518272320793642e-01
7.196273576407610229e-01
7.181846205177164766e-01
7.174707838366511936e-01
7.180625623904552945e-01
7.171440045965836729e-01
7.175094640526303857e-01
7.185381937763151150e-01
7.188213983463140888e-01
7.185781691588050135e-01
7.181625427937983197e-01
7.162088883920265658e-01
7.168535377792926155e-01
7.171662346622733608e-01
7.176721152278511262e-01
7.173367472141818357e-01
7.182261316366116422e-01
7.179295952970152772e-01
7.170288272122778972e-01
7.177107931096000648e-01
7.178301223842339374e-01
7.181524302411772531e-01
7.169717918467207740e-01
7.162488648798643887e-01
7.178873927658633303e-01
7.166585676971342078e-01
7.166657281020090142e-01
7.183520901081608123e-01
7.167549491337529277e-01
7.168785368110115463e-01
7.179517723283954655e-01
7.174581141366584980e-01
7.178529088975112993e-01
7.173317446500666605e-01
7.164787198871199747e-01
7.175221510874660868e-01
7.182280097387535589e-01
7.174266136864646537e-01
7.183001531104650228e-01
7.167342077066564121e-01
7.160570477600620709e-01
7.181579607276415977e-01
7.170282281719424500e-01
7.179291222840262776e-01
7.163944059449435242e-01
7.177651880952418129e-01
7.176269930065870550e-01
7.162324374744455380e-01
7.170326991528498395e-01
7.157588377610069053e-01
7.173917375948237751e-01
7.170025989613755257e-01
7.175051308299689179e-01
7.171779257466919244e-01
7.172534088795370355e-01
7.159507421986692766e-01
7.173212932136704412e-01
7.168446948796158846e-01
7.168897406236010017e-01
7.176109644346744254e-01
7.172426671471587856e-01
7.174637531035410465e-01
7.171000470704202989e-01
7.161554536666197013e-01
7.173494540632410210e-01
7.179520035691464575e-01
7.173219543139263132e-01
7.173962454676090506e-01
7.171722249200092048e-01
7.167995925155593584e-01
7.184558279576724882e-01
7.171276656927594306e-01
7.175480056064484913e-01
7.176235504278725141e-01
7.172479807218735681e-01
7.168159691361581931e-01
7.173885132581636626e-01
7.174648611364810025e-01
7.181789037782695395e-01
7.183459759146426649e-01
7.171608027551802378e-01
7.172603643701331855e-01
7.173764148138317420e-01
7.169102950000170171e-01
7.179738171358727161e-01
7.167708800173657746e-01
7.167945830240708416e-01
7.172763392594523335e-01
7.175149675858889520e-01
7.162665759875220806e-01
7.186191374846736535e-01
7.171470547033496068e-01
7.174767148270719819e-01
7.180406579774837317e-01
7.186131829180919528e-01
7.173928338280501915e-01
7.178415039231869077e-01
7.166416610345790472e-01
7.182095127013108371e-01
