9.274617639242694889e-01
9.296541233537013449e-01
9.314780369114161740e-01
9.297068009481697093e-01
9.309278529812650138e-01
9.302011946420367661e-01
9.315607053740970755e-01
9.307601696516036860e-01
9.292032496336559699e-01
9.296761821349253108e-01
9.301130168708880985e-01
9.302641290270521335e-01
9.308762325939154980e-01
9.305215816009582142e-01
9.297055306207231418e-01
9.302534622639176964e-01
9.310350756945899864e-01
9.295954171940806754e-01
9.299971623493363815e-01
9.297604981977927174e-01
9.311042329611611823e-01
9.313471794906406087e-01
9.295406920096918046e-01
9.309626941472184392e-01
9.310761972787964247e-01
9.293643115027390156e-01
9.308096334463973331e-01
9.305102413535450978e-01
9.296296806178503402e-01
9.303168134820970492e-01
9.295110008932782053e-01
9.302859444351894158e-01
9.308566950780010618e-01
9.302186126590130666e-01
9.302941482750545221e-01
9.302626998485539200e-01
9.298537718282511300e-01
9.311538179807088422e-01
9.283071793570514263e-01
9.308403397187445805e-01
9.296235344342542728e-01
9.306233697102093139e-01
9.308995337793463110e-01
9.305600495885181234e-01
9.295417868393898164e-01
9.299558039546766963e-01
9.301761103797845376e-01
9.290136134673885326e-01
9.294403439713598836e-01
9.307530315684955369e-01
9.298508202246901222e-01
9.306041194338302569e-01
9.294732871516345751e-01
9.300372708785084042e-01
9.306139829733807156e-01
9.307607457428558329e-01
9.294527222496618002e-01
9.307960697987645027e-01
9.294189381363153757e-01
9.307743136843135145e-01
9.302683333117456321e-01
9.296758636070587833e-01
9.294151051291301702e-01
9.312208909885624220e-01
9.302423630622957962e-01
9.299911706307324444e-01
9.303037392375996806e-01
9.292427010042257907e-01
9.297236437288696198e-01
9.292857637170218732e-01
9.296325066615580557e-01
9.305771304438614777e-01
9.297477700895073749e-01
9.303317759886691185e-01
9.297525514613916853e-01
9.306707562848874904e-01
9.305035509290131568e-01
9.304826562208132756e-01
9.302703909786682601e-01
9.293186129992556666e-01
9.306829140549304213e-01
9.289659793918562114e-01
9.301456779749397441e-01
9.299851295853224231e-01
9.296908904419832753e-01
9.301589341513656350e-01
9.310597600847662081e-01
9.298568882228772647e-01
9.297170106445079574e-01
9.300806366834434291e-01
9.294944769116735284e-01
9.309896821831662450e-01
9.300707814988837807e-01
9.303638636714821608e-01
9.304894550273573595e-01
9.285163060274514990e-01
9.303156147186468772e-01
9.311997344424892686e-01
9.298560473706377616e-01
9.293239961136492422e-01
