2.522016623677198477e-01
2.528528114711108277e-01
2.520939686056330453e-01
2.525530296948086950e-01
2.519866852068859964e-01
2.542784749141692724e-01
2.534709819259854391e-01
2.525863068101888431e-01
2.525586598231214230e-01
2.523599557274885941e-01
2.520645080172941310e-01
2.514805459848332148e-01
2.522972259024744979e-01
2.526667088584799714e-01
2.537698208170087733e-01
2.517099790506733270e-01
2.515065381834150626e-01
2.520998581625339408e-01
2.525005347642725884e-01
2.524552488030361586e-01
2.521109387662773260e-01
2.516026166568239297e-01
2.532040534764317674e-01
2.513761860055804265e-01
2.519842502426231645e-01
2.521287605801260101e-01
2.520842697239460417e-01
2.525142921713907085e-01
2.513394199449228705e-01
2.531001185888188676e-01
2.527170613409801536e-01
2.531621895031304081e-01
2.528425508766393714e-01
2.525343301598506063e-01
2.514167917588107093e-01
2.505513814788867810e-01
2.525030087391724187e-01
2.529110436586916588e-01
2.518638099106089157e-01
2.524367938929885646e-01
2.520566011414401841e-01
2.517088021088014216e-01
2.518690542389432907e-01
2.532710567359320319e-01
2.532163456247277233e-01
2.528604937934743058e-01
2.521235593162103328e-01
2.526233199726553025e-01
2.525296032214138786e-01
2.526725453117771858e-01
2.518953383341379637e-01
2.531102771628735981e-01
2.523167765332980372e-01
2.519814393618615700e-01
2.520464168215409972e-01
2.529206495495219809e-01
2.524365438048076782e-01
2.521362446599235696e-01
2.518657148195152518e-01
2.505116597822737434e-01
2.514974179593505443e-01
2.525294826430712902e-01
2.514646887111393614e-01
2.516742174671565135e-01
2.522495547246560443e-01
2.522707020117392340e-01
2.516723822755225770e-01
2.519853536868071342e-01
2.528071152122231546e-01
2.516760721767669073e-01
2.524730367254934271e-01
2.522783132167344955e-01
2.522342333005727633e-01
2.526715978998891332e-01
2.520070377320695054e-01
2.526989240001358827e-01
2.530985505554234627e-01
2.513548497619377819e-01
2.513612126137356739e-01
2.522376361469860773e-01
2.521685641723673266e-01
2.505803022447732897e-01
2.525890162621352575e-01
2.536417253012657191e-01
2.522402861117731820e-01
2.521969229454359418e-01
2.522323412214980687e-01
2.522381405162201773e-01
2.525286717057534380e-01
2.513396343739231487e-01
2.518490383858645321e-01
2.525413583954875252e-01
2.521429304850472120e-01
2.525161322031193034e-01
2.517360848518636618e-01
2.527552932481915149e-01
2.519385342234288783e-01
2.533125328713154989e-01
2.522431916226195447e-01
2.527217956221576300e-01
