8.281654329928496150e-01
8.279996722648378382e-01
8.267917450651953715e-01
8.276473528024692605e-01
8.280493581773323841e-01
8.284131338028832836e-01
8.288463477478631436e-01
8.290705890927451138e-01
8.294699459105852046e-01
8.278555195595098670e-01
8.287605653286287399e-01
8.296415385162102529e-01
8.289595545450096914e-01
8.290714174569038253e-01
8.280912657808943145e-01
8.280456205271576886e-01
8.288419492757194140e-01
8.284605137523263219e-01
8.278190356503036806e-01
8.287895661462345576e-01
8.272327120908598008e-01
8.284438228077093402e-01
8.284287943990686909e-01
8.287241392853454958e-01
8.288826579474428691e-01
8.289553340949316063e-01
8.282167964532958226e-01
8.283552942525861384e-01
8.276311639703133327e-01
8.284297397601285695e-01
8.282420111489030567e-01
8.280515424514552913e-01
8.278315836712430986e-01
8.290151064195321329e-01
8.284927310990052307e-01
8.290983113695372664e-01
8.289879980798371406e-01
8.284807032799630377e-01
8.285763049093823884e-01
8.287075689426234293e-01
8.281547390864874014e-01
8.282906736261212988e-01
8.285553764278656974e-01
8.287525284451432439e-01
8.292798209907884521e-01
8.284459750343393658e-01
8.277072643666583129e-01
8.278346795526576596e-01
8.290065526850500799e-01
8.293779654680824009e-01
8.282516041475934676e-01
8.286972099714958739e-01
8.286423697620441953e-01
8.290310698126838185e-01
8.280925497960586190e-01
8.273721418955874984e-01
8.285179234400232851e-01
8.289797646343113335e-01
8.291152009413780277e-01
8.282452569267515496e-01
8.281876916302395308e-01
8.289104996024974081e-01
8.281927975113716478e-01
8.273859675223200760e-01
8.288253563692702386e-01
8.281386701890789404e-01
8.277908832945104489e-01
8.284611997996789157e-01
8.281190816118948472e-01
8.281831153562075887e-01
8.272000488680237851e-01
8.278176656926339305e-01
8.289246098180121924e-01
8.290633193299310477e-01
8.278031283428667342e-01
8.289515573564297801e-01
8.291662196043134703e-01
8.281351599456898693e-01
8.284312733610277313e-01
8.284579959280562456e-01
8.289428667449280086e-01
8.285832433167024114e-01
8.291737073410145875e-01
8.285279621994328103e-01
8.284201878229318083e-01
8.285448902075684963e-01
8.278818632185482862e-01
8.276164187310092180e-01
8.283273900260309519e-01
8.290793227097816853e-01
8.277686343576891037e-01
8.276254824743685123e-01
8.288599246886347860e-01
8.270032873532267015e-01
8.289638697995229677e-01
8.277323010813582016e-01
8.286453235152009267e-01
8.285520465109325050e-01
8.280733590603630567e-01
8.287418417445480134e-01
