1.112445665759795865e-01
1.123769297083019453e-01
1.122447713255572688e-01
1.128010180678112317e-01
1.112974719611129065e-01
1.126647879629309179e-01
1.113750475692752290e-01
1.114415163353593002e-01
1.122273812853679525e-01
1.122339380596602681e-01
1.116104534757405842e-01
1.118677770838116536e-01
1.120960272229002130e-01
1.128019733293388199e-01
1.124515298879335129e-01
1.129129168043345455e-01
1.125982739626901208e-01
1.130605591448409220e-01
1.121488769892009518e-01
1.116496998108260502e-01
1.119960954158941979e-01
1.112383448458838520e-01
1.128409921131898058e-01
1.124080530954791185e-01
1.114983828697819063e-01
1.116680731929728942e-01
1.118599403948960236e-01
1.121784639064537237e-01
1.113306898497593567e-01
1.120321582308317909e-01
1.114171162649081614e-01
1.118811382624584627e-01
1.121043427922033542e-01
1.117588353406748086e-01
1.118752626652344401e-01
1.125824300325321825e-01
1.123430892243211243e-01
1.119829513895334722e-01
1.124786983988577543e-01
1.120683991401287827e-01
1.118418344238518575e-01
1.116966544771505199e-01
1.118007481736705555e-01
1.129085960351779716e-01
1.120818430353313494e-01
1.123679438612569664e-01
1.126543756567150167e-01
1.109876431779539402e-01
1.117283741199850966e-01
1.117326239494909335e-01
1.117945692796701446e-01
1.127481472595327494e-01
1.122833353321081723e-01
1.116717943326443196e-01
1.119102878557474423e-01
1.123206899933863745e-01
1.120980419435061715e-01
1.119053658140404112e-01
1.122457997087069059e-01
1.112451133926072033e-01
1.126768833169592698e-01
1.125981642930570514e-01
1.129328694738742367e-01
1.122350147193130199e-01
1.122069603302563306e-01
1.129183633107819773e-01
1.119782254275373257e-01
1.116844194146435487e-01
1.124263850504113316e-01
1.121207694761900131e-01
1.116823099154904408e-01
1.126471059212092590e-01
1.111324012401081196e-01
1.116909711744698552e-01
1.116784335308545067e-01
1.122596062511106302e-01
1.118362409035643101e-01
1.118875832893684585e-01
1.115682875020557741e-01
1.118524467326475480e-01
1.117271402334774622e-01
1.119608485458767205e-01
1.131403594565385806e-01
1.123875805465300998e-01
1.126817343204977728e-01
1.111836598957696154e-01
1.133786205916327283e-01
1.122806736838609654e-01
1.133122689267235389e-01
1.131165592591384106e-01
1.127772497730100132e-01
1.126650138759808378e-01
1.131987368080099310e-01
1.134060799929939023e-01
1.121102247016145803e-01
1.121713125716136267e-01
1.132094313327484947e-01
1.130077936387025306e-01
1.126011061767780569e-01
1.118835903461167514e-01
