6.886623095842139275e-01
6.893428798089900056e-01
6.882014093232299290e-01
6.905306784649875018e-01
6.900396436924902677e-01
6.888388954586921464e-01
6.890615809110594014e-01
6.897674282842053417e-01
6.895769008915053622e-01
6.881954184147672793e-01
6.890359354643795786e-01
6.903462594014134757e-01
6.893134111003340614e-01
6.902573943841093795e-01
6.900362095830669951e-01
6.880306295186235932e-01
6.881920526052651699e-01
6.887555865492789309e-01
6.893772555999495566e-01
6.895795493079657223e-01
6.891126047839930546e-01
6.897545714984900656e-01
6.894645523321005776e-01
6.896964678855102004e-01
6.898983921494133975e-01
6.891908959318310268e-01
6.894835770046439105e-01
6.887800538386749105e-01
6.892928381378783387e-01
6.911975654557445115e-01
6.897196388611847029e-01
6.901642879002862774e-01
6.904508688827094565e-01
6.897293120798869692e-01
6.895670302987961797e-01
6.892044406326072181e-01
6.896068137762381145e-01
6.902352133214062491e-01
6.879671144863599430e-01
6.904498783141306273e-01
6.902054566700400740e-01
6.898792607697492585e-01
6.896739747857781877e-01
6.888597449628952596e-01
6.886568019656968964e-01
6.901255528334726552e-01
6.886383592465685766e-01
6.906192510964440645e-01
6.899784628844891632e-01
6.899358592589163175e-01
6.890554092520323470e-01
6.891296062250278354e-01
6.892415568418119864e-01
6.886822190804195998e-01
6.895988428391723879e-01
6.895059809940338180e-01
6.888243027055594991e-01
6.883118772376120020e-01
6.888791449624329655e-01
6.895540120879631862e-01
6.890805107635649129e-01
6.899623129653074116e-01
6.897002176844945209e-01
6.884159974395409609e-01
6.898621972282583670e-01
6.891524841178766625e-01
6.886309667609553653e-01
6.890103326266767692e-01
6.903269013947781474e-01
6.899006215032321698e-01
6.892356428767241194e-01
6.896431047118455337e-01
6.890280627763656351e-01
6.892875068313628617e-01
6.894079129944277184e-01
6.895009376964220671e-01
6.903448098086647500e-01
6.903447816893257816e-01
6.894844152165533480e-01
6.881003958611300320e-01
6.893187297255396473e-01
6.897125734365779914e-01
6.898059661918932717e-01
6.898426834975901478e-01
6.899199662119221976e-01
6.890690182601186820e-01
6.895111146908937672e-01
6.896447400308811648e-01
6.883734745921670228e-01
6.890864350015335482e-01
6.907347389836161478e-01
6.896583691958699802e-01
6.891064738505762177e-01
6.895356368894336452e-01
6.903615775678187960e-01
6.894819097033686450e-01
6.897473242808833671e-01
6.892453256822712593e-01
6.897720396918964880e-01
6.897031817963505951e-01
