7.057392756584542903e-01
7.051849420198800233e-01
7.051262217732634507e-01
7.053028678985778788e-01
7.044074316858198737e-01
7.053599002204833379e-01
7.048484972447006669e-01
7.056806565427067301e-01
7.065986902494633126e-01
7.057096838178384957e-01
7.066805690168656007e-01
7.055375272375836726e-01
7.047905173847890392e-01
7.057027918601763705e-01
7.056595749158596220e-01
7.065688724330450032e-01
7.045999860008351767e-01
7.052173094671863041e-01
7.045094571378480719e-01
7.061603257348452178e-01
7.057926018620186426e-01
7.051823842323640124e-01
7.057800575122061826e-01
7.059163540162435302e-01
7.054488563434331283e-01
7.052547236686965704e-01
7.049845780251113858e-01
7.060548322281207101e-01
7.063720148438485946e-01
7.067864249960407186e-01
7.064028708052229044e-01
7.065163210417207962e-01
7.049944889516501778e-01
7.063132567034966502e-01
7.058229149461114904e-01
7.060367637439363131e-01
7.055401174504754014e-01
7.046880101801089591e-01
7.054927112976890902e-01
7.040519713230726229e-01
7.054043644154670556e-01
7.048338362010779790e-01
7.068629767670100428e-01
7.056850653854240818e-01
7.060855349156023308e-01
7.059743311530486398e-01
7.053344248376149928e-01
7.057129387903751105e-01
7.056161007020838039e-01
7.057232489907130368e-01
7.057416481576453959e-01
7.054490377625478592e-01
7.041301300840725474e-01
7.059285349779442775e-01
7.057865470460291668e-01
7.051211773380521297e-01
7.041212202152711264e-01
7.056242849574533293e-01
7.052356410127409436e-01
7.051130584715097349e-01
7.049578931096742718e-01
7.043487313651229931e-01
7.055444066245086798e-01
7.045768321928017608e-01
7.060767214041012707e-01
7.061279293652580336e-01
7.054929819605336716e-01
7.055466964782222128e-01
7.044165726634042946e-01
7.058364039644413612e-01
7.054157860768879296e-01
7.054337279561289087e-01
7.056740218635546569e-01
7.046392991115992821e-01
7.051019552213855235e-01
7.062591190800179275e-01
7.054529192743378418e-01
7.055617076076918792e-01
7.065533237714782810e-01
7.053462094940285976e-01
7.051658454732232517e-01
7.050728042119704941e-01
7.060751600215021684e-01
7.056766482530483220e-01
7.044199162258288904e-01
7.046637133312876333e-01
7.055627340747951948e-01
7.051119573567520282e-01
7.060401148410818672e-01
7.043865555766605224e-01
7.058494299571914654e-01
7.057386631072385397e-01
7.067041693707427630e-01
7.050255240274116986e-01
7.045132845136188315e-01
7.049845195687132193e-01
7.060796108121216719e-01
7.054030567454262490e-01
7.061380578415413778e-01
7.061327744007385165e-01
