6.977924399713573145e-01
6.989412607747188533e-01
6.980914823903290323e-01
6.982422994636887648e-01
6.993920492685465895e-01
6.989426306788102394e-01
6.991517680492493891e-01
6.984636335088286740e-01
6.985858919460223859e-01
6.982152637579472909e-01
6.983242535060152356e-01
6.977636930890317446e-01
6.987352762084452218e-01
6.986378261880010765e-01
6.979989493860800920e-01
6.988481431416193601e-01
6.974560775629962128e-01
6.975970705565404106e-01
6.977460019311769734e-01
6.972122484885774352e-01
6.986160643898300382e-01
6.970537402822370998e-01
6.981285186347001570e-01
6.998717755109656879e-01
6.990771501411916500e-01
6.988123458465769211e-01
6.983492701343060327e-01
6.997644072158304418e-01
6.978990391585115916e-01
6.981711439305924305e-01
6.985825615797576216e-01
6.986995648126661518e-01
6.993199055160181921e-01
6.995350578657082430e-01
6.981376441855879911e-01
6.983776476283996004e-01
6.986105926835219915e-01
6.972313322515937273e-01
6.992489912938433250e-01
6.989509577948802566e-01
6.971695002587147139e-01
6.989177971854303451e-01
6.983173581211096215e-01
6.978347100537002357e-01
6.984953459397609254e-01
6.980430685620172548e-01
6.999835867255703725e-01
6.981174668776959358e-01
6.997552725870910262e-01
6.984550951048555945e-01
6.985053366545503906e-01
6.981797720050898493e-01
6.985874860100209638e-01
6.987361225251842445e-01
6.994767835762966124e-01
6.985245107741060444e-01
6.982165122842802774e-01
6.989349899920360709e-01
6.993100232806662708e-01
6.981499116324461074e-01
6.978148842445541788e-01
6.982063946520897790e-01
6.992735148053754735e-01
6.974107856408322537e-01
6.986826926425286910e-01
6.980254047546888829e-01
6.981952200397761876e-01
6.992594677206619425e-01
6.997725635950342582e-01
6.986089039726095518e-01
6.985328173582248112e-01
6.978603668881658839e-01
6.992225629694273081e-01
6.999782442675641647e-01
6.982848528647763731e-01
6.983332372923698461e-01
6.988805241990637684e-01
6.984985924242892441e-01
6.990792157460357092e-01
6.985963417244942519e-01
6.987426584550453512e-01
6.986522891843387484e-01
6.978721566492807060e-01
6.989616431313072642e-01
6.995003005092161885e-01
6.986453759092712268e-01
6.984997283625400399e-01
6.988924478743878677e-01
6.984434778256155552e-01
6.997314594680346111e-01
6.994313802223003362e-01
6.976999159487934365e-01
6.989797433510586133e-01
6.991242347777237853e-01
6.980027732692415388e-01
6.982456572181088283e-01
6.992484538981025288e-01
6.987818984695297608e-01
6.989496223999476232e-01
6.986978942805350812e-01
