1.030718970689055713e-01
1.015706095046946256e-01
1.015338134279848148e-01
1.026023776800490117e-01
1.026293103993020511e-01
1.036375949694193499e-01
1.026318852453412395e-01
1.026775706572909952e-01
1.026999225003266403e-01
1.033598719896452744e-01
1.023614833332244650e-01
1.021356891275752993e-01
1.024368336585664424e-01
1.025251432388169931e-01
1.023309717143958408e-01
1.036605618472180856e-01
1.028621029441709467e-01
1.034221513131171610e-01
1.030123901639944939e-01
1.029828590526374876e-01
1.026828877799771944e-01
1.031907901677861644e-01
1.030524577067685049e-01
1.032006938024156717e-01
1.026422324011146830e-01
1.020042400471668775e-01
1.029573988210541191e-01
1.043672578600033096e-01
1.030340255329818822e-01
1.022073692288829466e-01
1.024891134635006473e-01
1.021732391457926409e-01
1.026693813376446662e-01
1.031363739475189834e-01
1.029601215951772425e-01
1.025076271016779061e-01
1.027376043985409326e-01
1.029487561830515346e-01
1.029120733540450361e-01
1.025092718674256997e-01
1.031108896275697018e-01
1.034889438862831579e-01
1.020068515274001747e-01
1.019491683538848448e-01
1.031238392845610918e-01
1.024286673145935467e-01
1.031821046608317055e-01
1.027435955655451177e-01
1.016433436242729221e-01
1.018639956704815858e-01
1.028535148585404124e-01
1.027079747312489993e-01
1.029131104564462301e-01
1.023539034068858683e-01
1.025619920123106155e-01
1.028900971699180100e-01
1.020290436284878727e-01
1.039251027163431984e-01
1.033725458632673705e-01
1.020883771222473868e-01
1.039391048033624088e-01
1.024669322092840174e-01
1.021231022398087773e-01
1.029351695830146574e-01
1.021733114483142218e-01
1.022974560880393902e-01
1.022737427681424532e-01
1.024111002194234565e-01
1.021194965062781068e-01
1.018351762531015253e-01
1.023103679874275834e-01
1.032832931432704493e-01
1.013744477621439100e-01
1.028224021311405223e-01
1.032783987757685956e-01
1.039126319706207419e-01
1.026969983293992139e-01
1.027378384598495314e-01
1.028620939451417166e-01
1.029242000453930994e-01
1.021921275935032541e-01
1.030944382629092604e-01
1.037946918877549890e-01
1.035284815263417535e-01
1.028127915348436006e-01
1.018948056251165607e-01
1.020955916149890452e-01
1.023991823290401060e-01
1.030971360817065502e-01
1.025104788636537617e-01
1.029689187497048741e-01
1.022087840156272465e-01
1.030779449680265525e-01
1.013233016939738274e-01
1.033295629298051493e-01
1.027325104402289913e-01
1.030347155564889650e-01
1.034080401245068559e-01
1.027461188126924385e-01
1.035491028503565808e-01
