5.657397161136850094e-01
5.683139332341216043e-01
5.675439474540344698e-01
5.672238201938337721e-01
5.675300190943544099e-01
5.667464201028566961e-01
5.677631615568587975e-01
5.669392954592834544e-01
5.676527524292730442e-01
5.676413568572984403e-01
5.662065871217054625e-01
5.662047769676331610e-01
5.667544413922637192e-01
5.669408931975268295e-01
5.686560782497835920e-01
5.682623890753586426e-01
5.678263884874998890e-01
5.660786749909836324e-01
5.676095093278492598e-01
5.679919113973854738e-01
5.680476685919167990e-01
5.669192895818082611e-01
5.677784859671739515e-01
5.669945253950012809e-01
5.673660693339350747e-01
5.681145762604637994e-01
5.679968013848814001e-01
5.675762750790455113e-01
5.684963220251125771e-01
5.676110308517894332e-01
5.683521602468011302e-01
5.664386946845986204e-01
5.674915336679722255e-01
5.683132739358642826e-01
5.667885434668669120e-01
5.675079955766089146e-01
5.669552456336643953e-01
5.679367013327425440e-01
5.686322557372407438e-01
5.673989524169605891e-01
5.675719786307535930e-01
5.665332450569861011e-01
5.674709636236912047e-01
5.665191927106663083e-01
5.672816213661633356e-01
5.672979995498059758e-01
5.671639879113401506e-01
5.675962545309689578e-01
5.667344600608819061e-01
5.666539093212279443e-01
5.669580733617004542e-01
5.676784416550197943e-01
5.677460348840639437e-01
5.676034290001008564e-01
5.664257582238734212e-01
5.678367772677761494e-01
5.681496178542930764e-01
5.675402214614329033e-01
5.681006603546976397e-01
5.677578450507393404e-01
5.674373661729974483e-01
5.682496833173978912e-01
5.672475987619338689e-01
5.678148584958295775e-01
5.681665378631107766e-01
5.677920940337815026e-01
5.679571269666527922e-01
5.666146539557816997e-01
5.680320473559354877e-01
5.678290459761522468e-01
5.670656968187048896e-01
5.678212614347672993e-01
5.679984387220585740e-01
5.673595330316179020e-01
5.671888747866641323e-01
5.673160921693437553e-01
5.674384136646362098e-01
5.675359831761055407e-01
5.673801549549610801e-01
5.679656337822954759e-01
5.674670916954094313e-01
5.666316447333452633e-01
5.673912193864656395e-01
5.679686070339943216e-01
5.676544140365378244e-01
5.670840982305472844e-01
5.673799148939453474e-01
5.663057528355098791e-01
5.669340400367979260e-01
5.665521121558148021e-01
5.672767361335382397e-01
5.666178177529799243e-01
5.671805344174232211e-01
5.677221704313588635e-01
5.667729665527938554e-01
5.672954337936225722e-01
5.676246877602815211e-01
5.683295851141798583e-01
5.667895733135553948e-01
5.664454515756569553e-01
