9.186494881727956807e-01
9.191315459337656701e-01
9.190531202015042034e-01
9.189604570699386743e-01
9.201138354792248730e-01
9.191286686051318711e-01
9.199185025149486661e-01
9.192567975790075785e-01
9.191606216223411341e-01
9.186464279249578757e-01
9.185262647063250352e-01
9.200949740209254379e-01
9.191743318262651785e-01
9.180065883122617842e-01
9.188652895897450046e-01
9.192093504360354661e-01
9.191526468510970993e-01
9.187275153588857490e-01
9.199878887007848505e-01
9.188082070448071459e-01
9.198345388395156030e-01
9.200702403215290648e-01
9.194331951647516377e-01
9.182552697333536962e-01
9.179187891550808498e-01
9.186060349426655725e-01
9.187530594611915680e-01
9.189122558492119897e-01
9.195515913015268605e-01
9.187204461074665041e-01
9.189543758933845785e-01
9.193440126395076017e-01
9.183266082361696281e-01
9.184395003099231625e-01
9.191072309490564418e-01
9.195973887590211948e-01
9.182237953917643525e-01
9.202850777396772708e-01
9.186966698519115626e-01
9.193786309176321669e-01
9.189133115149112907e-01
9.200689008650717593e-01
9.191456576712213611e-01
9.189737487172136010e-01
9.200620997117675559e-01
9.192374171663124649e-01
9.182977434027853603e-01
9.193542616266183742e-01
9.195533791232253229e-01
9.190504932401534210e-01
9.195694693518245977e-01
9.190523462696222889e-01
9.192010167916984109e-01
9.186659783627637577e-01
9.186718809326153146e-01
9.193582806970037602e-01
9.177943495050482348e-01
9.196613522211861680e-01
9.204630935174734629e-01
9.192557696564975789e-01
9.181734065111557541e-01
9.188952631984417252e-01
9.204436405274013522e-01
9.202835051822255696e-01
9.190092959444733367e-01
9.194253296259161656e-01
9.205571098221941861e-01
9.189828019034290696e-01
9.191958267755286904e-01
9.189489950652205419e-01
9.195859088513738122e-01
9.196481021353398733e-01
9.185878210083818773e-01
9.195323031538013003e-01
9.191588739978604483e-01
9.189558914642713683e-01
9.191247453787690924e-01
9.188379117771868776e-01
9.200064601517664586e-01
9.192220544771101398e-01
9.187317777456573964e-01
9.195837495685961205e-01
9.196656554162780939e-01
9.190753009151455544e-01
9.183183667798805461e-01
9.193489339819864714e-01
9.191959011331648499e-01
9.185298645867363554e-01
9.194151019942811143e-01
9.198631415619222818e-01
9.190407672868212696e-01
9.188183375706655553e-01
9.196908882047865053e-01
9.192592100010672507e-01
9.191560030726573238e-01
9.202957822204613780e-01
9.197121793411637825e-01
9.189717396395817861e-01
9.184942142528884634e-01
9.189539828100861119e-01
