2.176877167308023109e-01
2.190625816557669747e-01
2.172631824681000579e-01
2.182663773846126309e-01
2.173666260490907387e-01
2.186516265568461126e-01
2.173893696059570058e-01
2.179752047262969450e-01
2.178360884709205636e-01
2.185635389735864909e-01
2.173111287601641461e-01
2.175285256882867058e-01
2.179687867419166092e-01
2.183927446445542153e-01
2.181028356413652891e-01
2.177286616212570358e-01
2.184177769405391267e-01
2.174911763762987504e-01
2.186891435273045359e-01
2.182720533325068213e-01
2.169959502422525444e-01
2.186186746498303690e-01
2.173525590852957712e-01
2.186348930869481122e-01
2.169531926050684567e-01
2.174186111907862040e-01
2.186501154380742773e-01
2.183046444402374497e-01
2.184050289110194831e-01
2.176898603572578472e-01
2.184090896108706326e-01
2.177698950862054783e-01
2.185100269248674287e-01
2.190259606138820758e-01
2.181003045673384211e-01
2.176472691418491756e-01
2.179665094819066007e-01
2.186374960860411609e-01
2.177408897730347404e-01
2.183308903800392220e-01
2.177946720381863099e-01
2.175233454395112953e-01
2.174309657902236403e-01
2.190811161196677403e-01
2.186996144998237523e-01
2.193931314881157613e-01
2.175867205745925514e-01
2.174811093628204739e-01
2.175992498883380089e-01
2.176669928262370823e-01
2.178043152116662107e-01
2.177782079385121583e-01
2.172372118946146458e-01
2.186368483022228526e-01
2.185503089747963257e-01
2.177409932228341338e-01
2.178165102284716215e-01
2.186890287651749865e-01
2.181524693874900556e-01
2.175604939035442054e-01
2.178424105932613153e-01
2.174890064945123602e-01
2.180316504619571050e-01
2.185895666766898282e-01
2.182292072129422000e-01
2.174041786330445925e-01
2.184715481753072841e-01
2.187125241882923454e-01
2.176141799204438787e-01
2.172466935813342492e-01
2.177401395572294840e-01
2.188913931049357164e-01
2.183508226122612139e-01
2.182416232764292363e-01
2.185072411773496814e-01
2.166010776650467984e-01
2.179921146248474106e-01
2.171848226844653729e-01
2.185701826871988551e-01
2.181691611215512694e-01
2.190766435486162789e-01
2.184631485292861108e-01
2.180420937376381096e-01
2.176308022174401335e-01
2.173215578787922042e-01
2.188718695036092898e-01
2.174199340920533186e-01
2.181647955759775381e-01
2.182910014477334459e-01
2.175314349037453798e-01
2.182175101702944486e-01
2.176376408624055570e-01
2.179110805307116761e-01
2.179989552589920998e-01
2.180959308420410414e-01
2.185541358993314254e-01
2.179923290075604925e-01
2.183041120610345054e-01
2.191054424094268094e-01
2.169338325047484861e-01
