1.615665341122058396e-01
1.631694104060685269e-01
1.623268312028769422e-01
1.627438926580760670e-01
1.629438120656974409e-01
1.622003309168920659e-01
1.629843402539839226e-01
1.620948164547088566e-01
1.626935294392657383e-01
1.631481130468568075e-01
1.623926560743381708e-01
1.632379298601265849e-01
1.624141255100625680e-01
1.628853679245768904e-01
1.629283372467672242e-01
1.613226311314627237e-01
1.628731174811674509e-01
1.632008525230765894e-01
1.630292419291138883e-01
1.629303862989645024e-01
1.624852787879349225e-01
1.628067745129874178e-01
1.624119938446565159e-01
1.621871823837505999e-01
1.629622563973483484e-01
1.626463955817992746e-01
1.624662172604304233e-01
1.617746612423830999e-01
1.623802737748797353e-01
1.631331818381297483e-01
1.634356954992270961e-01
1.638191617953995149e-01
1.624561507541756877e-01
1.621693341090145180e-01
1.625887016645112260e-01
1.630649759348875572e-01
1.629054567963990618e-01
1.635466833543316456e-01
1.624220014597143602e-01
1.623146219999446749e-01
1.633211174440957203e-01
1.629184433293015544e-01
1.624356318643755959e-01
1.632143235083095834e-01
1.632307844231855598e-01
1.638854780938678590e-01
1.636642530958994368e-01
1.626575981862102283e-01
1.622634723152584502e-01
1.631596742970237990e-01
1.628373429964753427e-01
1.631270306486776733e-01
1.639868695665174236e-01
1.623103484148388787e-01
1.628792869951844469e-01
1.626583010342484426e-01
1.625207050369083528e-01
1.630645837009790100e-01
1.632669820126753102e-01
1.641556772083577198e-01
1.633158627618800096e-01
1.629016003716358685e-01
1.633308459461154105e-01
1.632747623941267767e-01
1.629453108651195969e-01
1.641719551012817413e-01
1.619296529240027149e-01
1.627702730005225473e-01
1.632476864218775081e-01
1.619206987735978265e-01
1.628747956722930157e-01
1.626102952254956380e-01
1.630244069089434866e-01
1.623419227771470963e-01
1.633081990237358339e-01
1.622453268511517277e-01
1.631691118131132212e-01
1.635774165326393803e-01
1.628170815036339425e-01
1.642696642360656767e-01
1.625652305653421115e-01
1.637484924080866433e-01
1.636373518929901683e-01
1.626750031852376432e-01
1.634145337839578993e-01
1.634595153346736218e-01
1.630334037274416559e-01
1.623787517638504152e-01
1.625945731171126452e-01
1.630481882831136820e-01
1.623532064053390678e-01
1.626871249926931662e-01
1.627960651967924055e-01
1.625187136579270830e-01
1.616978787235998083e-01
1.621222877044095068e-01
1.630753886042742296e-01
1.624265121398159040e-01
1.620912215501417453e-01
1.620117449275067512e-01
