3.370386994710212192e-01
3.376218319028610471e-01
3.361373088615048910e-01
3.359958949414326712e-01
3.371381907977208936e-01
3.370588935784947227e-01
3.374951066675309086e-01
3.372781143451541452e-01
3.392574093554735493e-01
3.370062287428794989e-01
3.369125453407405546e-01
3.392906928764524155e-01
3.389620781616023981e-01
3.377169141471974001e-01
3.379801045717790164e-01
3.364771685475189122e-01
3.378442930138575440e-01
3.380204860292787550e-01
3.363468222623040571e-01
3.380576729369810796e-01
3.380203950832748605e-01
3.370151173680203116e-01
3.375199030201525008e-01
3.364820093334656703e-01
3.379138653656393876e-01
3.376885674720093156e-01
3.374705966523459666e-01
3.373038377410953470e-01
3.366623179001018151e-01
3.371575464196906458e-01
3.374674321173497527e-01
3.379346598685844527e-01
3.374771498811653947e-01
3.375397943260808331e-01
3.388510780180600257e-01
3.378590706899474161e-01
3.373886954189516119e-01
3.367707950945680873e-01
3.372925675264214496e-01
3.377866374500266278e-01
3.384913031859851373e-01
3.367741414180756565e-01
3.373210681883431206e-01
3.368740032537782536e-01
3.374142951115588485e-01
3.369265670511977229e-01
3.371835049791017114e-01
3.378387401932203549e-01
3.372665778537708436e-01
3.380678237680487808e-01
3.363305799791941331e-01
3.378272134362418910e-01
3.357949561464524946e-01
3.377997836741092330e-01
3.365644936713099722e-01
3.367165839905715274e-01
3.375036358781096091e-01
3.375346456270914564e-01
3.375580210558873362e-01
3.380576235378387473e-01
3.370512421559780925e-01
3.379646246479680038e-01
3.379243811260382868e-01
3.375850583509801828e-01
3.376657082755142314e-01
3.382748201159231360e-01
3.382030737903887196e-01
3.367434563079308441e-01
3.375271224389670977e-01
3.371622384040287579e-01
3.375546236515523657e-01
3.374427156066721611e-01
3.365833708815277325e-01
3.380812482205778347e-01
3.369565971724548525e-01
3.368440343240037271e-01
3.377940581331447811e-01
3.367188125716769065e-01
3.384087468206737892e-01
3.375005756477232888e-01
3.391112373184200224e-01
3.383391399317726700e-01
3.380913736325249497e-01
3.378081348849527044e-01
3.377533629045986752e-01
3.366485465324040582e-01
3.367582133383909548e-01
3.378276260429333711e-01
3.384571550210386248e-01
3.366518410602278299e-01
3.381364771127699509e-01
3.365919765330321889e-01
3.366970706674252689e-01
3.373723454898063800e-01
3.356997596514709192e-01
3.368363352979865666e-01
3.383267779569866240e-01
3.369116188246299437e-01
3.365910042080524356e-01
3.375824900103638337e-01
