5.070563319932701596e-01
5.076607114287490230e-01
5.071743384714599845e-01
5.082274965101898356e-01
5.071679719638146899e-01
5.072022125119292069e-01
5.077697253680453215e-01
5.075152169575748440e-01
5.088903960237951551e-01
5.074204348502407980e-01
5.072243985455947568e-01
5.069909484648211784e-01
5.086353577681657079e-01
5.069987233764394752e-01
5.074280638852015635e-01
5.078688223620223541e-01
5.087928010795855771e-01
5.070119950863972713e-01
5.076326567523450350e-01
5.064048783623688044e-01
5.081345486658653821e-01
5.072626775200207438e-01
5.077969833940834121e-01
5.073647517644813698e-01
5.073765436813313379e-01
5.073848492174877212e-01
5.075431865691493183e-01
5.080956755823924365e-01
5.075035303461111758e-01
5.072784046458631568e-01
5.077875735044239391e-01
5.075515504541119327e-01
5.066408200144248974e-01
5.078198559392975708e-01
5.074808078308448156e-01
5.069609371735062098e-01
5.074847430522657632e-01
5.070442662739048645e-01
5.078466221051752827e-01
5.070862598007059852e-01
5.074836910676647772e-01
5.075970040643762449e-01
5.074102413105467946e-01
5.070403389448954190e-01
5.067880689157313601e-01
5.075816133865674873e-01
5.071177883201444248e-01
5.080428435446640023e-01
5.078318625745865678e-01
5.082928839989500069e-01
5.068179447241489832e-01
5.076822658332904581e-01
5.087536603099722665e-01
5.084425406410556514e-01
5.080392421754090782e-01
5.073431336548270831e-01
5.074657590578277588e-01
5.077587197690862642e-01
5.082321520279764471e-01
5.083043698000596633e-01
5.081364271663704191e-01
5.081698906607576838e-01
5.083516212333811790e-01
5.089320761312523533e-01
5.085384062622364532e-01
5.081903570159094219e-01
5.073115896690970628e-01
5.078224878471464532e-01
5.082032591560274870e-01
5.074173421454841737e-01
5.063267866493421643e-01
5.085755556638473784e-01
5.062889901411096183e-01
5.074169456837788195e-01
5.079308543655625119e-01
5.072959929506587473e-01
5.073849843880801069e-01
5.072125108710934249e-01
5.070691059728926753e-01
5.071899600255445062e-01
5.073325024935032568e-01
5.064193329072456118e-01
5.081599508007580424e-01
5.075155608648228567e-01
5.074641247187340332e-01
5.087760980935243094e-01
5.076297622518872732e-01
5.078978570659303804e-01
5.070568146865804815e-01
5.079405741610043545e-01
5.071720252157025932e-01
5.075035948893275028e-01
5.074027978369848313e-01
5.065418674538527677e-01
5.081427242524783061e-01
5.073363167597421119e-01
5.073755843373108920e-01
5.086726495702362794e-01
5.085726096884828351e-01
5.078339090003368694e-01
