3.417206811993229731e-01
3.437475033011467840e-01
3.433432512810845605e-01
3.441160771775235716e-01
3.429973456737311355e-01
3.432569899108786626e-01
3.432150047625233125e-01
3.437518793327270505e-01
3.439489506908720018e-01
3.438763927446257807e-01
3.435300701758083886e-01
3.432151524053312364e-01
3.428092169549007417e-01
3.432012990834927280e-01
3.432523828543257438e-01
3.426827256773875563e-01
3.440685845914825958e-01
3.426870151230757555e-01
3.433583234830188680e-01
3.424382293796709997e-01
3.427914510178202145e-01
3.438190750159647591e-01
3.434297862343214103e-01
3.434088337501075006e-01
3.440284135525586429e-01
3.425681759245201019e-01
3.425886900240996402e-01
3.449902539557185843e-01
3.442448616321477362e-01
3.432247872982429060e-01
3.437804073949545236e-01
3.440382801062198959e-01
3.438101194106996661e-01
3.443837568186807196e-01
3.442860664849445307e-01
3.435366461694496221e-01
3.429662003922252511e-01
3.439761240608963933e-01
3.443389298914112384e-01
3.428806369255860131e-01
3.438521839687864179e-01
3.435546303675768853e-01
3.437454213032821171e-01
3.429788398555662088e-01
3.441332706982719314e-01
3.428133293811779780e-01
3.438495859165485169e-01
3.434991571454533710e-01
3.437410777556756947e-01
3.428851930018015359e-01
3.437931600279556799e-01
3.432416837356584427e-01
3.423503270925768449e-01
3.439025260320088817e-01
3.428879875605220784e-01
3.433052390034441181e-01
3.442502520882930739e-01
3.447975710672311900e-01
3.428364943370753593e-01
3.421777562727539301e-01
3.435281864294459919e-01
3.439462607535312966e-01
3.420757101912598186e-01
3.440286275982248343e-01
3.434832145975320050e-01
3.439565879430941941e-01
3.425499843975645664e-01
3.433665526785406596e-01
3.437919185564207725e-01
3.437314627094688047e-01
3.431605707274315575e-01
3.437379537823558873e-01
3.429109381078189189e-01
3.434962707782723834e-01
3.445887287256383935e-01
3.442536792470324847e-01
3.432304018442474680e-01
3.440108971488793910e-01
3.444279337522406781e-01
3.427364881876977520e-01
3.428000288688179409e-01
3.433028818543418792e-01
3.440782667705428177e-01
3.436908335687220983e-01
3.428948239666106401e-01
3.428766391451076312e-01
3.431906800035339211e-01
3.445264041812208244e-01
3.444111745268944591e-01
3.433318592351352061e-01
3.445402545326484711e-01
3.430249503009042411e-01
3.432140157226708510e-01
3.432219257648256860e-01
3.431131467243688782e-01
3.432588363609941351e-01
3.440214889839477430e-01
3.440993753313132952e-01
3.439818599338047012e-01
3.429701542666471203e-01
