7.896230386554803360e-01
7.904961755424759762e-01
7.915488457222173979e-01
7.905804474731158438e-01
7.915022385887816592e-01
7.905667573316577101e-01
7.888334819714324375e-01
7.910043889927091953e-01
7.897698550484267832e-01
7.901794734851221857e-01
7.901437368427436381e-01
7.909157205423114068e-01
7.905685719412941515e-01
7.897508479093857670e-01
7.893053221998925784e-01
7.893095213650915820e-01
7.891708479945138688e-01
7.905636655529393320e-01
7.906077200540648775e-01
7.912229663035592608e-01
7.894176351200152819e-01
7.899113972656903737e-01
7.896880281090827847e-01
7.904882801459309771e-01
7.906372112245356742e-01
7.901132396255544643e-01
7.908826107854173282e-01
7.904116498336213326e-01
7.909545972225098254e-01
7.906955078708084450e-01
7.913120789770399233e-01
7.903537968781764178e-01
7.907726923440470124e-01
7.910879883347674557e-01
7.899643872729718019e-01
7.900668010250038176e-01
7.900417759827452757e-01
7.897064606760176853e-01
7.915278087473411883e-01
7.905988108079058385e-01
7.896307075244144436e-01
7.893153455526417117e-01
7.903566049012611394e-01
7.899327720123121566e-01
7.913579629355336209e-01
7.904996425351921152e-01
7.900816144169491295e-01
7.899733998468596585e-01
7.897386616680649452e-01
7.898755048970587112e-01
7.906029042981248534e-01
7.904921738683260424e-01
7.904226210076235049e-01
7.902537940636468194e-01
7.914392624902054640e-01
7.914931776236073802e-01
7.905880379469479857e-01
7.900318639579897440e-01
7.909300965284576934e-01
7.897824735120752004e-01
7.901676222128279914e-01
7.907207832025184846e-01
7.906079784885728934e-01
7.903497007768629512e-01
7.901110782898328466e-01
7.911652220801228541e-01
7.904542494511151984e-01
7.900523501013656524e-01
7.909753865787452209e-01
7.893684396009374993e-01
7.913222137812989665e-01
7.903059783855542753e-01
7.899365939326303820e-01
7.911764932194313982e-01
7.911677627462588847e-01
7.898160598458657811e-01
7.901784415961291552e-01
7.901278268502668345e-01
7.916448351222640234e-01
7.912357396258911102e-01
7.908620724395383217e-01
7.907192828324749456e-01
7.908983002068961099e-01
7.883785318201821379e-01
7.909302411134375710e-01
7.907215890621560606e-01
7.903551553852707912e-01
7.904314731057344723e-01
7.894746547820394866e-01
7.918359964852252908e-01
7.893659921481379627e-01
7.895076564767281591e-01
7.900972696716717092e-01
7.912212648328542652e-01
7.905566830448540472e-01
7.915559738251121136e-01
7.901591824346215764e-01
7.901438751537692706e-01
7.913790857300666559e-01
7.892113796295243677e-01
