5.685984181045391495e-01
5.703056552191247963e-01
5.690517046364522713e-01
5.687094291553331793e-01
5.693816182575393015e-01
5.696054358187099265e-01
5.696174310055277523e-01
5.692453875326454193e-01
5.683487273207344925e-01
5.686964748714791185e-01
5.694767506807094648e-01
5.688307351765710118e-01
5.685491209374762267e-01
5.700863043574573297e-01
5.697485544003730862e-01
5.702313259946076851e-01
5.692720106578761374e-01
5.697946554800779051e-01
5.698939478651401380e-01
5.698423853498653102e-01
5.696197430662848227e-01
5.704934659371363459e-01
5.697201868691338378e-01
5.684541494189545574e-01
5.688933618400906500e-01
5.704641951119844290e-01
5.692508416386443670e-01
5.689006527210568320e-01
5.694422103075357233e-01
5.696012308810383118e-01
5.696105792886023700e-01
5.693238442137074085e-01
5.688185761449968680e-01
5.690074408064629274e-01
5.696978702488398882e-01
5.695522971251829603e-01
5.697113538383182796e-01
5.691193195098315227e-01
5.694946016827643342e-01
5.683381742776443257e-01
5.695899707537686041e-01
5.688036851312712194e-01
5.687631498493067594e-01
5.699292702590988968e-01
5.689405767549191584e-01
5.692122757113549092e-01
5.693360045374821210e-01
5.690260220021916560e-01
5.703915589635039085e-01
5.694968438650997999e-01
5.689532253071325485e-01
5.694559264993457326e-01
5.687477963956075744e-01
5.688797471007407403e-01
5.701675521857942908e-01
5.693080695132317626e-01
5.701741431924070014e-01
5.689812237890476965e-01
5.691332381331559720e-01
5.684128334713007824e-01
5.698179519035682095e-01
5.695638251389927298e-01
5.700807774380047821e-01
5.699434074398305183e-01
5.695523802964858051e-01
5.676366603927798238e-01
5.699111997889831915e-01
5.680557827363449386e-01
5.699599121129677037e-01
5.685561544033574943e-01
5.691049416134755790e-01
5.702986251823438657e-01
5.692460040541238442e-01
5.701143292761025050e-01
5.701587572643576074e-01
5.692091865864916667e-01
5.700447773150461028e-01
5.693246227850131680e-01
5.692741401096554910e-01
5.701370748994536442e-01
5.689106591668481316e-01
5.692214717817116743e-01
5.695993508421135498e-01
5.705285791624497005e-01
5.695541254105944695e-01
5.697528053043201535e-01
5.687124825543117268e-01
5.695802110618024550e-01
5.683539767067158355e-01
5.691374001205720123e-01
5.701027406810154075e-01
5.703895349430188055e-01
5.701104049900145299e-01
5.702889560387238710e-01
5.691529249227449405e-01
5.693918645409814516e-01
5.693427493229921144e-01
5.690117515417514316e-01
5.690211492894912126e-01
5.706472543993030833e-01
