9.408108984067182767e-01
9.429572833430126533e-01
9.414425127384729031e-01
9.424982382393497504e-01
9.425636916664652531e-01
9.413245329162791553e-01
9.423000700948767072e-01
9.412402101453087866e-01
9.430148117866606894e-01
9.422713088859806518e-01
9.426083400840906679e-01
9.415437490898836970e-01
9.415462134455938603e-01
9.418005333729535522e-01
9.424388723228706022e-01
9.413137066087629012e-01
9.425709423299941658e-01
9.416035751904101581e-01
9.419776951792293573e-01
9.420114366604508405e-01
9.407723989367181572e-01
9.431010881813219893e-01
9.415812550336066789e-01
9.423714064771671062e-01
9.428541976186235463e-01
9.419331055357104132e-01
9.425872752867667792e-01
9.418768177490409732e-01
9.424420568978353341e-01
9.424631772673344177e-01
9.421590888616483417e-01
9.409509976310259649e-01
9.412940416976054436e-01
9.421344570183828315e-01
9.414171330540626048e-01
9.415057989840156516e-01
9.417964654889849907e-01
9.419633609374642447e-01
9.436907421736691060e-01
9.410503040599615954e-01
9.409443810130321273e-01
9.417683287807699921e-01
9.414768917789132496e-01
9.424798738778222829e-01
9.423660660350340335e-01
9.420643002510648012e-01
9.407583836744605188e-01
9.424398991966719263e-01
9.412446634272393364e-01
9.424529697167266518e-01
9.407150560975865439e-01
9.421504837168885871e-01
9.406273705678779296e-01
9.415280924274431751e-01
9.419622899781490144e-01
9.421446791495894368e-01
9.419650332905822321e-01
9.431388103654525512e-01
9.425854062578067349e-01
9.425906125031950911e-01
9.416971105795119978e-01
9.418704281429977065e-01
9.421554723203169335e-01
9.425324218740782634e-01
9.428536529662485677e-01
9.420263980956096184e-01
9.424651903941144715e-01
9.430703819499017815e-01
9.411619316228916343e-01
9.424565631607341176e-01
9.423168607951326603e-01
9.412831074972908274e-01
9.428093444333102147e-01
9.420050960826893416e-01
9.418410641282624063e-01
9.421531843257701100e-01
9.424431573676128604e-01
9.416958302227909083e-01
9.425560417388890722e-01
9.417633045296566197e-01
9.413370851149027718e-01
9.413461632665933720e-01
9.407288034924612408e-01
9.415305383476031409e-01
9.417109327668569119e-01
9.420399440041514749e-01
9.404310581491828192e-01
9.413850082292837262e-01
9.419257190349803466e-01
9.408346904326243543e-01
9.420908406400598789e-01
9.414499197269390329e-01
9.425771525703379172e-01
9.413291652793375208e-01
9.427646390456487779e-01
9.433739977852070302e-01
9.413350815061756194e-01
9.420908428296400627e-01
9.409044807955142531e-01
9.413822100673194804e-01
