8.189874016296232462e-01
8.203369143939017727e-01
8.198795914598377976e-01
8.194857681545457684e-01
8.190381982048733356e-01
8.202397717127978272e-01
8.196207546263043486e-01
8.192155115643084962e-01
8.183040874219533745e-01
8.189552059743681056e-01
8.196797301732110519e-01
8.187121072929561816e-01
8.194565972709556556e-01
8.188652856853190221e-01
8.194577921241088525e-01
8.197570256112975962e-01
8.182862446585867922e-01
8.197637897255525274e-01
8.198909749760489030e-01
8.195580585681642161e-01
8.204610622885519788e-01
8.204104744175322317e-01
8.194426360273004972e-01
8.198188714595007198e-01
8.198956325353435881e-01
8.195035594242542354e-01
8.201562243046482958e-01
8.193819722220353485e-01
8.185136845815346174e-01
8.196257955750476665e-01
8.199596065762932984e-01
8.191173700845122418e-01
8.194764656301063432e-01
8.200495809253647295e-01
8.189285576115445942e-01
8.195274909451808476e-01
8.187014323855610343e-01
8.204637340870136741e-01
8.198327645239732453e-01
8.199305718510940810e-01
8.194532046496868505e-01
8.198390543122945351e-01
8.198263407881540843e-01
8.194663075274274400e-01
8.193102460400805143e-01
8.198324728222992075e-01
8.194721123038187782e-01
8.189508350006307058e-01
8.190339021302309730e-01
8.184317926367993268e-01
8.191847697895103808e-01
8.197525633933350209e-01
8.204855374232649101e-01
8.198380680494992134e-01
8.191257600416118612e-01
8.197093409677533860e-01
8.198210556350045142e-01
8.189557798496833740e-01
8.197914478838721486e-01
8.201623675994811347e-01
8.188190494427820543e-01
8.196558072519879445e-01
8.196888230379385520e-01
8.201591300071354729e-01
8.187125528791405760e-01
8.202580568468382793e-01
8.193360993303654416e-01
8.195791399922052189e-01
8.197758776998879116e-01
8.195667679886624590e-01
8.199679677596767302e-01
8.206532811679725370e-01
8.201245799055010277e-01
8.206980418085348949e-01
8.190633961120141748e-01
8.191149699534914230e-01
8.204109123470613163e-01
8.201056420911161382e-01
8.203715913934415127e-01
8.188736898091658611e-01
8.191232573629192437e-01
8.189192017567945570e-01
8.197692737596653512e-01
8.195189021444679867e-01
8.204870897300891031e-01
8.191804754795064536e-01
8.191615087385126781e-01
8.192406522282225101e-01
8.185227410839732709e-01
8.196744009150784827e-01
8.193610168384385384e-01
8.195083556067359609e-01
8.187934898351875157e-01
8.182240442406994996e-01
8.185744855232794936e-01
8.190882821441278772e-01
8.196173977948583156e-01
8.194557291227889673e-01
8.208243444771008424e-01
8.191140981713995739e-01
