2.812870931024821775e-01
2.829334142182635126e-01
2.838061009413826996e-01
2.828511236560531938e-01
2.821771415270236116e-01
2.824431948024236916e-01
2.835761233943805970e-01
2.832780477551492537e-01
2.837402516490019622e-01
2.837123479677498006e-01
2.845553923491904724e-01
2.845297077437950461e-01
2.828724570518070802e-01
2.835346427965724780e-01
2.838074736248943908e-01
2.839687627783694657e-01
2.824874109739875516e-01
2.842216618006482287e-01
2.842150573569445227e-01
2.838930530580124345e-01
2.839412590684053939e-01
2.840594606340144934e-01
2.836843632379301705e-01
2.827189085595731011e-01
2.836068739451046983e-01
2.824198696877325832e-01
2.827811952291106046e-01
2.833716480805260618e-01
2.834865755590736947e-01
2.839456838270846828e-01
2.835336055767282981e-01
2.826288188966941117e-01
2.838251400461165863e-01
2.830807018117008633e-01
2.829781378972708872e-01
2.827121873912271099e-01
2.835692866418738078e-01
2.827646560555471256e-01
2.845787445940649585e-01
2.838468833438493877e-01
2.842361096504111839e-01
2.830589777763703463e-01
2.830829847281025602e-01
2.824925665243967488e-01
2.828123792333424591e-01
2.829422017052911631e-01
2.831232560955126987e-01
2.833207179619225968e-01
2.832710469387521579e-01
2.834559119436622088e-01
2.836197437778811836e-01
2.833146016011150459e-01
2.828209497216145896e-01
2.822934441410827611e-01
2.826261389131893842e-01
2.819457751279519364e-01
2.844630713334702077e-01
2.822544348091131639e-01
2.834991402708866293e-01
2.833871434721477733e-01
2.838416888275016037e-01
2.830690038144291210e-01
2.826225874927892345e-01
2.829538193032224980e-01
2.816306371272594422e-01
2.823111624991029855e-01
2.827862941356589221e-01
2.839037975155550564e-01
2.834092416940623416e-01
2.829133553677564139e-01
2.830096631296407095e-01
2.809623841971368718e-01
2.825216253922495646e-01
2.840309321682519261e-01
2.847262353337468022e-01
2.826279175845268776e-01
2.820705822118585449e-01
2.833667394645593696e-01
2.827584044378362305e-01
2.832338258797525432e-01
2.835511966627772829e-01
2.826937518782661196e-01
2.825361387239970767e-01
2.838389355001352254e-01
2.836045431955905860e-01
2.833112607880530764e-01
2.835770107201812107e-01
2.841099276016432751e-01
2.836005503276770590e-01
2.836447167686945159e-01
2.842308736107144740e-01
2.840896790795599536e-01
2.831356530357897472e-01
2.830631982255999990e-01
2.832267816680907324e-01
2.824378143617558568e-01
2.837253432946852394e-01
2.828037929469927603e-01
2.838295134216232141e-01
2.836026030229851225e-01
