2.967998679315806410e-01
2.977368155251141069e-01
2.980638650672068901e-01
2.983609672268945356e-01
2.991306008587635845e-01
2.985861559107343410e-01
2.980813228887891353e-01
2.985014163896174688e-01
2.989905973486823854e-01
2.990480505895841135e-01
2.983704891817311466e-01
2.993556486574674436e-01
2.990492086421718820e-01
2.989321386012324666e-01
2.980187367850616886e-01
2.981597589288863537e-01
2.981469429166535567e-01
2.982925991139439570e-01
2.978891159833710334e-01
2.980074233876541800e-01
2.978856391959274208e-01
2.989552929445047913e-01
2.986689163436387906e-01
2.990968417142233493e-01
2.983687752230445023e-01
2.977288039182902080e-01
2.972686638164955264e-01
2.982608553479949021e-01
2.977528034284869785e-01
2.985171399454327745e-01
2.987003354984300030e-01
2.988340463156173299e-01
2.979436368382433753e-01
2.973332430248643021e-01
2.981642839324459282e-01
2.974003658472376133e-01
2.987796570466892399e-01
2.984266528138040941e-01
2.996288121554741557e-01
2.989503620773464321e-01
2.976851754633063063e-01
2.979352055888769835e-01
2.979807841875637964e-01
2.982791423322542212e-01
2.977537230589603068e-01
2.979401859679872144e-01
2.978343648086833051e-01
2.980667300593541347e-01
2.981831129598048746e-01
2.988805464074910656e-01
2.983282664101550852e-01
2.983868921895115878e-01
2.966327574831610914e-01
2.993332270318643795e-01
2.982749008437992067e-01
2.981153122049971516e-01
2.989094484901730908e-01
2.986900194587700508e-01
2.989000003007159512e-01
2.985103703649916729e-01
2.974307673981603783e-01
2.987500640750412328e-01
2.984552676732228904e-01
2.977934005781229798e-01
2.982110187201501006e-01
2.997332217588853931e-01
2.993747678876699791e-01
2.974736563196502814e-01
2.985885910148842193e-01
2.982846910260790185e-01
2.988215168341353811e-01
2.980554672525768667e-01
2.985142943113907599e-01
2.978835345589050942e-01
2.989059868671947728e-01
2.992649041599252380e-01
2.992995856994274950e-01
2.981998783220832228e-01
2.982731197551011793e-01
2.983628385523564019e-01
2.982717639363671180e-01
2.994557823416341136e-01
2.980316736412920720e-01
2.985207813737039140e-01
2.988473540701081510e-01
2.978080078619969040e-01
2.971300928031216371e-01
2.975201206565445955e-01
2.977492572890397815e-01
2.985518051009748985e-01
2.988457288319618099e-01
2.985463355788695594e-01
2.982888367633351745e-01
2.986035625138241389e-01
2.989817506510525358e-01
2.988445409829371679e-01
2.985343799600575498e-01
2.980601687200085670e-01
2.983278936568948270e-01
2.982261436698794288e-01
