3.441879949468075184e-01
3.461224182734460308e-01
3.466859738742230634e-01
3.466703541768891839e-01
3.466096424820017674e-01
3.468269925216113658e-01
3.465041946480508228e-01
3.449718512977695828e-01
3.470004118535424675e-01
3.465568313919829002e-01
3.469427091066374924e-01
3.461479705107641802e-01
3.453217590373446888e-01
3.452493316117978828e-01
3.459655151847148558e-01
3.456446254845926269e-01
3.463631362987731332e-01
3.462370519567433691e-01
3.463751930688310221e-01
3.465195899252080936e-01
3.457726242481665158e-01
3.463854706831629438e-01
3.465946644545019883e-01
3.459130806585783424e-01
3.461282576729093341e-01
3.472733648758072889e-01
3.475911144586614765e-01
3.462670655780729079e-01
3.469613196690301549e-01
3.460107673272789786e-01
3.466212785454724776e-01
3.466873073317675025e-01
3.461722100653076839e-01
3.467502412794979394e-01
3.455155628966924963e-01
3.464464261338194850e-01
3.457691079443602211e-01
3.470185524320721360e-01
3.477687300003715620e-01
3.455791725343122511e-01
3.461457765822953947e-01
3.458820208642365834e-01
3.455606195919203039e-01
3.471155562475802259e-01
3.461295543246579731e-01
3.467245668981147055e-01
3.448953104792813473e-01
3.457216042154236391e-01
3.454638010920543789e-01
3.473169506502029047e-01
3.462044904972645387e-01
3.454440766625393455e-01
3.471583840634459017e-01
3.455375023686099167e-01
3.466178122363798297e-01
3.455879665215463858e-01
3.465743113441181467e-01
3.455121431397291665e-01
3.465607612662782167e-01
3.461591581656101035e-01
3.456643167854309695e-01
3.471187469307722151e-01
3.456238910638357864e-01
3.459188393643695125e-01
3.463389664230368536e-01
3.463803314717984749e-01
3.470478660384679892e-01
3.461860617738311552e-01
3.471162467635590110e-01
3.458725089237271733e-01
3.457739460044029767e-01
3.458752156812579526e-01
3.464478757309957802e-01
3.467165112548116213e-01
3.467965949463096553e-01
3.463452639358425844e-01
3.470216851596955032e-01
3.457806552546276446e-01
3.464728835108090710e-01
3.476584102734926462e-01
3.459555261757594202e-01
3.464526360310182795e-01
3.458935971415084687e-01
3.459576166682670761e-01
3.472764065264167810e-01
3.457866932647493674e-01
3.467612939012641449e-01
3.457804707051050919e-01
3.471821932916567821e-01
3.470008793442884709e-01
3.451920898282779260e-01
3.451675631282405954e-01
3.464365755352408760e-01
3.464271713657329776e-01
3.469394661866792573e-01
3.455179903516882867e-01
3.457172368734312551e-01
3.471392971174814823e-01
3.476002652074725585e-01
3.473152658948225890e-01
