3.837133758771010261e-01
3.861179794084568240e-01
3.849868932284911671e-01
3.853936779187669415e-01
3.858908570211602163e-01
3.846753847394114301e-01
3.864838253732336693e-01
3.854968607273759895e-01
3.852542061260336714e-01
3.854951986569939981e-01
3.837605069095839094e-01
3.852684666649572875e-01
3.858143087568985941e-01
3.856708313372285701e-01
3.853082387027080835e-01
3.853482432296003735e-01
3.854652918118561256e-01
3.845850953618499268e-01
3.850472261293249043e-01
3.855570120186248562e-01
3.852181314529089518e-01
3.857918865477948378e-01
3.853989090663322847e-01
3.853780004986713803e-01
3.854638760494031313e-01
3.845530787439751519e-01
3.842007545911719779e-01
3.852220412969903918e-01
3.842004549472439745e-01
3.863126185373226829e-01
3.854125696503537535e-01
3.851499578832387471e-01
3.862161789399776168e-01
3.844413801123385266e-01
3.866535776626326415e-01
3.855477281718853733e-01
3.847948206481396349e-01
3.849408496507922273e-01
3.847153835793410970e-01
3.853117124019972972e-01
3.861131086029606641e-01
3.851921692309522305e-01
3.841413110336410197e-01
3.845821037377150642e-01
3.847488116079784692e-01
3.848463025746774457e-01
3.855560555913710719e-01
3.847348023738750844e-01
3.857635811028214401e-01
3.846842979536783114e-01
3.855278301992325907e-01
3.855056599683865937e-01
3.846562437373844956e-01
3.849598690125361489e-01
3.858745491951859341e-01
3.850901853197359892e-01
3.861382402984338547e-01
3.853949858843284670e-01
3.853000886343375675e-01
3.857967454416411091e-01
3.857097318959703536e-01
3.863861280300298073e-01
3.859523624217615079e-01
3.871822736808160359e-01
3.857358163487593083e-01
3.852588418272800963e-01
3.849230898414691127e-01
3.850438506407228845e-01
3.858639749011240072e-01
3.851085102738456833e-01
3.861158742134581656e-01
3.858585437878969127e-01
3.871174035022588722e-01
3.853800664977961032e-01
3.854156176516018717e-01
3.866972620203481537e-01
3.849926981912152879e-01
3.853774969568867226e-01
3.853754651640111106e-01
3.854617796734349788e-01
3.847565808398416554e-01
3.857327776695080868e-01
3.845457033466384011e-01
3.857169789016695050e-01
3.852596595107168342e-01
3.858557325890705769e-01
3.853937833270569269e-01
3.858872678588459726e-01
3.864977973903712116e-01
3.854849323821185059e-01
3.861722950787441766e-01
3.860873979078457419e-01
3.865040899201163671e-01
3.852649160498338166e-01
3.856250677796383419e-01
3.855821665850780455e-01
3.846246074212305022e-01
3.856307678644511627e-01
3.860041147816530849e-01
3.845534037456923571e-01
