4.149538991354123629e-01
4.149530891444287439e-01
4.148023714081818247e-01
4.154338495833552192e-01
4.149574639572036761e-01
4.155774596543391208e-01
4.150566466762719564e-01
4.155871101641487320e-01
4.157511722799603349e-01
4.155534348247544307e-01
4.155821103015421292e-01
4.150366896437093223e-01
4.157246401058650731e-01
4.149761267738348858e-01
4.165955186071004790e-01
4.153495615795644857e-01
4.152132328245007331e-01
4.156875373261460505e-01
4.168082009994272807e-01
4.156701997899467926e-01
4.158896455066850573e-01
4.147809866451878102e-01
4.150785734425701534e-01
4.152999831489289084e-01
4.149969865899826860e-01
4.155848991410786564e-01
4.143761259046466749e-01
4.158288511460255243e-01
4.154284340703963130e-01
4.154888942354078019e-01
4.151653075790630587e-01
4.146326684651303052e-01
4.155510826675775093e-01
4.159115070492748201e-01
4.147851753549405829e-01
4.165354833663232892e-01
4.158973086062773272e-01
4.147431096907888692e-01
4.155445407653235446e-01
4.144522982155812718e-01
4.156630235118775052e-01
4.153387150782178461e-01
4.161189486244456504e-01
4.158877841817412158e-01
4.154024935575018618e-01
4.143177734065101037e-01
4.160796315771295162e-01
4.162250451995175293e-01
4.151296992731730029e-01
4.157290103679492366e-01
4.157192920495428878e-01
4.157794693584989099e-01
4.151547702793944028e-01
4.162795536421408649e-01
4.153675523129698455e-01
4.154083642643470187e-01
4.156402438815539058e-01
4.149163132603616022e-01
4.151710290144318138e-01
4.157377414074993061e-01
4.158057619503985336e-01
4.147125191362623919e-01
4.154719872232817690e-01
4.146067197954800276e-01
4.157242611181370395e-01
4.154415509396013895e-01
4.150225490658850935e-01
4.158257041317098834e-01
4.152832462751902542e-01
4.150201330421289247e-01
4.156271247469897068e-01
4.151578560473631052e-01
4.164056890675320588e-01
4.163009959752211886e-01
4.158717017705815255e-01
4.155393432388101438e-01
4.152468264297241585e-01
4.148572076268000064e-01
4.159838012815199049e-01
4.150372985176051799e-01
4.143632011494503553e-01
4.150643016587087786e-01
4.157017947020388293e-01
4.151820800148607882e-01
4.147945591527553155e-01
4.150951834302217813e-01
4.161348197416960826e-01
4.153464283403135449e-01
4.158612882716213321e-01
4.168124289958550222e-01
4.154081968896822241e-01
4.154065758090763061e-01
4.155197350521256938e-01
4.149283988627912034e-01
4.155102940384340360e-01
4.150206966940521713e-01
4.161764459329696519e-01
4.161580145593506974e-01
4.149667382333410148e-01
4.152997185331793184e-01
