9.455959694739040078e-01
9.463500895063556850e-01
9.471121608955014315e-01
9.464895796574077647e-01
9.458058048678859020e-01
9.464984833739379377e-01
9.459281134282104819e-01
9.466088464986301965e-01
9.462097006717853365e-01
9.460741453182734961e-01
9.463595571253616834e-01
9.456106861356897708e-01
9.464816227127909043e-01
9.466925011023027414e-01
9.461150889883225279e-01
9.470298193021751132e-01
9.458440161371767241e-01
9.459067490410780765e-01
9.464990602988998525e-01
9.466682285266634356e-01
9.456940799020476796e-01
9.458790570428169397e-01
9.464259436695836580e-01
9.459930377346323915e-01
9.469971043114027154e-01
9.461365888104529276e-01
9.464596323242916442e-01
9.458155914000135889e-01
9.466043235484034035e-01
9.473281599589161717e-01
9.471913078871860847e-01
9.455212141289381922e-01
9.463291286452182316e-01
9.467798342735038730e-01
9.464848589205578921e-01
9.454081337896061976e-01
9.463921605785226010e-01
9.468785502769615503e-01
9.457461706189811412e-01
9.460945869857481094e-01
9.468673548019871378e-01
9.462136612673238689e-01
9.461893350419218196e-01
9.460822715363342850e-01
9.466231397800815017e-01
9.467893435924433776e-01
9.457324461623437539e-01
9.467454645716087969e-01
9.459422396507999320e-01
9.466655707354111327e-01
9.458730352143527309e-01
9.459719461371240978e-01
9.463460261593916734e-01
9.462078834837164276e-01
9.463797125956335821e-01
9.473178903516326077e-01
9.458290702686349416e-01
9.460570704891652083e-01
9.459461286378605394e-01
9.461352148595402189e-01
9.466479913154062231e-01
9.469651783566179759e-01
9.472561430528934068e-01
9.461022175315586535e-01
9.464463854005360499e-01
9.454869386701447720e-01
9.460488060103579011e-01
9.464401137564064648e-01
9.461177349978663331e-01
9.470764386609600294e-01
9.464195649166992075e-01
9.466314507448289062e-01
9.461725795532189842e-01
9.448237148583301659e-01
9.465323739170827810e-01
9.469521686719118980e-01
9.458518105790736374e-01
9.459871427774531050e-01
9.468273539046234699e-01
9.465051375999340433e-01
9.465075689633987155e-01
9.466344547309630819e-01
9.467080947493738963e-01
9.464253223107361723e-01
9.460800779457532173e-01
9.461820511419147817e-01
9.470350784942455080e-01
9.471972779839241685e-01
9.464446667392638624e-01
9.460888983537599772e-01
9.475444015357293859e-01
9.466634230801347361e-01
9.464308021926501890e-01
9.466231850778389356e-01
9.472440020860849463e-01
9.457100884842325472e-01
9.450859748351591039e-01
9.462176797642557480e-01
9.462152045259180078e-01
9.464520579547432977e-01
