2.467144595639562121e-01
2.471574078009100561e-01
2.465986484795790745e-01
2.462613138762930753e-01
2.476732388880629743e-01
2.482801044961501225e-01
2.466740038627355525e-01
2.479890878512787666e-01
2.474725569867776143e-01
2.467052292982568340e-01
2.468388709914457746e-01
2.475350967655218226e-01
2.469525135232854551e-01
2.462586946868072502e-01
2.475475535798580817e-01
2.475060786123687295e-01
2.467963865567935344e-01
2.475807184177096776e-01
2.465937407476715137e-01
2.463428052458185857e-01
2.481685838929171273e-01
2.471160874742018287e-01
2.470586851456861299e-01
2.475783673189134726e-01
2.463891868421837772e-01
2.471105953002464828e-01
2.479016393553472031e-01
2.467789057770055638e-01
2.474251058598349595e-01
2.479513568166155646e-01
2.476903575284251091e-01
2.473799339733687708e-01
2.468303562656888606e-01
2.466543131879029294e-01
2.462346663512873790e-01
2.480486138045465139e-01
2.480956836860780390e-01
2.468392760481685211e-01
2.466223261747088891e-01
2.471888525635352329e-01
2.473032585797570737e-01
2.459261758564375566e-01
2.467468333144388903e-01
2.457106702835702983e-01
2.476700570947774627e-01
2.469882566519802647e-01
2.472908399494595233e-01
2.474821501215498376e-01
2.468246483809567460e-01
2.480243047433802195e-01
2.474992295763661643e-01
2.473208313746907139e-01
2.467774848920948061e-01
2.471522457294023645e-01
2.461475887387024331e-01
2.474856820274359270e-01
2.479286836158627882e-01
2.466528457215109715e-01
2.461257997371107953e-01
2.469924881394416349e-01
2.471462695155730305e-01
2.467967829733071494e-01
2.468371091682138863e-01
2.462733839414024684e-01
2.472373228010292801e-01
2.483702499211898340e-01
2.477963218440684123e-01
2.465967947643029623e-01
2.475405026296022826e-01
2.463216656276355221e-01
2.465138355238520596e-01
2.471501801449717539e-01
2.466086405092042522e-01
2.458902136965937513e-01
2.471075865036627128e-01
2.470189906326100693e-01
2.467213811361974041e-01
2.472977587649959341e-01
2.475352952932889927e-01
2.463543502021040554e-01
2.474363644249395477e-01
2.476560099867539666e-01
2.478635438134781377e-01
2.484510170186934319e-01
2.473143420144567339e-01
2.482244022202965139e-01
2.470084902376638025e-01
2.471663467308292117e-01
2.460508294315534306e-01
2.474567058667308528e-01
2.471432185240242385e-01
2.486103325523292829e-01
2.460925439683759597e-01
2.471389341484868940e-01
2.458823558162440137e-01
2.465734216092453635e-01
2.465244880287549289e-01
2.473494215445543598e-01
2.476008019838836782e-01
2.469815129681723342e-01
