8.982159566337537537e-01
8.981370360610705372e-01
8.983737903105957212e-01
8.978221587052996888e-01
8.986519178195231383e-01
8.988209934225424025e-01
8.974374625546372997e-01
9.002281619085951148e-01
8.981606706277710517e-01
8.995089125146151776e-01
8.983334334365988827e-01
8.987505995664430980e-01
8.984674379754966633e-01
8.994762840803458559e-01
8.985970984420149632e-01
8.986307498304278996e-01
8.984058341624494570e-01
8.981228317779111903e-01
8.980428490145038189e-01
8.990984915788214904e-01
8.986024701811812232e-01
8.980171996961492376e-01
8.988193669075505987e-01
8.977344133919675784e-01
8.981829621364969540e-01
8.981117890331509201e-01
8.992002706308690474e-01
8.979396692116534684e-01
8.989507300733441397e-01
8.979759764632491148e-01
8.980231369938778130e-01
8.986760478476165659e-01
8.984651147796334225e-01
8.981417312829328425e-01
8.986876514920908443e-01
8.985473099357379478e-01
8.982720466426704631e-01
8.985368709013747957e-01
8.977559648416003624e-01
8.978334191998896818e-01
8.990552326817533579e-01
8.999144515121446641e-01
8.991154329409032364e-01
8.986651138697219210e-01
8.991227305423197258e-01
8.995347750946414145e-01
8.994083809356613335e-01
8.991454287926812228e-01
8.993878268932881115e-01
8.984458600808956641e-01
8.992375151882852080e-01
8.980750118120592873e-01
8.979055438110055132e-01
8.996159164319915691e-01
8.988632081409491104e-01
8.986519396906322843e-01
8.985256605803209062e-01
8.994292227419105057e-01
8.987111403300207524e-01
8.993928697246416082e-01
8.993820086584825013e-01
8.980470702313422260e-01
8.981012667977893438e-01
8.983278147983707607e-01
8.980586551838526388e-01
8.985610425996352069e-01
8.981246781295303405e-01
8.994001780942053603e-01
8.991253111360850703e-01
8.988891426819880515e-01
8.990918844720081626e-01
8.985472635589912827e-01
8.990479713254877492e-01
8.988996703456068049e-01
8.972116404044639948e-01
8.984667315668422027e-01
8.989855903647776536e-01
8.994223355957895460e-01
8.987821540777445328e-01
8.996147824544362681e-01
8.984457752794767771e-01
8.986361381106694468e-01
8.996023087239120031e-01
8.984231096724566434e-01
8.988185981763285870e-01
8.983763308285660498e-01
8.996692947070739077e-01
8.990365645795455052e-01
8.981987084801923427e-01
8.980986502495273971e-01
8.979458674128788509e-01
8.984662187621441642e-01
9.002192824907090385e-01
8.983260267572392710e-01
8.983395539846037448e-01
8.992181237218099810e-01
8.996119142159291204e-01
8.980123388602820889e-01
8.992849360120291902e-01
8.999955286885001904e-01
