6.022591399028380810e-01
6.028291578078950330e-01
6.024810820928454547e-01
6.023707746025813714e-01
6.025274863141800719e-01
6.020767792225993897e-01
6.024211117308154728e-01
6.030425698507497767e-01
6.042960368911304281e-01
6.029356099910859745e-01
6.026104412267898613e-01
6.025321740315217056e-01
6.023473424788274855e-01
6.026620289349368109e-01
6.016565993235476473e-01
6.029561181923849267e-01
6.015706336613584337e-01
6.028351877890972821e-01
6.020335850852516213e-01
6.032197061228694590e-01
6.024704065686967702e-01
6.021363924453515537e-01
6.027608283945111722e-01
6.029273403025569023e-01
6.023416263216165856e-01
6.033440709168683691e-01
6.027306174191149335e-01
6.021718896254392162e-01
6.024486541260736239e-01
6.024982708941608589e-01
6.031726949394209392e-01
6.022616951433458210e-01
6.023156012853048136e-01
6.030352097855423699e-01
6.030181563502889919e-01
6.023572006295059289e-01
6.020938727310970462e-01
6.028088173136806338e-01
6.023809015893931695e-01
6.035105115059904435e-01
6.022632257829713121e-01
6.029170031220650872e-01
6.020084181472336038e-01
6.009623268262175300e-01
6.015281787796863400e-01
6.019457875567209015e-01
6.026041691012093970e-01
6.025204465727291847e-01
6.022093648769083485e-01
6.025189393439314145e-01
6.028135294440339909e-01
6.023738119576064198e-01
6.025137485819400673e-01
6.026451049931715875e-01
6.026364529960727134e-01
6.019560591566931462e-01
6.038472650492714422e-01
6.028606614517115769e-01
6.024951191752419000e-01
6.028488554947808442e-01
6.039472187750565269e-01
6.018217285515492510e-01
6.008260567290788501e-01
6.023536263235498289e-01
6.033782336416864123e-01
6.023169279551112698e-01
6.033951568042016378e-01
6.018823081612996173e-01
6.024586567609601095e-01
6.026675005081185699e-01
6.034087991393931594e-01
6.023636178008457964e-01
6.027436624153017508e-01
6.023821323046849585e-01
6.020534418427964107e-01
6.026763718728080921e-01
6.020643265755711848e-01
6.016085950304987939e-01
6.016379196867063239e-01
6.022240063361461448e-01
6.020141467573126848e-01
6.027468676408097581e-01
6.024002576760786321e-01
6.029966613869385261e-01
6.025524988109083324e-01
6.023299521793553657e-01
6.034346012113297464e-01
6.030727662668515787e-01
6.019100925814936387e-01
6.021821484236756783e-01
6.033901715590043180e-01
6.021464320358339561e-01
6.011279012912947861e-01
6.017613628583793339e-01
6.028554934793477482e-01
6.022769555874019076e-01
6.017977567897370150e-01
6.018205540697101341e-01
6.018170898700165861e-01
6.019566227960617688e-01
