7.310813970401237594e-01
7.312306530413780203e-01
7.301227147939274298e-01
7.311151747224217123e-01
7.300789240671213820e-01
7.304387507373497623e-01
7.305705819789132249e-01
7.300948147068611060e-01
7.300154191274561555e-01
7.303478725297682939e-01
7.302609766109807721e-01
7.301302880300517550e-01
7.284087530747228589e-01
7.294225743828128827e-01
7.314980872953543711e-01
7.304599916138687643e-01
7.300077355631446885e-01
7.307364600978566438e-01
7.308494201964670367e-01
7.304467382417086929e-01
7.299506591354201213e-01
7.311984370835233893e-01
7.301255539585105314e-01
7.306717092889459808e-01
7.299781961076426962e-01
7.312637871713174587e-01
7.311207113732960394e-01
7.309741405788749979e-01
7.295619940125516178e-01
7.302311516712396422e-01
7.302394970264243224e-01
7.303528830574050890e-01
7.297959581883588509e-01
7.309155473903367062e-01
7.308405643407593910e-01
7.304410246192498679e-01
7.307827672903761673e-01
7.312557551851381898e-01
7.299761887001217087e-01
7.304426397672532101e-01
7.311241945133115649e-01
7.296444738236499417e-01
7.305596353471832671e-01
7.308429872770012548e-01
7.306594856306052321e-01
7.306204423692266303e-01
7.300413354760114659e-01
7.296438888517928767e-01
7.306215008762413365e-01
7.307890287246492367e-01
7.309944609860392628e-01
7.313859993633294865e-01
7.300301571312411975e-01
7.309132754324725312e-01
7.299306144880506331e-01
7.309947448839497763e-01
7.301059447987394702e-01
7.310440987832655946e-01
7.307652356338312227e-01
7.296585400955037937e-01
7.303311794147855363e-01
7.311454672547339495e-01
7.306940946662630054e-01
7.313235439563704476e-01
7.291959941704253545e-01
7.287485676428346881e-01
7.305068144352979687e-01
7.300221297495310679e-01
7.309170615697959672e-01
7.301398860277035219e-01
7.298056524438459869e-01
7.299058099294724045e-01
7.304988152080862385e-01
7.305938072138445927e-01
7.297877930427439930e-01
7.299652019786049273e-01
7.309769523954283699e-01
7.299856117405938427e-01
7.305111065566523010e-01
7.302817409512012414e-01
7.305919691355087231e-01
7.305522120578712419e-01
7.312409018016553519e-01
7.301077418279181552e-01
7.312854703554908520e-01
7.316296411692297941e-01
7.301462147705000127e-01
7.304765580701698680e-01
7.304892229798994885e-01
7.308818582325856683e-01
7.295156950379313443e-01
7.299763417435247703e-01
7.304753427396645238e-01
7.307997872376289505e-01
7.312216042740211641e-01
7.308681432346421092e-01
7.308085599193083759e-01
7.311216339552460974e-01
7.308795780472832071e-01
7.306082199500996133e-01
