5.091830560048440368e-01
5.104670318058822653e-01
5.107770040384542742e-01
5.116196306401352700e-01
5.111516281191074151e-01
5.123038163756310492e-01
5.117608341330455168e-01
5.111971603507398099e-01
5.115732554388657816e-01
5.106525924822150619e-01
5.102729573049860079e-01
5.115316466036300413e-01
5.097374020926538352e-01
5.103825418600400621e-01
5.113687945211905506e-01
5.099618795640492586e-01
5.112555549189894410e-01
5.101410949843822040e-01
5.109656078288520309e-01
5.097745708695862188e-01
5.103636701510076978e-01
5.096950633726455848e-01
5.110104502509869029e-01
5.105670719794082046e-01
5.095457404884333741e-01
5.102879748473734267e-01
5.103928615992102680e-01
5.111643583269342983e-01
5.100835888238579585e-01
5.102223060019636103e-01
5.104467290254812717e-01
5.111053989639073869e-01
5.114121094272646717e-01
5.106808605531131251e-01
5.099477834357075690e-01
5.103473866548342563e-01
5.103269824074398997e-01
5.103573268666283802e-01
5.116739450907346054e-01
5.108283073645256689e-01
5.103029172234413435e-01
5.117124516405114898e-01
5.117000979832333485e-01
5.118259286542288233e-01
5.100483594931815023e-01
5.098319197781941980e-01
5.106451084512469984e-01
5.109831293555415765e-01
5.105033020537517174e-01
5.109198422538484552e-01
5.095201139945573221e-01
5.102787677732862903e-01
5.114479508692479914e-01
5.107725913365961379e-01
5.097481919984176990e-01
5.109460690782305914e-01
5.103758240075567665e-01
5.106202163264770277e-01
5.105636849434256330e-01
5.096343379465688717e-01
5.102504531138540855e-01
5.106319784206555523e-01
5.109649735650465541e-01
5.100051289701686974e-01
5.111682692947235873e-01
5.095955462772643330e-01
5.113636994316768103e-01
5.105869131171394404e-01
5.108562846312129091e-01
5.103542536005560848e-01
5.103093424767631836e-01
5.106195472440518968e-01
5.112268337972816212e-01
5.104978686515684316e-01
5.100928240830868710e-01
5.099848986819792707e-01
5.108555325739465580e-01
5.113424643245310097e-01
5.103038495749461223e-01
5.099581147576530693e-01
5.098385606197075592e-01
5.115955181250979589e-01
5.112436935143362948e-01
5.119125612812989168e-01
5.109119689972658751e-01
5.105055395344835212e-01
5.115958516852330273e-01
5.098427094858311026e-01
5.112701945227942080e-01
5.110790518717484021e-01
5.102073961742304986e-01
5.106806218597340630e-01
5.119546640325216558e-01
5.103910730914406058e-01
5.100838966673728603e-01
5.105224682987045126e-01
5.117597111934099052e-01
5.104780915601991875e-01
5.096555756901266498e-01
5.112282601048470099e-01
