6.772255910305712279e-01
6.777133647467636912e-01
6.783934714536242749e-01
6.788299795661292269e-01
6.781753698046593115e-01
6.788685568684357241e-01
6.788199780165868891e-01
6.778074793708674939e-01
6.796744645666091822e-01
6.779533582486400034e-01
6.783115794926422026e-01
6.778097974705570294e-01
6.778593859595845039e-01
6.800596686733642038e-01
6.794039455488141144e-01
6.780187615436238380e-01
6.778226040968973187e-01
6.774491076408923895e-01
6.782676315699166514e-01
6.785562024056981389e-01
6.776483096939027728e-01
6.783873781190705721e-01
6.801548477580836582e-01
6.780925379564655131e-01
6.791416503393892246e-01
6.779199092999654841e-01
6.788521207857793893e-01
6.789276303445567207e-01
6.785966812666003323e-01
6.784272569451121893e-01
6.795630343326051204e-01
6.784354183018348472e-01
6.789635430880081035e-01
6.790661251180645230e-01
6.788579140157895431e-01
6.780861914788047784e-01
6.792320276375932719e-01
6.787198180571409889e-01
6.790903052528799444e-01
6.780252208210537646e-01
6.782982852566781240e-01
6.793212177936189811e-01
6.789320552517523755e-01
6.776432715549454144e-01
6.785631018487163768e-01
6.783099270057665331e-01
6.796301661575545605e-01
6.796384834960953469e-01
6.777448487546995359e-01
6.791401904792251365e-01
6.775076743961465642e-01
6.779331276564486419e-01
6.790294286330971207e-01
6.784983716171066881e-01
6.782950080990353126e-01
6.789816408506088585e-01
6.784226444466769923e-01
6.788834941441487247e-01
6.782845015830967217e-01
6.782995704044265661e-01
6.799891598633440726e-01
6.786623551179957747e-01
6.784983644212108089e-01
6.788095730602674571e-01
6.786799854141167820e-01
6.779404388537251247e-01
6.775112914948004939e-01
6.780510759586324543e-01
6.787497865571257005e-01
6.798188160126652502e-01
6.791053340708551600e-01
6.791370081886769494e-01
6.784994767727186016e-01
6.785798689077995327e-01
6.778058015217007792e-01
6.793574010981212608e-01
6.774326009113412761e-01
6.779143448679485484e-01
6.781310491296437259e-01
6.782032832823621238e-01
6.787923196800158543e-01
6.795090031783521667e-01
6.776917921933021116e-01
6.775401268567935453e-01
6.791890537243953085e-01
6.780935533198140241e-01
6.796532624538600409e-01
6.782049026148037063e-01
6.784782467036606368e-01
6.785053116239936344e-01
6.791927317860402269e-01
6.783521433025890834e-01
6.784390257190315854e-01
6.791607863359299113e-01
6.781016779980293396e-01
6.785192298578262005e-01
6.773580276842074976e-01
6.786690762335380045e-01
6.785375168105661770e-01
6.783545019502821294e-01
