6.676616234866721289e-01
6.692805356306180675e-01
6.700334098465203780e-01
6.694781750372778006e-01
6.685501491967598131e-01
6.699265648148124974e-01
6.695333860132923753e-01
6.685149866764763527e-01
6.691586555180421003e-01
6.696726908060999239e-01
6.701624177931883031e-01
6.687846832608100867e-01
6.687319896401004993e-01
6.697671274326137958e-01
6.690809051066732849e-01
6.685618833989480647e-01
6.695177734274867509e-01
6.698793174394745975e-01
6.702376463060579770e-01
6.690711815386685135e-01
6.700354604839575678e-01
6.694277916378161830e-01
6.692575809391223540e-01
6.689866964563742080e-01
6.695521058288220750e-01
6.695718945105293418e-01
6.685935576800745572e-01
6.693453474790875823e-01
6.689419749986189601e-01
6.695755670445941998e-01
6.691575653689560976e-01
6.699743091788836757e-01
6.698394906946381067e-01
6.694765708700077811e-01
6.695375933445921746e-01
6.700051986760737766e-01
6.689364267584487767e-01
6.690944211310722034e-01
6.686988034154071059e-01
6.703085455060902031e-01
6.701977064168971321e-01
6.696542065671459154e-01
6.699441670265464666e-01
6.686832110627494163e-01
6.694375284272391369e-01
6.697121286857390388e-01
6.695177351419718814e-01
6.700188817676507869e-01
6.688107481265640475e-01
6.687209391514981061e-01
6.699690225950766242e-01
6.696154523134341119e-01
6.690223434171547190e-01
6.695106873568110739e-01
6.690269726598296884e-01
6.684682144683611327e-01
6.695668470582549769e-01
6.688735333072286515e-01
6.698629776014038972e-01
6.692945769041762638e-01
6.693816720469810688e-01
6.690799397468599752e-01
6.699005486623674788e-01
6.690962228094341491e-01
6.685676084548084486e-01
6.703832194965716473e-01
6.695445528846184491e-01
6.702030926661471932e-01
6.691920830520965424e-01
6.693182114529937499e-01
6.696810402700069664e-01
6.691517679167586774e-01
6.692375612246752592e-01
6.681889533226212929e-01
6.683437789405417551e-01
6.695910622569418713e-01
6.676518001556964732e-01
6.685676754239291419e-01
6.690587751689063278e-01
6.697855342437074588e-01
6.696993177038250700e-01
6.688299992025535934e-01
6.698308963370493974e-01
6.695692039957211739e-01
6.707049608769625193e-01
6.692992527249757018e-01
6.694870997087623010e-01
6.697791167388524869e-01
6.687379563948440131e-01
6.704630657503000135e-01
6.692772411515552911e-01
6.696176279258594377e-01
6.690258134411389834e-01
6.695591725512497483e-01
6.682229433816486708e-01
6.687420367784548958e-01
6.706128338725416693e-01
6.693817131745389837e-01
6.697970587353283545e-01
6.692204813000502961e-01
