7.822902302877894343e-01
7.831548044239996509e-01
7.829840971797492610e-01
7.839968267596996165e-01
7.834471943442509190e-01
7.836814430825995714e-01
7.829841268513298980e-01
7.834873235059189867e-01
7.832631154139904073e-01
7.829372104916901831e-01
7.836972017297663129e-01
7.831883163936835812e-01
7.826986387686545310e-01
7.833928128852050143e-01
7.838220027512152743e-01
7.827406886905239336e-01
7.841392054313049975e-01
7.841869658161929602e-01
7.833830118055039593e-01
7.824379737211712982e-01
7.836414382452627780e-01
7.831971197520999350e-01
7.833123453487620402e-01
7.826866767626551313e-01
7.837998505738430488e-01
7.843595761678928691e-01
7.823704524844159458e-01
7.832179978918694108e-01
7.836143005039222231e-01
7.827882008351400023e-01
7.834520143199296127e-01
7.840959043987041355e-01
7.830550270069234209e-01
7.842386575999238385e-01
7.835270049415852256e-01
7.846538704821587329e-01
7.839800851563107909e-01
7.829012819606406826e-01
7.841134120742833113e-01
7.845422799776522460e-01
7.833179700546137880e-01
7.830327357524657916e-01
7.831741678212325031e-01
7.836423888158476903e-01
7.832637544214771097e-01
7.835093411316806922e-01
7.842144908174618623e-01
7.825580656658113199e-01
7.829614134595686004e-01
7.823912436826935268e-01
7.830216784014480957e-01
7.834649142962673007e-01
7.839122439733410275e-01
7.827869915448097959e-01
7.832087184738016905e-01
7.827376253059207256e-01
7.823215861551411354e-01
7.846334414266806778e-01
7.833476790337294826e-01
7.833912044863687862e-01
7.844097183239566728e-01
7.843637399547783717e-01
7.832995677745620000e-01
7.833707265041665035e-01
7.840218346346297107e-01
7.819875614047255841e-01
7.831709532853307065e-01
7.833239566637192342e-01
7.837985698615359542e-01
7.838918659451151738e-01
7.838085745052484343e-01
7.841444355254931775e-01
7.840400062184496033e-01
7.839196729774113859e-01
7.841579153086776222e-01
7.834288179111567052e-01
7.828453509306836366e-01
7.833989305065294229e-01
7.838553056470041192e-01
7.824161426385108919e-01
7.821080366195762856e-01
7.827748784060571952e-01
7.832216868559072065e-01
7.832289997871937359e-01
7.835558435914768971e-01
7.832996093876241073e-01
7.831909574197759571e-01
7.843829939460125189e-01
7.828564419244425920e-01
7.842950224211604482e-01
7.828266789208575549e-01
7.842711903569021814e-01
7.840861337644486895e-01
7.842973227939744607e-01
7.829110388043166724e-01
7.832467411430641402e-01
7.836509001910997307e-01
7.838943765040350398e-01
7.832343976967589549e-01
7.844863796959142821e-01
