6.782473960698554016e-01
6.798135771017681517e-01
6.806242349463573760e-01
6.803690115543052919e-01
6.800235754009440470e-01
6.805058267278949469e-01
6.806638843249059878e-01
6.809161115034556566e-01
6.807669625239221034e-01
6.800803929068448550e-01
6.806603033846128081e-01
6.809092283168651782e-01
6.797502653941256412e-01
6.801402067123665240e-01
6.808043404552517330e-01
6.801984904448716840e-01
6.806633075032580971e-01
6.805128321488330689e-01
6.811458813917024013e-01
6.809299647462304650e-01
6.813671437677273346e-01
6.811138217901311354e-01
6.805448151447823779e-01
6.798767613753354810e-01
6.809172624436415910e-01
6.807759944431388544e-01
6.811515760914599316e-01
6.787279269555600569e-01
6.806036870684316620e-01
6.810700471635774411e-01
6.798207945035430466e-01
6.797049241392327801e-01
6.807104409654446409e-01
6.806406851834923000e-01
6.798549709980075129e-01
6.797752278530326819e-01
6.790078715462706249e-01
6.811570434668055007e-01
6.807545351199733030e-01
6.797171497226537351e-01
6.798573680822168619e-01
6.797276678736856592e-01
6.809318811479353473e-01
6.805239035226764432e-01
6.802021099469472976e-01
6.801350911207192373e-01
6.808741048018187580e-01
6.809967600852602221e-01
6.812780873989572328e-01
6.800458206639581338e-01
6.805680757623310262e-01
6.807028016595284559e-01
6.798021800022412409e-01
6.792016759564792894e-01
6.801822803210150203e-01
6.810836870472833926e-01
6.803604340247908500e-01
6.799360679622589165e-01
6.808443868294018486e-01
6.803684796099258580e-01
6.800099883617236607e-01
6.800359975090723985e-01
6.808304561266003141e-01
6.805634013336115951e-01
6.802558980600708072e-01
6.819047431241175294e-01
6.800256825583603781e-01
6.796039131081348383e-01
6.808395661829624856e-01
6.803065532485657041e-01
6.810033710784330063e-01
6.802212981455484364e-01
6.801772739360549824e-01
6.791700201268331405e-01
6.802319104862073473e-01
6.801505966494396649e-01
6.807753599115157206e-01
6.796183191056033301e-01
6.805952147769152027e-01
6.805248192362364223e-01
6.804890511746120030e-01
6.804121854113638346e-01
6.805990012035482151e-01
6.805252407457125230e-01
6.811235327595159816e-01
6.807311867601094635e-01
6.809203814778238550e-01
6.807026793730772685e-01
6.804177668163580162e-01
6.802671805158533314e-01
6.797649766728230958e-01
6.808867889742854507e-01
6.799466508757180394e-01
6.802602539007608362e-01
6.806899353654891627e-01
6.811176579416966526e-01
6.802777167354352450e-01
6.813223799223726562e-01
6.802182539728554023e-01
6.805911514618081526e-01
