6.980329754213183691e-01
7.002327210859105033e-01
6.994693445326963799e-01
6.994058765812675160e-01
7.000774312302346924e-01
6.992288140080338277e-01
6.988941372651321648e-01
7.001652098698611937e-01
6.995028602418464914e-01
6.986787079101317577e-01
6.990981408074063985e-01
7.000058788876521998e-01
7.003296743886223696e-01
6.996757530510870904e-01
6.997385599515655308e-01
6.998443331376982268e-01
6.989411917008605535e-01
6.991352762047589042e-01
6.997354536720710172e-01
6.991574201057245697e-01
6.983431079194074576e-01
6.987287035807990820e-01
6.998233182621129700e-01
6.990704159037690602e-01
7.008412463892801370e-01
6.989916453586171308e-01
7.008857666320935653e-01
6.998791441345242337e-01
6.995189822959875237e-01
6.990773014877736946e-01
6.998443816820624219e-01
7.005920130329947870e-01
6.997182246318591758e-01
7.000946680088494523e-01
6.986603033069842539e-01
6.992456499934702752e-01
6.996626936158103494e-01
7.000762254250064709e-01
6.993582936750413204e-01
6.998897297451813770e-01
7.003205536255149299e-01
6.989319585895370501e-01
6.989502337604884818e-01
6.996113752776760286e-01
6.996163685213380168e-01
6.990752887309379382e-01
6.997500872934114824e-01
6.990293137409649971e-01
6.996254027920032481e-01
6.998616600334791604e-01
6.989674333977438092e-01
6.993092247482689539e-01
6.993998977335248446e-01
6.996796360472800069e-01
7.000372129672991495e-01
6.993141247060117305e-01
6.993916649372685646e-01
6.999984919332746802e-01
6.995977839220333117e-01
6.992313600387827233e-01
6.997599135191779895e-01
6.991947692882276577e-01
6.998454153913007403e-01
6.987800927479428381e-01
6.995357627085549979e-01
7.007139832492752518e-01
6.994695434529942801e-01
6.990328688023592640e-01
6.995789179574849470e-01
6.997324155276793967e-01
6.999124991085516889e-01
6.997607330548605287e-01
6.996796257463719915e-01
6.988380302848838932e-01
6.995931760776004094e-01
7.000754800468798056e-01
7.005701509402459948e-01
6.996815412530206224e-01
6.990558721257700281e-01
6.996298569886847396e-01
6.979945966622518316e-01
6.990618938718287101e-01
6.985101029529785510e-01
6.980093962486535464e-01
6.996965733457776171e-01
6.984686544438332145e-01
7.001513737992242081e-01
6.986940066705867869e-01
6.997171989974202422e-01
6.983963915128685862e-01
6.994116860128569702e-01
6.999830565036357921e-01
6.987967100056589054e-01
6.997459217107486751e-01
7.004327217262055205e-01
6.996642253729774552e-01
6.983722989633630585e-01
6.997956384065178170e-01
7.001064260224448832e-01
6.990989557834249579e-01
