8.578987101692985284e-01
8.582500661423484445e-01
8.578368439138949197e-01
8.571087334342648578e-01
8.589469224816677073e-01
8.584106591889988369e-01
8.584665181823214475e-01
8.575854365862818351e-01
8.588175655887393400e-01
8.588005959388977928e-01
8.590653347263874640e-01
8.585092404564089730e-01
8.589762121190035460e-01
8.576402304711617797e-01
8.593624364764320678e-01
8.584425775631530087e-01
8.589692523038078287e-01
8.590542727325153338e-01
8.586620056848923710e-01
8.582115823127276499e-01
8.581409342271812957e-01
8.590857220641567871e-01
8.581620463711462365e-01
8.585411823056107172e-01
8.586643039437775737e-01
8.581700420953174424e-01
8.585765879745428375e-01
8.583073647433230313e-01
8.588687536690324809e-01
8.579672825317843365e-01
8.581257896188426715e-01
8.586275902635164270e-01
8.582185839717102471e-01
8.578977482359901874e-01
8.588212230297290750e-01
8.577876897497251907e-01
8.583318847530434503e-01
8.588847091756016683e-01
8.588533003926923648e-01
8.590966971662105101e-01
8.591802574977455143e-01
8.591383684893887374e-01
8.595068537848220558e-01
8.586729705828852754e-01
8.582715502890994053e-01
8.598685434419142126e-01
8.590047309060582226e-01
8.587058482522540448e-01
8.580330267909455078e-01
8.586751559416644364e-01
8.588952144760033658e-01
8.584298157451228928e-01
8.586055759874795523e-01
8.583208858762800819e-01
8.595940531581598432e-01
8.582369080565694919e-01
8.578284431911527008e-01
8.594383495713792120e-01
8.580372255306679685e-01
8.582645292531996262e-01
8.586416771215057420e-01
8.581630616795445921e-01
8.576909311886035114e-01
8.583670902481552734e-01
8.575522096979371067e-01
8.585166494204103937e-01
8.576696384996900235e-01
8.575368463644948980e-01
8.577548513978688893e-01
8.578292653578034610e-01
8.588500891349648558e-01
8.569264695750488103e-01
8.575585953534501371e-01
8.591255147050824714e-01
8.587515566124970245e-01
8.574983667728792724e-01
8.585920700831399799e-01
8.572552058164799593e-01
8.584784520653565565e-01
8.582610538243711229e-01
8.574334802583429838e-01
8.586093512418300211e-01
8.592056037279466318e-01
8.589769560928536274e-01
8.587743268226604165e-01
8.585472086271499492e-01
8.583825306074139849e-01
8.587645227464868469e-01
8.584072042777597389e-01
8.586310983539965358e-01
8.582843789315290906e-01
8.584171682304735373e-01
8.585111965499707676e-01
8.579509574893422474e-01
8.588854559085161711e-01
8.597974480049278556e-01
8.578808229927745721e-01
8.588006979046095557e-01
8.588722558859558376e-01
8.587800731183852232e-01
