5.185440264051479620e-01
5.189030618695926744e-01
5.197070637058889275e-01
5.199144150619452454e-01
5.198671701557202596e-01
5.205990833791378503e-01
5.195843493366409938e-01
5.197228862536933391e-01
5.193838363294231986e-01
5.190924167751662655e-01
5.197127203666421780e-01
5.190525120536475523e-01
5.193311230338776285e-01
5.190944826658476785e-01
5.195057130684541669e-01
5.205617539273751371e-01
5.204872577816680446e-01
5.197924371938273946e-01
5.202718380854929325e-01
5.196275273584178844e-01
5.184882092912237450e-01
5.196104393752732920e-01
5.198960602944274756e-01
5.196907357735515154e-01
5.189040781800113855e-01
5.185295879216682557e-01
5.191956045747809778e-01
5.183497891076590536e-01
5.188013684635401912e-01
5.196263438621664399e-01
5.201584889745762830e-01
5.190059109259592685e-01
5.192884247457629776e-01
5.192803550197120366e-01
5.199630630430739364e-01
5.197161657023346981e-01
5.198678607195794665e-01
5.195969034274268150e-01
5.199098500990930738e-01
5.190282056457251603e-01
5.191659024222365915e-01
5.199602847678703732e-01
5.201060929903750241e-01
5.191374841689536668e-01
5.199943387491821056e-01
5.196163898384553725e-01
5.184757338362215862e-01
5.189642997568715277e-01
5.197634383628025878e-01
5.199226454494555449e-01
5.209818119418461180e-01
5.200576657992921348e-01
5.186435766291570548e-01
5.200433184918665797e-01
5.197987561869630291e-01
5.193441753365197755e-01
5.214606043430231042e-01
5.203298765981364538e-01
5.197298705755841741e-01
5.211801871329385660e-01
5.203121233489702568e-01
5.197954641708615320e-01
5.194743216905800542e-01
5.202080428013217128e-01
5.188161885418891561e-01
5.191620181655461908e-01
5.198651091945554192e-01
5.182894035150760192e-01
5.198267407437930920e-01
5.204288905914153940e-01
5.191061393823039882e-01
5.195126307512819563e-01
5.190938669544493678e-01
5.193951099245126546e-01
5.208220400124603522e-01
5.207345669055398751e-01
5.189179355723352316e-01
5.195145057043311088e-01
5.192288134548249667e-01
5.200451180117633410e-01
5.204582529188507278e-01
5.200944812924013227e-01
5.201162152232207125e-01
5.188288792899031776e-01
5.196404462126784640e-01
5.199751127447819199e-01
5.207847041608297811e-01
5.205043011035676015e-01
5.198983309383945484e-01
5.196372487792038086e-01
5.201684754918985965e-01
5.205348912293226160e-01
5.199797003062867073e-01
5.202723852554731465e-01
5.184612963825432352e-01
5.201984238758954326e-01
5.195709293204398005e-01
5.186280353741532512e-01
5.205196984396094351e-01
5.194622362534933036e-01
