4.596572211383638806e-01
4.597318937933231320e-01
4.603564981616085072e-01
4.591532946204660570e-01
4.605058669583796949e-01
4.618746181887146141e-01
4.602312001647875794e-01
4.597371664798306501e-01
4.600883693740278058e-01
4.613398790441503028e-01
4.604276400488782617e-01
4.597613522146106746e-01
4.609741195704518124e-01
4.603977216600577127e-01
4.602023229540324056e-01
4.609059364181862239e-01
4.612421893390143968e-01
4.608511258607635441e-01
4.609219952571828038e-01
4.603602476025753232e-01
4.598895349272692501e-01
4.607010514199918472e-01
4.601306432642360278e-01
4.605906567148524422e-01
4.607870846370509255e-01
4.597878868612353398e-01
4.603841006256829127e-01
4.608037531643078832e-01
4.606592152417965935e-01
4.614278748742000058e-01
4.601101403967530201e-01
4.616360690348589868e-01
4.612049218639354686e-01
4.609678448335962631e-01
4.612088609072227952e-01
4.598703467657963007e-01
4.611391466285342799e-01
4.611434319160808148e-01
4.610836382402316858e-01
4.601628568448429268e-01
4.604800280507962973e-01
4.604349142491312996e-01
4.602368984964271825e-01
4.602171457501808005e-01
4.611093799878880350e-01
4.596110765202441328e-01
4.600598355897504987e-01
4.607297919833813205e-01
4.617237495246072632e-01
4.597135665377581892e-01
4.616671139888639530e-01
4.606355708594087606e-01
4.605279635879137023e-01
4.603564952012902389e-01
4.602374137805431142e-01
4.599500325501201248e-01
4.606943592420813527e-01
4.610950559527149939e-01
4.601047038932633004e-01
4.605521907967720097e-01
4.601644903614283133e-01
4.605591251079906856e-01
4.606971743786528739e-01
4.601423478053433547e-01
4.596151050922686609e-01
4.608708476516547581e-01
4.604470305259468765e-01
4.597043290937238291e-01
4.596755649902792840e-01
4.612130050805293147e-01
4.600781396925842093e-01
4.610214005891760669e-01
4.604835823569718434e-01
4.606481188636867841e-01
4.614228484705297229e-01
4.613719484468175036e-01
4.606237811608059340e-01
4.602529305267115123e-01
4.595597918191627329e-01
4.606649772549198940e-01
4.613262644731839224e-01
4.614247572384801432e-01
4.610887721201374356e-01
4.610746656752117145e-01
4.610558643826445646e-01
4.604475361050616167e-01
4.605333584458997098e-01
4.608455539747363106e-01
4.602713543558955012e-01
4.602252796467073415e-01
4.583110298879254918e-01
4.600056042449146565e-01
4.603565476286041180e-01
4.597267383490919457e-01
4.607258276552547160e-01
4.615251821402724386e-01
4.611782369265355896e-01
4.612799747758999924e-01
4.608640531088090131e-01
4.603003627391071273e-01
