6.616678533152177411e-02
6.729095180505247076e-02
6.722796665661201487e-02
6.831958739493740329e-02
6.738750638711542285e-02
6.812797419340234362e-02
6.696075484076004225e-02
6.874190195343170273e-02
6.920467586599771126e-02
6.704475595026571089e-02
6.804770076481565788e-02
6.710119782976461944e-02
6.751982428456484997e-02
6.753062384342500835e-02
6.733510376643692119e-02
6.741140065038062068e-02
6.788951026103084985e-02
6.862939611058574418e-02
6.823068544162341764e-02
6.818008092454000413e-02
6.711155702874155304e-02
6.806587434291640204e-02
6.869435536246908114e-02
6.815819512602219743e-02
6.745470770921638271e-02
6.826386354020388958e-02
6.870479904693019280e-02
6.717390463227225494e-02
6.806475143329307476e-02
6.747942699310036097e-02
6.783004109886586752e-02
6.737240079335543586e-02
6.842120744637969487e-02
6.786541210845653538e-02
6.718595172861452358e-02
6.791341566740216606e-02
6.834883482953528488e-02
6.790311660556083706e-02
6.824729754050762320e-02
6.775113525122344882e-02
6.907830876159337663e-02
6.876249370819249862e-02
6.789083417197688819e-02
6.733695952653617756e-02
6.823618888133820004e-02
6.798360537785427815e-02
6.813037291244249116e-02
6.799972081154577463e-02
6.769967190260421652e-02
6.668316820584191396e-02
6.871503617221794147e-02
6.764461541238267484e-02
6.741547663504182664e-02
6.733086569525137399e-02
6.749288660129286466e-02
6.793619946134835108e-02
6.797632429598186865e-02
6.826745776709503000e-02
6.801353761096361195e-02
6.831623892978995471e-02
6.724723745914792938e-02
6.754630366100704275e-02
6.736594457584521578e-02
6.815681800529693746e-02
6.725703033675395348e-02
6.762243219375826953e-02
6.964615571548860018e-02
6.767632767469991539e-02
6.726945402832393284e-02
6.757380007134042299e-02
6.888277697894702734e-02
6.887027212664147136e-02
6.808186393530105129e-02
6.807388157899718628e-02
6.798323255999490222e-02
6.751669143094723990e-02
6.915771131003346783e-02
6.817920261557597339e-02
6.738796475403936725e-02
6.839890420142122340e-02
6.745287279470746356e-02
6.888691950121836327e-02
6.842999850169864673e-02
6.764152509244178435e-02
6.668164236297713376e-02
6.733054117135575667e-02
6.802564246808910642e-02
6.797517648866084616e-02
6.729564097264116584e-02
6.748304045439090793e-02
6.759600838867391159e-02
6.788675849813526064e-02
6.795497888528631569e-02
6.779168079668516922e-02
6.788480338190676366e-02
6.788689282040960560e-02
6.796395430520071890e-02
6.744900482728651003e-02
6.892999162095611587e-02
6.936505475887849714e-02
