7.185051891860776141e-02
7.081455632446226334e-02
7.228245063795116221e-02
7.250950691838625728e-02
7.216522613852395518e-02
7.262559106504949680e-02
7.222179572608272702e-02
7.137067844208011547e-02
7.340339196049176784e-02
7.262619108818726965e-02
7.277499634484824176e-02
7.248635388353569242e-02
7.293924509244498200e-02
7.185652705115014305e-02
7.240154021652646377e-02
7.213981003609615250e-02
7.253186699970842755e-02
7.144993584001337050e-02
7.197173103212681222e-02
7.218555808249847716e-02
7.322669551035081159e-02
7.200960844637552261e-02
7.155372234122883701e-02
7.251211121835501872e-02
7.216968800738218781e-02
7.199084636285194017e-02
7.209985144761295317e-02
7.264553949575505709e-02
7.170784004558404534e-02
7.208358742372096561e-02
7.207618404258503420e-02
7.250945561206635637e-02
7.333741751481885618e-02
7.200557366752691202e-02
7.243775584930386979e-02
7.264128749478143687e-02
7.251273072015643195e-02
7.313153743142448981e-02
7.185942773081854806e-02
7.182179086696409420e-02
7.262268947021803533e-02
7.260817804290171928e-02
7.209781994781651326e-02
7.175615971770826773e-02
7.343668200803389612e-02
7.237531613628656046e-02
7.389651640431239843e-02
7.238880179987326746e-02
7.252549339889402535e-02
7.191518203513316831e-02
7.281516200976459463e-02
7.293433419991232625e-02
7.226807107820917842e-02
7.217832255927159046e-02
7.246381142427403554e-02
7.188457778069634596e-02
7.168787171170792893e-02
7.192772091168911364e-02
7.191939141571331018e-02
7.253894527357054867e-02
7.248152872610272301e-02
7.379084633899909984e-02
7.175862364126929516e-02
7.203909124136421982e-02
7.186714368526178620e-02
7.165338372139748446e-02
7.193389128790793341e-02
7.261933155596125844e-02
7.341344799605774296e-02
7.225767576785142865e-02
7.411297631463635571e-02
7.367952075898717701e-02
7.124891128994782774e-02
7.270864171793173236e-02
7.205920230008509841e-02
7.266187473235267980e-02
7.201599738581396237e-02
7.182954739058408644e-02
7.326738937623243630e-02
7.199240480671847964e-02
7.143530622730352719e-02
7.281400244190772142e-02
7.249892846501027055e-02
7.333396763665714357e-02
7.235096948815888940e-02
7.172449822824411569e-02
7.298477771152503402e-02
7.207622632209678692e-02
7.280475937759596505e-02
7.182483455396602989e-02
7.313237429338401152e-02
7.214573911980128040e-02
7.277348583533949089e-02
7.199224281450183893e-02
7.252699784878691158e-02
7.332051306012776770e-02
7.241792056710544268e-02
7.241947286861437350e-02
7.213866158216057645e-02
7.300948167276830048e-02
