9.272630544882240478e-02
9.328987231113225476e-02
9.269895544518529096e-02
9.291069555942649272e-02
9.369451411366082338e-02
9.359333362105892729e-02
9.365195271879368788e-02
9.366366820283068828e-02
9.277701911674295088e-02
9.234663643936832922e-02
9.374218117738605804e-02
9.274243765854314758e-02
9.349300567989599076e-02
9.337942388169906405e-02
9.363744328122153293e-02
9.184860612507105004e-02
9.250244552134631593e-02
9.266464593353855583e-02
9.215564083718408295e-02
9.346425710754488470e-02
9.269630621138359727e-02
9.405421579656755848e-02
9.291571373600376882e-02
9.297935238770269062e-02
9.343618263134163826e-02
9.372558969947356045e-02
9.365403039656323980e-02
9.220828010538673070e-02
9.249290352368855217e-02
9.340467441147018435e-02
9.255369220284107024e-02
9.277474377327812882e-02
9.458486149814279709e-02
9.338529260461056469e-02
9.319748223483295679e-02
9.289171057771203333e-02
9.382635790220530958e-02
9.365043823471003170e-02
9.274206682471808350e-02
9.298221651604923754e-02
9.330577534671428974e-02
9.283558395755481252e-02
9.336114876489425007e-02
9.298525448993141818e-02
9.240094760904153659e-02
9.379794315254277870e-02
9.266539289203362673e-02
9.315177355929685210e-02
9.334180714755832553e-02
9.218879632333004670e-02
9.347905355200565591e-02
9.203198114625676940e-02
9.260586269142619120e-02
9.449243036051727107e-02
9.173604129251419770e-02
9.314427373740803706e-02
9.326325052337675059e-02
9.318606978326962609e-02
9.364844812332161206e-02
9.229797951483625917e-02
9.292654201510218426e-02
9.334112528563051625e-02
9.258372136514150808e-02
9.298586851185791646e-02
9.407952397147026358e-02
9.367719187202275255e-02
9.294820362231143163e-02
9.286301395315441076e-02
9.320189920846129461e-02
9.352488507843598198e-02
9.361389814898377071e-02
9.314577033586364518e-02
9.291786848049055081e-02
9.285603316929599838e-02
9.282975973546189752e-02
9.327180953367725236e-02
9.235522985059252399e-02
9.347740693292930225e-02
9.362026109498200466e-02
9.352079145763826651e-02
9.492456363289070165e-02
9.348271485916485879e-02
9.152848084302946108e-02
9.321569748884725448e-02
9.382579406008936806e-02
9.192530503337889569e-02
9.315299451806427489e-02
9.270568330986368732e-02
9.266371291191935478e-02
9.249013620335383434e-02
9.194220243640435775e-02
9.327377732276974365e-02
9.306021832548866390e-02
9.334228438222280655e-02
9.391070314754089432e-02
9.285801431268539408e-02
9.271206474441487377e-02
9.433027648301199608e-02
9.339340149171865280e-02
9.296549172186266419e-02
