4.041364638225530131e-02
4.247163666712561181e-02
4.150346311647817865e-02
4.290712235886726122e-02
4.218725036116631466e-02
4.243289657001096671e-02
4.235059021859036155e-02
4.178662029980584336e-02
4.179606037863369677e-02
4.261970980229082967e-02
4.212771277749474685e-02
4.226806801962575827e-02
4.189384956685893863e-02
4.220653660131531981e-02
4.341952761906421598e-02
4.227455819498822376e-02
4.156668040093498828e-02
4.159298894544623260e-02
4.220096538792954266e-02
4.193498207329940386e-02
4.142449273611648747e-02
4.197268342071981684e-02
4.122471319751951080e-02
4.153808762629630780e-02
4.074541893468932446e-02
4.199247392436422643e-02
4.140409462336901159e-02
4.137330853629093974e-02
4.194890858978160553e-02
4.322468738348253514e-02
4.099787019709257019e-02
4.158465696629608244e-02
4.216493486178600480e-02
4.279835870356286931e-02
4.143113671277927346e-02
4.129656730436788437e-02
4.189003327727777726e-02
4.238785806339662177e-02
4.169776346174233761e-02
4.154852827556308748e-02
4.154260283072871290e-02
4.193495625390804282e-02
4.092939855419861633e-02
4.110311019725478021e-02
4.204970662431779804e-02
4.248747091896692973e-02
4.248032259733114380e-02
4.247997243111432258e-02
4.190434996680682256e-02
4.172078143333656647e-02
4.191588233389652307e-02
4.128619076200379379e-02
4.198416330659397733e-02
4.230416953768074279e-02
4.114963299870251501e-02
4.220633134159461342e-02
4.391240135805307698e-02
4.263260789530676914e-02
4.192450026898371374e-02
4.098465944264210320e-02
4.258911352252101046e-02
4.254968031071681978e-02
4.249901902953183430e-02
4.182841602611312576e-02
4.237513066535009143e-02
4.193212380142467138e-02
4.144400207680220410e-02
4.219260018044475313e-02
4.251021550760691187e-02
4.201122352021745276e-02
4.237834701960223327e-02
4.226442435358804955e-02
4.300173667868209537e-02
4.254152257736582010e-02
4.150560554949021125e-02
4.091249147295757116e-02
4.210011543927873190e-02
4.113351854805320090e-02
4.202469966037510052e-02
4.304953718820491576e-02
4.192709194868386724e-02
4.166513196456287510e-02
4.201122221893111019e-02
4.216050965004684847e-02
4.121394011233012189e-02
4.261961749686389578e-02
4.233670744867661095e-02
4.245542568183705012e-02
4.246940796584047079e-02
4.295395933058571841e-02
4.137689239186924384e-02
4.183305943165413487e-02
4.230195076052961634e-02
4.136350987792353218e-02
4.235174553635673300e-02
4.305935442609601371e-02
4.158845421164274886e-02
4.154642662124390096e-02
4.113880237452292865e-02
4.067010949290846694e-02
