3.933083589329408047e-01
3.933142379469407035e-01
3.931576257499309612e-01
3.947818429472391144e-01
3.947167124650420855e-01
3.942651884626677816e-01
3.939554876121393878e-01
3.950752934041357189e-01
3.951512164597666965e-01
3.942539622677463385e-01
3.951042692449029947e-01
3.930965738747039251e-01
3.938205981443302361e-01
3.947093753576966235e-01
3.940483741989305733e-01
3.945482718811846867e-01
3.947625742216734346e-01
3.943457348954821917e-01
3.940124547342541694e-01
3.942719956979477969e-01
3.937150059035483540e-01
3.939423729369011529e-01
3.936740320648615676e-01
3.929941663309165500e-01
3.930449634617691479e-01
3.949353521226781627e-01
3.944206918741964274e-01
3.954196376954669523e-01
3.939483472035368861e-01
3.940538255278467350e-01
3.944903672835250452e-01
3.940816168019675714e-01
3.937486646893593178e-01
3.938063373174861548e-01
3.941821608612471328e-01
3.934683593180858252e-01
3.939082546705278132e-01
3.943283524069798873e-01
3.945190335237241941e-01
3.947617379349461775e-01
3.935690059647832806e-01
3.950290212553627667e-01
3.947044429461931125e-01
3.941913513645373679e-01
3.945575247840792388e-01
3.948127873264205556e-01
3.943102811005522179e-01
3.940946118471566617e-01
3.945501927108118201e-01
3.947424899498871986e-01
3.940958190403344163e-01
3.946783162715756799e-01
3.956160116317498643e-01
3.940788018708387686e-01
3.940179160358242560e-01
3.954789046871669544e-01
3.950281101405709316e-01
3.935651761476955945e-01
3.939205150242247599e-01
3.950370875268381932e-01
3.938750925792350310e-01
3.947918428559243353e-01
3.951038125518373523e-01
3.947802790468233347e-01
3.939398873388294531e-01
3.933953483550967078e-01
3.950362745373184881e-01
3.948944034223914601e-01
3.944089726524466766e-01
3.945927976672687354e-01
3.937425715625375577e-01
3.943001914258031926e-01
3.944060536724584010e-01
3.942081335016580645e-01
3.946896072044533410e-01
3.942137400482879084e-01
3.950229306051530331e-01
3.946725159627714197e-01
3.948027322326970179e-01
3.941625785361861367e-01
3.939837763312032393e-01
3.950314451123452808e-01
3.952330068117573258e-01
3.949800644447928333e-01
3.941537473033933647e-01
3.937911067392673159e-01
3.949933557872372658e-01
3.939909330821544375e-01
3.944197790173006868e-01
3.939114462989268817e-01
3.947453901726811210e-01
3.944134043411318125e-01
3.938744010915667393e-01
3.940549592964821546e-01
3.942442312857515896e-01
3.941010762608507245e-01
3.938444977378895984e-01
3.939337563896159744e-01
3.937381511848033755e-01
3.940446060065951883e-01
