3.204497401949991664e-01
3.214381071346367191e-01
3.219809787622780473e-01
3.208035037417850677e-01
3.209596270115903094e-01
3.211693858751886177e-01
3.208547256426117489e-01
3.218716265723017278e-01
3.209445946928736193e-01
3.213544983519770470e-01
3.212082944185749023e-01
3.212920485298776940e-01
3.204715460724874010e-01
3.214386806512318229e-01
3.214878278187564553e-01
3.210347238664502667e-01
3.224397172767061170e-01
3.228967486891583527e-01
3.225239077377570207e-01
3.213376041575644049e-01
3.216205783964031228e-01
3.216218927451485188e-01
3.202721207207869236e-01
3.216005263815524540e-01
3.216424472055718353e-01
3.210168449098210752e-01
3.212986556908303815e-01
3.207875472575517084e-01
3.205638819930379801e-01
3.211858323232523738e-01
3.213770488582859963e-01
3.213363069016478279e-01
3.215104467691148327e-01
3.207206396192564535e-01
3.202581418077242170e-01
3.209033508356448072e-01
3.205992029872931637e-01
3.210726784683390345e-01
3.208111902969530971e-01
3.211527749147473632e-01
3.216507459902422927e-01
3.214147682686466778e-01
3.220793430415222480e-01
3.214771650253732682e-01
3.221463869190673845e-01
3.211306668551547894e-01
3.213929433943265579e-01
3.220352489604855206e-01
3.207258018179031112e-01
3.220370577778127741e-01
3.209079997550648988e-01
3.215134440685448736e-01
3.216805861425485191e-01
3.215260262227571664e-01
3.214744998298773027e-01
3.211816246983121292e-01
3.202909375617399856e-01
3.219563058872373373e-01
3.203850645089695859e-01
3.214690111895193159e-01
3.217701548253767974e-01
3.205865290248578470e-01
3.220856019209358267e-01
3.216198804492695351e-01
3.212009395959244396e-01
3.218693403879575587e-01
3.213163656882829788e-01
3.205219195935754550e-01
3.219238323015960468e-01
3.210498652940512732e-01
3.215571787747188992e-01
3.209809233225404124e-01
3.223708470857487018e-01
3.212137079840835518e-01
3.221972954814367185e-01
3.220113099022618997e-01
3.210590053464859039e-01
3.203904321648378128e-01
3.228322585264231104e-01
3.215782742336132927e-01
3.209005444171910693e-01
3.207484099485157780e-01
3.214726190824586660e-01
3.215455353093375490e-01
3.218168369171364174e-01
3.206684517315347982e-01
3.222954513981899360e-01
3.216135075015302269e-01
3.218657087906363623e-01
3.205385776447750024e-01
3.212026394040383148e-01
3.216942213594733979e-01
3.218777636183109969e-01
3.213193103783668070e-01
3.204470666111379762e-01
3.220474800832471840e-01
3.203050604696020542e-01
3.218075429496930484e-01
3.215937923401100962e-01
3.222897649289583333e-01
