7.689115959083805407e-01
7.702246207934906330e-01
7.696170786058924573e-01
7.688475781021570921e-01
7.699337021674333981e-01
7.711161679494054066e-01
7.709897911983820684e-01
7.708219637110027556e-01
7.696773071012847911e-01
7.699048551112646077e-01
7.693657620318301582e-01
7.690741527269469024e-01
7.707430010214445515e-01
7.702231409133835083e-01
7.687074445830741620e-01
7.703332513846929963e-01
7.688273249779153939e-01
7.696519620062800549e-01
7.705642009889754895e-01
7.705823271646472516e-01
7.695799003125881610e-01
7.706364529049075651e-01
7.693452409605041620e-01
7.702810356244979006e-01
7.701363236413452107e-01
7.687870366117021126e-01
7.704787584319934268e-01
7.691172034315147954e-01
7.702233822950690367e-01
7.704542654182877648e-01
7.698565715184103597e-01
7.700863859964446334e-01
7.687209354586563848e-01
7.700607481930554776e-01
7.698965304567032542e-01
7.682741102496137842e-01
7.694349114652697663e-01
7.702359926197799300e-01
7.697959477674720663e-01
7.689426439339418495e-01
7.688162250368006934e-01
7.699433510827584648e-01
7.691195896626095152e-01
7.685123880089423931e-01
7.695948633803153527e-01
7.701736186375578441e-01
7.699229172505045460e-01
7.696831677899045321e-01
7.692192718848541721e-01
7.702404921299055296e-01
7.688477033622316270e-01
7.702109806765481403e-01
7.696598596549385496e-01
7.695808612966504869e-01
7.697074856403740561e-01
7.686295625777654905e-01
7.683865586179621232e-01
7.690501628559597291e-01
7.692552392508800185e-01
7.688809123140276647e-01
7.690656448863748551e-01
7.702765406786236113e-01
7.687142486870437441e-01
7.687676503508160675e-01
7.696384110526860445e-01
7.701826312028623445e-01
7.699505094288203733e-01
7.700824183205243756e-01
7.691071303386843860e-01
7.705262011727265214e-01
7.699946725795066005e-01
7.692320354059856147e-01
7.690295380494834854e-01
7.687839732557699701e-01
7.695514781808581173e-01
7.687840853697317511e-01
7.692025502634659562e-01
7.690092490486852839e-01
7.697683179877474746e-01
7.698406395952409609e-01
7.701554070924422346e-01
7.697912482167048598e-01
7.696456089049226179e-01
7.695585660396760952e-01
7.699856933471396214e-01
7.692772522135981061e-01
7.692243061983862207e-01
7.692486696136766611e-01
7.697004654217523001e-01
7.690079933955943359e-01
7.704085901303058259e-01
7.695962485103972073e-01
7.694121585204281022e-01
7.696856716923970998e-01
7.695396037530720657e-01
7.702636853386424232e-01
7.696081506267157257e-01
7.701924222363495387e-01
7.692126167712671769e-01
7.694971011662175009e-01
