5.990293046805178490e-01
5.997531336512385014e-01
6.002592153904600103e-01
6.002335729003582809e-01
5.998588741908763566e-01
6.002677014737382022e-01
6.002920222882129897e-01
6.003812754579659350e-01
6.013210020085424379e-01
6.006730914711898572e-01
6.004944549965062217e-01
5.994330363857710564e-01
6.005639930149013761e-01
6.001044470840777301e-01
6.010760905611538529e-01
6.013800085670186757e-01
6.005024481264606973e-01
6.016997684332260343e-01
6.009015939733113321e-01
6.006127448575184768e-01
6.003721250520430708e-01
6.017678151221033112e-01
6.005371544158649710e-01
6.000294824181042763e-01
6.005724825810930811e-01
6.007839004120431037e-01
5.998849304175111197e-01
5.996284094452065672e-01
6.000703515686284240e-01
6.009873783276604708e-01
6.015625062167861969e-01
6.003925523645683437e-01
6.002829444564420358e-01
6.009395476147847415e-01
6.007635948756988586e-01
6.009546357055908228e-01
6.005810656338830267e-01
5.999526080745081202e-01
6.005846858615997430e-01
6.019148439553154706e-01
5.999135370315004101e-01
6.008459191205717254e-01
6.012274934337078491e-01
6.013110521081510562e-01
6.006844916117486388e-01
6.011527769508880903e-01
6.000576947049880427e-01
5.998129435107076857e-01
6.007431440401188594e-01
6.010195665402814358e-01
5.999313147402514090e-01
6.004685698609983913e-01
6.011449942607387520e-01
6.006756700379798364e-01
6.006134956882714926e-01
5.996807603764123806e-01
6.013386077914948391e-01
5.996999620307206236e-01
6.007741585692125685e-01
6.008318678674828828e-01
6.005401227231474959e-01
6.005782949552593841e-01
6.002250140416246493e-01
6.004734967038614091e-01
5.999549620049228205e-01
6.001355482086316862e-01
6.015249955278213490e-01
5.999472499923712565e-01
6.007043106198711735e-01
5.993035849026360218e-01
6.011000986665452350e-01
6.012229057736172555e-01
6.012604274964268303e-01
6.002801505524816283e-01
6.002193689548561695e-01
6.012480313549913857e-01
5.995904505254969763e-01
6.003826346569226535e-01
6.003693415250910270e-01
6.011164039621558208e-01
6.013158208998523602e-01
5.994532160955574618e-01
6.008868817269820140e-01
6.004062564507615107e-01
5.995255701249819769e-01
6.008209073902253117e-01
6.008255740571855075e-01
6.004810143558055868e-01
6.002918595735846630e-01
6.008344374266320065e-01
6.009598422744977242e-01
6.009996662973117187e-01
6.007684104490507160e-01
6.018669473066869946e-01
6.005188504823628648e-01
6.007510708130945343e-01
6.005184681484609932e-01
6.005985683179830836e-01
6.014104914681823733e-01
6.011510561404302955e-01
