2.265495358004865900e-01
2.275553570659966107e-01
2.280689177795505174e-01
2.282725202102117157e-01
2.282879098553320385e-01
2.281529927907113287e-01
2.275823728902020560e-01
2.280795014996619130e-01
2.276126031358787216e-01
2.281469663207262855e-01
2.280811482509638721e-01
2.280094183710557609e-01
2.280181138992347367e-01
2.279223896549331940e-01
2.279403418475726972e-01
2.280016165900844438e-01
2.279408857556841639e-01
2.274316863371959319e-01
2.274379312234414696e-01
2.283383439658224767e-01
2.276168814180932476e-01
2.282611792969103659e-01
2.289043360127781812e-01
2.277669058653842282e-01
2.287541633631168247e-01
2.278767320620419534e-01
2.297852714107489758e-01
2.290142299669234160e-01
2.281813862881554300e-01
2.276033658994008335e-01
2.283951125938791238e-01
2.284817634913892948e-01
2.281990285327857582e-01
2.282814856023761829e-01
2.287240934394692560e-01
2.276182279092556215e-01
2.283324757333947963e-01
2.278535315234914704e-01
2.287354531537028612e-01
2.290004056598128335e-01
2.275399182633581763e-01
2.284982032728040124e-01
2.277906170923305051e-01
2.283210602222861263e-01
2.278085584886516690e-01
2.286283419317848842e-01
2.286810367724240178e-01
2.289578116134083630e-01
2.275246849114620495e-01
2.274864420460855352e-01
2.271277019867818658e-01
2.280413817014874112e-01
2.272705505617115818e-01
2.294420210599306120e-01
2.283055817461353831e-01
2.277124052104417262e-01
2.283357911226714110e-01
2.288158904660605453e-01
2.279236687046509724e-01
2.273696856636439612e-01
2.274996648639945884e-01
2.276151363599795974e-01
2.281445589819132702e-01
2.284834493424925395e-01
2.287589196377590173e-01
2.283510652962809639e-01
2.275792280347110341e-01
2.284018194477003272e-01
2.280310493555569029e-01
2.278461833684471416e-01
2.277861562180826804e-01
2.275607196962354528e-01
2.279476895280523330e-01
2.275708013704447752e-01
2.275685159267121505e-01
2.274744704807359907e-01
2.282691244942465780e-01
2.277790402472077147e-01
2.283472509013449725e-01
2.284128834903177419e-01
2.269283974170414608e-01
2.282605655869328065e-01
2.281373107656496924e-01
2.270312108829911635e-01
2.284702326260359406e-01
2.283837673039731953e-01
2.288924851121794113e-01
2.275621810164507042e-01
2.278235264341071376e-01
2.284475513319947082e-01
2.288742049384017707e-01
2.289681716879600759e-01
2.276365323978060407e-01
2.273920534213389466e-01
2.279534680058981633e-01
2.293002439356041366e-01
2.285689810282900969e-01
2.271113545317558491e-01
2.281705031281954787e-01
2.275065589931000720e-01
