4.026408929833419914e-01
4.035415931495805464e-01
4.040931270762128102e-01
4.035429419832851639e-01
4.041396292029539317e-01
4.031146985531043336e-01
4.037417807901768074e-01
4.039626989481200359e-01
4.038835939252551910e-01
4.029500677754839222e-01
4.025476826290973476e-01
4.039286669453351353e-01
4.034747892188784713e-01
4.033867991776942663e-01
4.030830193727359956e-01
4.035705350744446807e-01
4.036649923348231139e-01
4.044537543646190558e-01
4.041704949301272443e-01
4.035803166775571160e-01
4.036392445105088100e-01
4.033939010478138631e-01
4.024717660594121504e-01
4.022757971446366820e-01
4.035857936809300606e-01
4.022541808645382355e-01
4.027987370724259719e-01
4.032692556489401170e-01
4.033090126919813834e-01
4.035590243879134675e-01
4.035145315475385797e-01
4.038123731787954807e-01
4.026293661165702420e-01
4.033670173950886229e-01
4.030119561105007797e-01
4.039157307236855843e-01
4.031962166238065026e-01
4.038715270299992888e-01
4.041673078525068741e-01
4.036387268407808371e-01
4.032265309799301645e-01
4.028123533209316820e-01
4.036509273054540992e-01
4.031714799690695461e-01
4.041236475199890821e-01
4.042748679008294488e-01
4.031862600626173743e-01
4.027577457911734604e-01
4.048319820487525922e-01
4.037551769580650096e-01
4.029326263993463497e-01
4.036346294776039789e-01
4.035722638283011365e-01
4.032094345003766067e-01
4.043053340725131228e-01
4.028566776346650946e-01
4.050964940351932109e-01
4.037685029829791716e-01
4.022375168887467045e-01
4.026984830355411216e-01
4.033400306723770035e-01
4.026812764823583524e-01
4.029268338830987450e-01
4.034263674043553349e-01
4.039691124599131267e-01
4.040858003541493160e-01
4.025728676428742547e-01
4.031051693984599726e-01
4.036966213223828204e-01
4.029884210322142168e-01
4.032250075750730134e-01
4.034138221523346779e-01
4.042706149991855957e-01
4.039316785517476638e-01
4.028145229533731664e-01
4.038495503196815051e-01
4.020147941549840898e-01
4.021352815653888024e-01
4.034235228929430317e-01
4.042120615034031639e-01
4.028495574408695323e-01
4.025599740441091479e-01
4.036701502074883097e-01
4.035221868799487854e-01
4.033099169504386072e-01
4.045658926528353239e-01
4.035126614855726879e-01
4.036356147975065367e-01
4.040390855882632914e-01
4.031353824560069410e-01
4.029260395816831042e-01
4.038603402276932375e-01
4.029919821474146069e-01
4.034299120944916384e-01
4.043243360210748705e-01
4.044847278868634044e-01
4.025474707280981557e-01
4.034538230795399194e-01
4.031392252130835407e-01
4.032706283223244093e-01
