5.923088267681577701e-01
5.941152858599610953e-01
5.950419773629026521e-01
5.941384881732574286e-01
5.953951626233144889e-01
5.949122575620824360e-01
5.945005808473156073e-01
5.939002990268316129e-01
5.927822016137765937e-01
5.938073115108750688e-01
5.938082338351646783e-01
5.933329284360404632e-01
5.949796740195691935e-01
5.941519787897950877e-01
5.955347474030788790e-01
5.956012085199218209e-01
5.945523659092006863e-01
5.942781532088978746e-01
5.935243735765769468e-01
5.940163194842675853e-01
5.943587866945452269e-01
5.940631902640168827e-01
5.950317955731618813e-01
5.955423448317846979e-01
5.949054027059876848e-01
5.940830831361841868e-01
5.937620349841918888e-01
5.944708731081298492e-01
5.945167636766844899e-01
5.948031570907543752e-01
5.954112606476615888e-01
5.941850632080245553e-01
5.944897679125020762e-01
5.954848861838853979e-01
5.946152753290925297e-01
5.943603613157455445e-01
5.946838078432405972e-01
5.944012685501398607e-01
5.946904566288044869e-01
5.937014886928186908e-01
5.944312637880304617e-01
5.935380485838803732e-01
5.944679625317421667e-01
5.946074996842790616e-01
5.948078574356596704e-01
5.945509664860970656e-01
5.944404345501277387e-01
5.951420857896092542e-01
5.943803099499560538e-01
5.952561898391477424e-01
5.953516825048046357e-01
5.940185331207374908e-01
5.939637692779338174e-01
5.954356159016540584e-01
5.941129348364888596e-01
5.953917701475470725e-01
5.935299137272693759e-01
5.941799516137533654e-01
5.941229392422661126e-01
5.943895515638535354e-01
5.956472318028339652e-01
5.949478592917044617e-01
5.938599645530648896e-01
5.942740527847858445e-01
5.946604665284789260e-01
5.952568306181504898e-01
5.947477635395784779e-01
5.948133423036203737e-01
5.947571630813590637e-01
5.938934094019423515e-01
5.948540195888594173e-01
5.941080424432143570e-01
5.947009529558264784e-01
5.950120584691567238e-01
5.938568489063804634e-01
5.954432077836541159e-01
5.956441923938530225e-01
5.946981938751882968e-01
5.956574108417128643e-01
5.940172731577102461e-01
5.943118075442879178e-01
5.948479367176613408e-01
5.944563778696264622e-01
5.949075368896419302e-01
5.948242308483115970e-01
5.941589581820547750e-01
5.951701577049481884e-01
5.952047221170213565e-01
5.950964857581815259e-01
5.943895018505391814e-01
5.934580979300243531e-01
5.950459929567017969e-01
5.938824957099517743e-01
5.947663661887823139e-01
5.947209195928175873e-01
5.938612199645154632e-01
5.940891502107730204e-01
5.936092520234085290e-01
5.949401356780928962e-01
5.931906755112209551e-01
