3.974065586760004432e-01
3.971213595990551459e-01
3.982324470180035325e-01
3.981656993180332504e-01
3.990348439325225316e-01
3.978193105529607143e-01
3.982432797584017914e-01
3.996434478552335356e-01
3.985631333483121153e-01
3.985747502270545750e-01
3.981785022751084258e-01
3.996104738502752052e-01
3.975260809601760537e-01
3.979297518575138914e-01
3.990760389943943665e-01
3.976968207202064010e-01
3.985333639716682752e-01
3.992321190861548574e-01
3.985501881688774395e-01
3.988411564672747489e-01
3.985547486382770010e-01
3.982898363697723321e-01
3.993920638221324926e-01
4.003033614902984372e-01
3.995447156013316459e-01
3.984492033024140678e-01
3.991149439992858761e-01
3.973007772187986397e-01
3.999070156102054741e-01
3.982677921721100578e-01
3.985177751066205643e-01
3.983050211889826997e-01
3.992549810474464445e-01
3.989262453479193726e-01
3.995816809043786222e-01
3.990055079263806204e-01
3.987587131196182466e-01
3.993167177552835456e-01
3.979395718049257846e-01
3.984270525239175242e-01
3.983201492320462833e-01
3.979083166906259295e-01
3.979673953049687740e-01
3.983922838481013251e-01
3.985553028577641932e-01
3.988220353169544818e-01
3.972374122422195342e-01
3.983549208690333465e-01
3.976711094512923039e-01
3.977838326213499753e-01
3.987382290679739594e-01
3.973945387864783463e-01
3.978237609997621327e-01
3.987186373369915326e-01
3.986797912858353055e-01
3.986386552618955137e-01
3.979627292355433221e-01
3.989371852007680408e-01
3.983785486068260329e-01
3.982277991055778732e-01
3.995260653145336072e-01
3.983007933130425227e-01
3.990472544086673956e-01
3.975916039149937076e-01
3.973028951983099688e-01
3.984190129756445820e-01
3.984052728832936374e-01
3.991074756087092945e-01
3.991006883334674016e-01
3.988985503752416895e-01
3.978474680301483657e-01
4.001965441965519288e-01
3.994744559089471458e-01
3.985706374422193221e-01
3.993289600020495378e-01
3.986026864719264262e-01
3.992056060360270053e-01
3.978800107877245584e-01
3.976556101966145507e-01
3.980944731882671839e-01
3.983839870805896410e-01
3.986053450091452399e-01
3.977298169747630618e-01
3.981269355705384649e-01
3.982645614749075746e-01
3.981296803350133362e-01
3.977725415243645868e-01
3.976504566014574249e-01
3.967355239138857237e-01
3.983085484586089131e-01
3.993865757338783684e-01
3.990012195806578177e-01
3.984869047369079542e-01
3.986447013071506840e-01
3.978894362427772280e-01
3.972203671131877556e-01
3.990213816894121468e-01
3.997878908958428790e-01
3.997982314065978704e-01
3.979436876569032444e-01
