7.008961770137684955e-01
7.033888152897704860e-01
7.029905531336760882e-01
7.021391015615602305e-01
7.023372828042948601e-01
7.034865089110815539e-01
7.020923305426814975e-01
7.030588398777748438e-01
7.016082556463159037e-01
7.033476186590404966e-01
7.022270833261783363e-01
7.026822874379272665e-01
7.025234419711468004e-01
7.022969761545858614e-01
7.024613925417213522e-01
7.029279102632487453e-01
7.019102912251136139e-01
7.018980704176940311e-01
7.039200549327488954e-01
7.029829970763904479e-01
7.027777961738825852e-01
7.022791705661555195e-01
7.024974076661216760e-01
7.022613830964563597e-01
7.024904863909097186e-01
7.030070824703438248e-01
7.020383314890199511e-01
7.021637582510869002e-01
7.024406217453078582e-01
7.021037193386919784e-01
7.020226402008635791e-01
7.022095187384391757e-01
7.031279931624789814e-01
7.012860268820559906e-01
7.016983773011884473e-01
7.027700694854494001e-01
7.018808595759850055e-01
7.022108634016772655e-01
7.035816282033807711e-01
7.024528195897064009e-01
7.022798000540961816e-01
7.019937851653788030e-01
7.026764207081331870e-01
7.025213128125959994e-01
7.032370068196085455e-01
7.030715491252623739e-01
7.015773626641722549e-01
7.024969320263609873e-01
7.027240051612690941e-01
7.022310171396783929e-01
7.032097472698195517e-01
7.008960742158514279e-01
7.029417365534504913e-01
7.032252400736127562e-01
7.037532158760885226e-01
7.019735378154503547e-01
7.021999199372325196e-01
7.023768135263559476e-01
7.034172796337003764e-01
7.021112612855551216e-01
7.034970569260841078e-01
7.028602525151397273e-01
7.024809249584922366e-01
7.022628192895199462e-01
7.030564992087775522e-01
7.010535999074060109e-01
7.023864625172615561e-01
7.019181407292687247e-01
7.022215848601103261e-01
7.017779665644203746e-01
7.034741275118941983e-01
7.028635737237549641e-01
7.026401241437401080e-01
7.029064772598452304e-01
7.038208986355491970e-01
7.028197184191922187e-01
7.013831842025093355e-01
7.024168341518972625e-01
7.022196031588928689e-01
7.024150603695706874e-01
7.025482783431847844e-01
7.014914310585326218e-01
7.018837601897149892e-01
7.027536324882568408e-01
7.021639395046714860e-01
7.022659556573623840e-01
7.028498563184150116e-01
7.019733372901758583e-01
7.028581001595215483e-01
7.013357567979356944e-01
7.030270651912562396e-01
7.029381664273932628e-01
7.016211511457379757e-01
7.018153350267066770e-01
7.015011266625219566e-01
7.022551975991313533e-01
7.024993054990839036e-01
7.022153893289904136e-01
7.010870036978964492e-01
7.020260989692891362e-01
