5.333283544305622570e-02
5.450477497009643957e-02
5.505150527221804035e-02
5.438698160486995364e-02
5.465589611675093773e-02
5.445937217101640138e-02
5.539199105726327205e-02
5.384604550580932014e-02
5.516327426452836968e-02
5.482596013315545191e-02
5.512168126928097822e-02
5.413631318900839762e-02
5.481833647909843676e-02
5.412326517909078760e-02
5.465526350586877302e-02
5.433789857842268034e-02
5.450383266286069894e-02
5.539246068081422197e-02
5.548308706509753885e-02
5.509223010110193830e-02
5.499753081435231061e-02
5.513784853700767069e-02
5.431123201796383970e-02
5.466999265636733607e-02
5.516321182092064068e-02
5.545857226765509018e-02
5.434375749856781845e-02
5.506981627654217171e-02
5.486942821815436744e-02
5.515020913845572470e-02
5.395435335386711273e-02
5.445741861540243783e-02
5.515731707051461929e-02
5.485786463202842189e-02
5.476527733422850708e-02
5.548780727722085054e-02
5.523164860286564060e-02
5.527698021224611291e-02
5.485858162658553694e-02
5.448774123410151521e-02
5.409029570040991414e-02
5.516994626805673402e-02
5.508718949541256682e-02
5.618313555426400485e-02
5.419506015409692595e-02
5.548206418929799849e-02
5.497862377125533467e-02
5.505691832763957849e-02
5.596701317780020113e-02
5.451933280329620407e-02
5.453769577597576690e-02
5.419176669305852956e-02
5.471524466662726349e-02
5.587978991514313404e-02
5.352433513788162206e-02
5.569496346725942570e-02
5.499144679771401228e-02
5.481501808487079103e-02
5.432570776767699228e-02
5.428595536949841482e-02
5.438165935413391550e-02
5.519160405143259951e-02
5.504177841293909912e-02
5.409140482717152143e-02
5.491527522593973865e-02
5.564042662495278374e-02
5.447799862029789608e-02
5.376362462733041969e-02
5.570987806237948092e-02
5.512671177700023684e-02
5.492060247837585174e-02
5.483113226850085120e-02
5.492007093026095299e-02
5.453799726463945396e-02
5.531793813773745738e-02
5.469177586552154136e-02
5.588530995002988222e-02
5.495345797139675192e-02
5.457191341323207323e-02
5.410966988671965516e-02
5.449702705315793982e-02
5.607952896793791386e-02
5.499127924511229559e-02
5.487120106415228904e-02
5.325109586121042071e-02
5.362107779318740775e-02
5.505202076537644984e-02
5.459465980957347447e-02
5.397399782659845213e-02
5.428862131843532890e-02
5.427241823806236432e-02
5.440707407993976980e-02
5.557710571973574487e-02
5.489572402633435128e-02
5.451690586165031105e-02
5.443684184000536358e-02
5.471000835988061584e-02
5.519316679382879620e-02
5.565727120600029443e-02
5.407029134685369109e-02
