6.564513423826683347e-01
6.572923228843070564e-01
6.572200831606760385e-01
6.571992192489073403e-01
6.585253445310421672e-01
6.573906155035963428e-01
6.574738478909208927e-01
6.576439880057025622e-01
6.581983027539942688e-01
6.569676391007326366e-01
6.564689250396786857e-01
6.574300054090064238e-01
6.572092540730287702e-01
6.579836732296303614e-01
6.564166716308891258e-01
6.583755604215398849e-01
6.574244026603187629e-01
6.578429607517342070e-01
6.572697678770833551e-01
6.570782322540548170e-01
6.569079113260116731e-01
6.585411717677079890e-01
6.572785546826209746e-01
6.582289431733130414e-01
6.567840453244295773e-01
6.579967699766684497e-01
6.579999779512337721e-01
6.565756203900721122e-01
6.568662011517657495e-01
6.580003250704977713e-01
6.570818909309196210e-01
6.565840027443992089e-01
6.562439359278925410e-01
6.581852427636440961e-01
6.569617893802819353e-01
6.574912459876030013e-01
6.574287338737480058e-01
6.579456913356818148e-01
6.560892655460220935e-01
6.564681686359006285e-01
6.564733332639822727e-01
6.572877146894940958e-01
6.575220650031136094e-01
6.567804759175841500e-01
6.573200836289904148e-01
6.581739789354961179e-01
6.585921369785738833e-01
6.570303048004556556e-01
6.569820542092855709e-01
6.583344575305096757e-01
6.569674020699737271e-01
6.577569328358192635e-01
6.572687597051466435e-01
6.581838878594761244e-01
6.573313155770849070e-01
6.580129345483916037e-01
6.574224432506251548e-01
6.578601081851307431e-01
6.585592340499665243e-01
6.568530214894938712e-01
6.566429605258832236e-01
6.571858941374320029e-01
6.577918616475109115e-01
6.567061971038954393e-01
6.565888423587911138e-01
6.571077975412691341e-01
6.563431856538959330e-01
6.570160874704187304e-01
6.567310802907847522e-01
6.574891902738440042e-01
6.569066250710791088e-01
6.572379800210754741e-01
6.573636266690671137e-01
6.564596121758353719e-01
6.573974590072698687e-01
6.574156090162474042e-01
6.577402721085841009e-01
6.577461625281005864e-01
6.562557523349956679e-01
6.564529569907395778e-01
6.572206956935910949e-01
6.579871528593859153e-01
6.575939919063855665e-01
6.579412147579586367e-01
6.568561215068835502e-01
6.581965093002363210e-01
6.574341655789601724e-01
6.576502486300334072e-01
6.557905849229473949e-01
6.562554047614906905e-01
6.565326784738569899e-01
6.561980077004053724e-01
6.575040677894196106e-01
6.577335528826191435e-01
6.566809991909445809e-01
6.564967891366928487e-01
6.573639529026604755e-01
6.567453940193879180e-01
6.585842965044981234e-01
6.580346817974866980e-01
