7.248801607038285466e-02
7.370095704046301932e-02
7.304744364461145112e-02
7.453771023808614116e-02
7.378587115583540301e-02
7.351556517303201033e-02
7.471588772747253526e-02
7.403990235863527891e-02
7.169515154205582941e-02
7.310933056617871517e-02
7.267952583831654989e-02
7.348662504601451151e-02
7.422496193717212365e-02
7.462004958922008324e-02
7.342592683382571928e-02
7.247842732578613223e-02
7.352071643240172538e-02
7.291345601799920084e-02
7.328454161731601246e-02
7.321621449347830157e-02
7.410635157798693695e-02
7.289676663410472879e-02
7.352916838708611902e-02
7.259921143719397230e-02
7.290818926646946974e-02
7.274729715047560663e-02
7.349821739573592083e-02
7.300531795672951518e-02
7.436443414088968196e-02
7.417607532216795307e-02
7.363783980428949272e-02
7.316908919034059711e-02
7.216139563306084304e-02
7.364950547715215512e-02
7.401854432611801315e-02
7.347336014395687565e-02
7.398045128356162126e-02
7.372755804017736003e-02
7.404622561321332064e-02
7.369336605480489300e-02
7.427984599980431979e-02
7.396216912527388276e-02
7.344835342063088524e-02
7.387069235799517686e-02
7.298222555132496958e-02
7.353440284321084708e-02
7.388863854931285169e-02
7.322065657619082624e-02
7.310954540574371441e-02
7.370527405816071354e-02
7.357443261412022206e-02
7.260907350903911261e-02
7.309471712737497517e-02
7.390611152582651777e-02
7.296492757789702077e-02
7.336014712071234345e-02
7.264473557708686635e-02
7.348284405932381524e-02
7.238274963490730352e-02
7.352915729402823009e-02
7.273205892760051250e-02
7.365156258480604068e-02
7.365685553969247845e-02
7.346609668957587713e-02
7.367649567607026384e-02
7.256621368853424792e-02
7.327148069933339669e-02
7.311620505498062084e-02
7.447695812207746902e-02
7.292702962684907697e-02
7.338048240778574649e-02
7.374631918193920443e-02
7.404863550594538435e-02
7.327651888448249995e-02
7.356069753760061114e-02
7.313309875601853305e-02
7.452784396131595379e-02
7.311402762065871697e-02
7.335425789386179618e-02
7.224182760882121024e-02
7.382957666216122261e-02
7.346292865240908188e-02
7.398512381726053688e-02
7.378128512384343751e-02
7.386084644229667928e-02
7.258165772155250606e-02
7.412248849702579578e-02
7.371595667784514028e-02
7.344157143385959818e-02
7.317163691888822763e-02
7.266592908568755838e-02
7.243333959534549449e-02
7.452722847801776518e-02
7.369697036082016595e-02
7.322828004424736248e-02
7.377576872407230757e-02
7.475100975054690955e-02
7.355466462180965115e-02
7.350232379377133474e-02
7.386568948201359397e-02
