7.747215943296275054e-01
7.751858316592650233e-01
7.760134326653178594e-01
7.749970854027359302e-01
7.758950304197935743e-01
7.755204434609379582e-01
7.744423094177577127e-01
7.753713989638404414e-01
7.761075440557388960e-01
7.757389054003305251e-01
7.751599011350451818e-01
7.755353985813306927e-01
7.748791467155040635e-01
7.754175067860193948e-01
7.757993425550858690e-01
7.753529544415953545e-01
7.758786297325805936e-01
7.759214953989871377e-01
7.748536660029869960e-01
7.760222359982524853e-01
7.764417916714260182e-01
7.748470936716465030e-01
7.758355459649384223e-01
7.749809093054211839e-01
7.753068530506903588e-01
7.743153605223496161e-01
7.757515089855553381e-01
7.754657775508185802e-01
7.747838495032085548e-01
7.745843670621860300e-01
7.749700437019884092e-01
7.759844968981933766e-01
7.758715176668463664e-01
7.762427462686463109e-01
7.754718111882790144e-01
7.766620438488884837e-01
7.750909395735271490e-01
7.751956557130281755e-01
7.743931850818733809e-01
7.764272750219350927e-01
7.765847966555090576e-01
7.746808410709644654e-01
7.765772382829247977e-01
7.761765730507895755e-01
7.762723739409895796e-01
7.748847069612827543e-01
7.751120734995380346e-01
7.765705960242681449e-01
7.759834451141284228e-01
7.753911967570481512e-01
7.754744523313688020e-01
7.758996404064107955e-01
7.769263348782204925e-01
7.761332665520395135e-01
7.756844279072003800e-01
7.761103046469218780e-01
7.745980383488026977e-01
7.762990179762152554e-01
7.759732248356079332e-01
7.757447624928899277e-01
7.754176202221632064e-01
7.752436867516698804e-01
7.756803975305468501e-01
7.765405714759423539e-01
7.751220576755705194e-01
7.751574640711095254e-01
7.766166424801945745e-01
7.751426857526467762e-01
7.754139624757472316e-01
7.757052766576982838e-01
7.753904233629181908e-01
7.758849441094529675e-01
7.750918652661493713e-01
7.758362093498725187e-01
7.762790361616375145e-01
7.750755403558511336e-01
7.750569758371427254e-01
7.756093649242246091e-01
7.754010659499559477e-01
7.757163450481677769e-01
7.755014898124203970e-01
7.755669581892385978e-01
7.752682545471460962e-01
7.756159686932843078e-01
7.762883732247177759e-01
7.754575660339679821e-01
7.752258808067049589e-01
7.759362813212338228e-01
7.752112965482547136e-01
7.758934708350633258e-01
7.739731684261905720e-01
7.760020075512152893e-01
7.741249254765161236e-01
7.755992483999715192e-01
7.759809700589910264e-01
7.760702083964168274e-01
7.767595673166274306e-01
7.757099387471158014e-01
7.768010407019175778e-01
7.759767877310449480e-01
