3.126211894265508162e-01
3.130102143365629530e-01
3.124146961773945352e-01
3.129105154939272326e-01
3.136655029542626538e-01
3.124630867885421215e-01
3.123756714543072799e-01
3.132661274904536830e-01
3.145558162323250917e-01
3.142512410664227152e-01
3.123531963975957337e-01
3.130813568999267216e-01
3.138587352410497910e-01
3.127040275477343534e-01
3.132573448386131720e-01
3.124584068362763478e-01
3.132530878209342506e-01
3.130805677549107213e-01
3.125428958193249285e-01
3.137492496652500296e-01
3.130138324841799657e-01
3.133130271296959979e-01
3.133475244142406302e-01
3.141725852380639061e-01
3.138222388416473940e-01
3.137661564941205405e-01
3.135635520110676144e-01
3.130216113836307712e-01
3.138768227229399299e-01
3.132757676049726658e-01
3.126671087605658039e-01
3.136493607305359532e-01
3.131892851170356984e-01
3.121670422219973151e-01
3.135692567155406452e-01
3.134512852353303347e-01
3.126071400453184213e-01
3.130659231889759697e-01
3.144755143006787712e-01
3.133307831918951125e-01
3.131413764592211879e-01
3.130022335154399871e-01
3.138789348688406644e-01
3.149840647299732010e-01
3.127384430527151427e-01
3.124871996822021769e-01
3.123403222309167337e-01
3.130466896076571359e-01
3.133581804661349501e-01
3.136989207051458783e-01
3.134273290123122391e-01
3.143079919970979130e-01
3.133225220215264395e-01
3.138638180396339794e-01
3.134083578582361751e-01
3.137950856443936232e-01
3.141970247883364986e-01
3.131533196593043744e-01
3.128028021609097764e-01
3.131061413238602209e-01
3.134262836852730327e-01
3.131001254790117816e-01
3.134811500558602471e-01
3.137698811532094734e-01
3.133945321131628159e-01
3.128930673105042026e-01
3.140564346587356725e-01
3.132422246514603437e-01
3.139223154202145372e-01
3.129547654775312049e-01
3.128432328457865785e-01
3.136076542205082363e-01
3.141174738029881008e-01
3.132990406257229465e-01
3.132720222320131143e-01
3.134543342580574099e-01
3.137079337880925856e-01
3.141770194892475887e-01
3.137402193228933100e-01
3.131709522793436618e-01
3.140371581258281086e-01
3.126787792334422833e-01
3.131386565494313490e-01
3.140822016403583827e-01
3.135951005592249041e-01
3.138128412556995261e-01
3.134851367540248956e-01
3.129776414491961534e-01
3.134574098957434996e-01
3.148798661352137929e-01
3.127543483039273986e-01
3.134509870145202326e-01
3.131834126394550943e-01
3.125798516607459776e-01
3.141003309497149010e-01
3.132810619921438389e-01
3.123944333896030989e-01
3.131091079664108379e-01
3.128084934822855656e-01
3.118402124472750003e-01
