1.854437860632303647e-01
1.874061321900368782e-01
1.864625591684133665e-01
1.878883105793159591e-01
1.866442741905049996e-01
1.867797718003534335e-01
1.885068039450600585e-01
1.873239944887165609e-01
1.875109644498192951e-01
1.891309184131769183e-01
1.867269222716379518e-01
1.865614123546746606e-01
1.883625386870903529e-01
1.882414808265594208e-01
1.867842065297741216e-01
1.871993598852750851e-01
1.876962285545087927e-01
1.871670571887911749e-01
1.866385672901459958e-01
1.867244031279804983e-01
1.876525280250639915e-01
1.870621977219886767e-01
1.862151307560243052e-01
1.866138161849189570e-01
1.869096199467785713e-01
1.864767152581379428e-01
1.870351341622782104e-01
1.866508949580447663e-01
1.861935583157145746e-01
1.868560914953097396e-01
1.869695878027832492e-01
1.873717294842229264e-01
1.866432756253748604e-01
1.860040767135764661e-01
1.859853626487953382e-01
1.871776496059056050e-01
1.863342751413568088e-01
1.875226110527363210e-01
1.865574831036911629e-01
1.865870166381034811e-01
1.869754457216551979e-01
1.866050581632652805e-01
1.858965870907619000e-01
1.872166917529369812e-01
1.880863875195600277e-01
1.868154086906289590e-01
1.871322138812242519e-01
1.873537598883864008e-01
1.867293903312574888e-01
1.874070726542660936e-01
1.859611103497824935e-01
1.870745865379633832e-01
1.866079905465188316e-01
1.872113705447033538e-01
1.870730813568599882e-01
1.858642642471938222e-01
1.874798533508769960e-01
1.873870422859032214e-01
1.871300505837960870e-01
1.865552874885195445e-01
1.865023310915817356e-01
1.868213162496435431e-01
1.871152679663188878e-01
1.875147305760923311e-01
1.867828357395318051e-01
1.876825290858670781e-01
1.868645698774982766e-01
1.862244100506076916e-01
1.873682829767590596e-01
1.864184785279627832e-01
1.869275449846581894e-01
1.873992661257558590e-01
1.878418059361907644e-01
1.874335087015044365e-01
1.875052914836427553e-01
1.875519604266021600e-01
1.876282926765996395e-01
1.861212128254906562e-01
1.856037542777304317e-01
1.865079585374190552e-01
1.870409670972565941e-01
1.869061837919253621e-01
1.862617551333969335e-01
1.867964911545933193e-01
1.870912036627930819e-01
1.875948385977505017e-01
1.867841496366934029e-01
1.874443858426977916e-01
1.887540120126597887e-01
1.871171732245671959e-01
1.875688970202107897e-01
1.870661333029320916e-01
1.870289132961556744e-01
1.869093033187146924e-01
1.867466812779917384e-01
1.868805842079516166e-01
1.879053684774537880e-01
1.871844100673663303e-01
1.860455686223932426e-01
1.870870766059711254e-01
