6.169630824652079237e-01
6.177793550069103912e-01
6.170644348752754027e-01
6.183004232099678088e-01
6.187527327583983716e-01
6.167047254406852197e-01
6.185918984893985506e-01
6.187075907800483332e-01
6.192433517713629154e-01
6.187548066338153241e-01
6.191258355500828259e-01
6.181745809472620756e-01
6.179072540531655999e-01
6.179323641778016185e-01
6.194047051295832329e-01
6.190660362866562405e-01
6.187154944232723386e-01
6.197166502202706706e-01
6.183157876008567033e-01
6.193393921587638795e-01
6.185706039703104953e-01
6.182164108145344894e-01
6.189661291057637627e-01
6.177954927395234996e-01
6.169177791771975894e-01
6.182942970521739801e-01
6.189152218918376747e-01
6.177598366147132314e-01
6.177070161357440803e-01
6.175572887642464259e-01
6.187196157474086355e-01
6.196985989848767806e-01
6.182934225227278979e-01
6.176863632419735683e-01
6.175370656563919924e-01
6.193433297380116498e-01
6.183246505973335472e-01
6.189441054783101359e-01
6.173754170603629188e-01
6.180705139436528661e-01
6.179165039321052877e-01
6.188988940461268573e-01
6.187678337807873685e-01
6.186048823807770436e-01
6.193369891414892692e-01
6.182766379246420474e-01
6.179124711428225503e-01
6.176052906080788940e-01
6.188414473601083765e-01
6.177026834224765839e-01
6.196562061681366584e-01
6.189146364251181254e-01
6.190940349806034471e-01
6.182241806395509798e-01
6.197617449192447392e-01
6.187760944289153464e-01
6.195838946799718805e-01
6.174289374130379482e-01
6.174169588023954436e-01
6.187499107920151342e-01
6.184051765948119783e-01
6.192662385433617134e-01
6.195006399062649161e-01
6.184063456324118135e-01
6.177914101965651383e-01
6.189606151979288873e-01
6.184597152012814014e-01
6.188302088087123121e-01
6.188923851514630536e-01
6.183773974108377480e-01
6.176128972008786411e-01
6.188248461200673844e-01
6.187140189489810371e-01
6.182287416201369679e-01
6.186071989754102773e-01
6.190188006371145635e-01
6.173076345046484281e-01
6.189438614306674857e-01
6.188983531733145416e-01
6.178770485832060233e-01
6.192773815491755540e-01
6.186519579538478641e-01
6.180203247967934743e-01
6.187748978155588331e-01
6.197366318941757157e-01
6.182179368559505006e-01
6.175875548953763117e-01
6.184776752629383978e-01
6.179434497169971063e-01
6.180999117877763460e-01
6.180761046420771843e-01
6.181984622405474195e-01
6.199366229581335652e-01
6.187560776670433249e-01
6.179581490188450488e-01
6.184869181014280848e-01
6.191903018716146123e-01
6.191285982132304078e-01
6.184030637374083872e-01
6.188708577336174965e-01
