6.745965071568491567e-01
6.742077711084664138e-01
6.742202818212441606e-01
6.744237790965790236e-01
6.736768365273769765e-01
6.747331891766663592e-01
6.748244001166817663e-01
6.744667992249087085e-01
6.752340482820412548e-01
6.739243986338130377e-01
6.746094005262078808e-01
6.750140347195834334e-01
6.749674767397503272e-01
6.747368080833177073e-01
6.747993805019683045e-01
6.736504357374366592e-01
6.746678393014731157e-01
6.752298357464852074e-01
6.747723582774620699e-01
6.743889967873809566e-01
6.741630342954979538e-01
6.742882871404125567e-01
6.743384378028672854e-01
6.741351052257401610e-01
6.752921049193878478e-01
6.742237125968876255e-01
6.742730599849648954e-01
6.740229420074701494e-01
6.751989026000746463e-01
6.750483733900689565e-01
6.745402563090592274e-01
6.747021990872450470e-01
6.748284825982009405e-01
6.745635368883911021e-01
6.743560452430534813e-01
6.751704794354564942e-01
6.751463525718006675e-01
6.741988208354859902e-01
6.742062090842625421e-01
6.746103632347906220e-01
6.746082047361756651e-01
6.747863059124098450e-01
6.735735621039928844e-01
6.748412368578150522e-01
6.754105842042155139e-01
6.745956462825982713e-01
6.756769967323230652e-01
6.749266507418474337e-01
6.739773533159474361e-01
6.737269255758651099e-01
6.757470362571541544e-01
6.747919185536463971e-01
6.738384735811457915e-01
6.737335165161399964e-01
6.748751521600682146e-01
6.730566078725813695e-01
6.752453556364883536e-01
6.746027545728754404e-01
6.758677387028579897e-01
6.740464307836285807e-01
6.741988444078090836e-01
6.747364212272066730e-01
6.758788521460581400e-01
6.736057767344161284e-01
6.743926919487739369e-01
6.751228376038515000e-01
6.752589263658704821e-01
6.741339079368573461e-01
6.747806489869219160e-01
6.750556622671946005e-01
6.741995977698738152e-01
6.744212465854877436e-01
6.737510370334311993e-01
6.747191780368528846e-01
6.734433390825192989e-01
6.744026980196038412e-01
6.748777023567604783e-01
6.757569898608670744e-01
6.746769515076815882e-01
6.753248047114293051e-01
6.730111723809466540e-01
6.744201648797250037e-01
6.741470121013998229e-01
6.749709464039326257e-01
6.747466465109765998e-01
6.743945239589090868e-01
6.752864021299485042e-01
6.748229077822919253e-01
6.746486773659590153e-01
6.742360425679780889e-01
6.750990944670521854e-01
6.741796899337556548e-01
6.747071318272863660e-01
6.744728116820670749e-01
6.747974478343893301e-01
6.732166007021134213e-01
6.741803774034794694e-01
6.738465981778603009e-01
6.747422215732408191e-01
6.741002834295850565e-01
