5.960189501864583406e-01
5.965838486330041768e-01
5.965028121098693292e-01
5.970464953100163008e-01
5.961868294624887987e-01
5.968813666544200425e-01
5.955514000730834923e-01
5.957596129402610297e-01
5.972980933813361037e-01
5.968766935346856428e-01
5.965992231529699819e-01
5.974741537975682970e-01
5.961956625851010383e-01
5.959855462633915080e-01
5.972368241036993819e-01
5.963968353812896250e-01
5.967443525351764366e-01
5.975488854443593567e-01
5.971457618685864777e-01
5.969444964117678332e-01
5.970652541389847023e-01
5.962105950766466433e-01
5.963052561370693061e-01
5.967773086272170069e-01
5.966375297574322278e-01
5.970365189530931760e-01
5.958029353329834521e-01
5.959258769920136034e-01
5.965004720233905156e-01
5.952383205443174674e-01
5.966355421070768106e-01
5.965554475608815244e-01
5.953225317016812568e-01
5.952716303585443569e-01
5.971370117843642911e-01
5.956792177155298962e-01
5.969056881250054403e-01
5.955744168757235446e-01
5.951584194536836403e-01
5.966243275705396254e-01
5.960599413439598981e-01
5.970315135020050068e-01
5.959247871118813489e-01
5.960018328608860383e-01
5.966807482545815056e-01
5.958765428282677412e-01
5.964332014788762404e-01
5.977523188213126337e-01
5.957686838284318442e-01
5.967892670629125762e-01
5.956729848019480800e-01
5.971251564810853285e-01
5.968859642930723908e-01
5.957894978782727335e-01
5.965851261146248863e-01
5.964265967542694558e-01
5.960741808846767853e-01
5.954226892356946355e-01
5.959839458155786751e-01
5.964984023605961472e-01
5.962130925428832384e-01
5.963785097274076907e-01
5.972126515076044972e-01
5.971433322075794248e-01
5.955224341120002318e-01
5.958045405132141870e-01
5.956568098431777036e-01
5.973153114282540033e-01
5.963265967450891436e-01
5.967292295444706074e-01
5.973728829889841663e-01
5.962393912791843498e-01
5.963874596913714132e-01
5.951363388874506555e-01
5.968326564691990299e-01
5.970357428811798872e-01
5.959560518086164382e-01
5.963146823829829080e-01
5.965143989719088324e-01
5.965735197690961167e-01
5.964237956601363688e-01
5.955899949413161476e-01
5.973022526006057653e-01
5.965602850559220682e-01
5.968396454161770670e-01
5.954018234207496540e-01
5.958956988195605042e-01
5.965044101553848011e-01
5.981435838158284390e-01
5.972858741380107084e-01
5.968181692955842887e-01
5.956739500496206485e-01
5.967602426264313475e-01
5.955883716588243892e-01
5.972177339807342999e-01
5.965662772810285119e-01
5.960773276759639971e-01
5.952159403145204086e-01
5.961315901029252684e-01
5.970138531067674670e-01
