6.051719487623201665e-01
6.071792303080496556e-01
6.067736903228753143e-01
6.057592101893034542e-01
6.071167694515695601e-01
6.060219092623594372e-01
6.067959071003998783e-01
6.062481294472554794e-01
6.073229395030391720e-01
6.066561191682273702e-01
6.058093440285288178e-01
6.066469079403944420e-01
6.063717931023564489e-01
6.075190211928571671e-01
6.077273517980622541e-01
6.062001827577345736e-01
6.055619509281615631e-01
6.053323289109224792e-01
6.070341386645434767e-01
6.067259837695779812e-01
6.071404741219013079e-01
6.067143221978470446e-01
6.051943340019660944e-01
6.070538734111992074e-01
6.070649318694486540e-01
6.079714830928408809e-01
6.070104955616727471e-01
6.068617080584773893e-01
6.053028740808685804e-01
6.065871405780685066e-01
6.072950750616734616e-01
6.060908427659672526e-01
6.059961081435303321e-01
6.066121309634459058e-01
6.072588834363088495e-01
6.071221673613061975e-01
6.067341318493454372e-01
6.051127578591469769e-01
6.059810794602827899e-01
6.059526070142657872e-01
6.061430884880112391e-01
6.054590382474490662e-01
6.069418567509876627e-01
6.055164311662016852e-01
6.059157729088390232e-01
6.067432358085138588e-01
6.063931206821496778e-01
6.067210327253413915e-01
6.059429033586238855e-01
6.063109880435482157e-01
6.058340794296322995e-01
6.060355169048118329e-01
6.056756057809622451e-01
6.056506680275623999e-01
6.065334524549004236e-01
6.061697689953320367e-01
6.080240016426311511e-01
6.060914926375269296e-01
6.066218443798006010e-01
6.065153797757758536e-01
6.070114058929806378e-01
6.061648672022799111e-01
6.064061783973992981e-01
6.064774294274964950e-01
6.057044049851433298e-01
6.067171126967656480e-01
6.070765379695270969e-01
6.059381284586227157e-01
6.065125967660575101e-01
6.072872010931796849e-01
6.077227976192070003e-01
6.059985211457140641e-01
6.060163310340943577e-01
6.066918875459268445e-01
6.061893659133208434e-01
6.064333954575527041e-01
6.061091617797422781e-01
6.069337244275689880e-01
6.056722282378601552e-01
6.064649561223260932e-01
6.067136972491324887e-01
6.068432964750175573e-01
6.063830719177436546e-01
6.074664705547535570e-01
6.063357865532535973e-01
6.062970043696749300e-01
6.063570562394635655e-01
6.077224414385844486e-01
6.066693191687191344e-01
6.063843633888421625e-01
6.067936741088247876e-01
6.058180221247544406e-01
6.056178399810236979e-01
6.070684607445213654e-01
6.068832809130255690e-01
6.074741964169669828e-01
6.058869581710606411e-01
6.065167118092431586e-01
6.065336336141355922e-01
6.059191797772535137e-01
