7.802346999912844472e-02
7.834388058430286073e-02
7.794784388303131750e-02
7.747979317735836924e-02
7.807325331453503214e-02
7.973553646422490426e-02
7.821331442842373305e-02
7.826373128997646256e-02
7.880197549918321887e-02
7.892817187542344737e-02
7.600986987238637915e-02
7.913010478308893370e-02
7.846929787353812413e-02
7.780632993148828280e-02
7.749313752354032581e-02
7.932024127224232557e-02
7.762213195961065182e-02
7.878437418310216267e-02
7.851007814957272624e-02
7.783907335611095490e-02
7.927030455356752492e-02
7.794690270671350563e-02
7.756439689232211276e-02
7.900586643784582308e-02
7.768972740320005677e-02
7.729856069831234078e-02
7.921044417092520940e-02
7.798392092436548517e-02
7.841884158679159056e-02
7.730557301666031444e-02
7.882166795328485187e-02
7.887133363198316205e-02
7.812380148191799822e-02
7.901966303524796120e-02
7.860415972315953903e-02
7.840437980105348370e-02
7.848442989335718822e-02
7.883285523359931379e-02
7.869572814687578188e-02
7.801088263586730687e-02
7.714542393133455578e-02
7.872553408749152770e-02
7.723764128677823582e-02
7.805893157929463810e-02
7.834929880218508003e-02
7.872542320561978779e-02
7.713440599380161355e-02
7.745817560454892892e-02
7.858444671119169112e-02
7.742164711257246146e-02
7.786528450045428207e-02
7.881494289669416231e-02
7.794401881571830226e-02
7.795200989363135213e-02
7.866429338367361690e-02
7.814663749462813502e-02
7.815678605403936219e-02
7.855850124761401543e-02
7.796395437323030975e-02
7.833366100822583555e-02
7.788394758186711897e-02
7.748995151461937625e-02
7.941875280038294960e-02
7.802169851363956188e-02
7.844012267979851016e-02
7.753646897915084102e-02
7.681503184511125071e-02
7.742609634749984815e-02
7.894373693826096938e-02
7.793416644871929699e-02
7.845961761612560426e-02
7.811163511020761951e-02
7.808940619473361822e-02
7.816849290892217972e-02
7.927255262008972569e-02
7.896971930499162295e-02
7.811168405028709461e-02
7.906400131199911585e-02
7.951402057916537314e-02
7.830692956783538716e-02
7.858885908071309989e-02
7.748831163383557152e-02
7.888327670960429416e-02
7.830107918397782862e-02
7.793170911518254584e-02
7.786684618803721425e-02
7.719646669918717174e-02
7.748321024203132235e-02
7.863689780684895991e-02
7.891597675257056022e-02
7.842522632027396079e-02
7.867885204687592726e-02
7.877747364285994647e-02
7.758017156970932471e-02
7.702292163012730564e-02
7.682441973803272317e-02
7.776994662559327809e-02
7.998529328518229342e-02
7.905147287186936600e-02
7.867796150231858021e-02
