8.022902114902146220e-01
8.021790150579981571e-01
8.020111544979776630e-01
8.028526489042858705e-01
8.017934014465368797e-01
8.022824149281511108e-01
8.031494631724470645e-01
8.027490655418230148e-01
8.026086109147499981e-01
8.028059173294984641e-01
8.029300751020862492e-01
8.008662406769884168e-01
8.017685360197681632e-01
8.023561926459343852e-01
8.017352629887730675e-01
8.029189100080534880e-01
8.020478915069026993e-01
8.015233537671644370e-01
8.026819277743550973e-01
8.027794634356306691e-01
8.025071540860413410e-01
8.019794039043530720e-01
8.017223651644596050e-01
8.010370903661100384e-01
8.020205537657056905e-01
8.030863838544274325e-01
8.024978979920180944e-01
8.032552534586945292e-01
8.017469759464042056e-01
8.028889760647427432e-01
8.025539585917119689e-01
8.025488813375960540e-01
8.026123647622815938e-01
8.018168769890913206e-01
8.027486223084673300e-01
8.022640032693866274e-01
8.027945847330617557e-01
8.020807146315716007e-01
8.025121182720712509e-01
8.020911495281141113e-01
8.038860714568960564e-01
8.024474715194792607e-01
8.015889701814224999e-01
8.027070605598356501e-01
8.024519562084675428e-01
8.014825119225490457e-01
8.021114675894391866e-01
8.021472584943918349e-01
8.022564780757116543e-01
8.023498217915802089e-01
8.037288213671424097e-01
8.034335723923552441e-01
8.012315640317145826e-01
8.008981487188207016e-01
8.027199578445918249e-01
8.026508989399101512e-01
8.021556768312630981e-01
8.019718449750348199e-01
8.017555853359665807e-01
8.021876710785166287e-01
8.021334345126467369e-01
8.021001856451446255e-01
8.017286119769256869e-01
8.015975642157522341e-01
8.021232236805568849e-01
8.032104171896581324e-01
8.024069641760389615e-01
8.030240648912572166e-01
8.029576447827165842e-01
8.020698174910263489e-01
8.031988828453422435e-01
8.025106465710039050e-01
8.027746262497037488e-01
8.023527364196534339e-01
8.030913739773382076e-01
8.029128618344560930e-01
8.033440470697086333e-01
8.014949238282456090e-01
8.030464643931216617e-01
8.027214759822260959e-01
8.032837104709196208e-01
8.021879897657878677e-01
8.024284141221581512e-01
8.035363487245902325e-01
8.027943208074653780e-01
8.023684850815331338e-01
8.019256843868627360e-01
8.013750963735311039e-01
8.013735301977225056e-01
8.021366655395347767e-01
8.024375706545520126e-01
8.027826816567087409e-01
8.018876483264967270e-01
8.018733717890529356e-01
8.022841493708419147e-01
8.025792838229711679e-01
8.035937391878760216e-01
8.028791930440754010e-01
8.021397495262091448e-01
8.016442060336047559e-01
