9.431230562350203517e-01
9.450988365291923543e-01
9.445425119200159259e-01
9.444930727599059050e-01
9.460716873973749053e-01
9.446203520751111915e-01
9.443317514379688804e-01
9.449978979406784552e-01
9.440845428088147084e-01
9.455177536598898813e-01
9.444096052897313909e-01
9.436999599808137962e-01
9.442718399039276012e-01
9.440216040067365144e-01
9.458992333444834477e-01
9.438438696322364319e-01
9.446491833609824695e-01
9.438453491591549671e-01
9.454671606864133437e-01
9.439820978521411554e-01
9.459921062445628692e-01
9.453487877305214448e-01
9.439223855086120718e-01
9.453967503441393916e-01
9.454140241609370054e-01
9.444817997514003416e-01
9.445562732008261353e-01
9.447778569847504748e-01
9.443870559259970321e-01
9.445248917510613573e-01
9.444244123533238611e-01
9.449844630558781322e-01
9.450969052786749591e-01
9.450945039157800931e-01
9.449634783137128569e-01
9.444416189322882849e-01
9.434483031301423850e-01
9.447818328627628492e-01
9.453189325027298029e-01
9.456594851497187593e-01
9.451218191717106754e-01
9.460927144014311674e-01
9.437945107208989270e-01
9.452054383509690405e-01
9.445873065647185651e-01
9.458595736816219901e-01
9.444621878786397806e-01
9.451415556036336652e-01
9.445895568857519686e-01
9.444900829818498877e-01
9.438579214631938052e-01
9.442881597889083434e-01
9.452380132931518242e-01
9.450978206841358364e-01
9.439179179569081590e-01
9.443550887652669701e-01
9.452760675208984331e-01
9.450785086743843655e-01
9.447283574303740883e-01
9.451812016188870791e-01
9.434478839457507426e-01
9.448123214756335431e-01
9.436246065310396336e-01
9.443654637042019351e-01
9.451431057057132490e-01
9.436578908650474773e-01
9.455366841133463485e-01
9.452719359545128652e-01
9.447825398485252268e-01
9.456517372754067452e-01
9.455459499642531185e-01
9.447113430439795234e-01
9.446933566487939471e-01
9.443418184749370337e-01
9.445877176425917510e-01
9.444393003196882574e-01
9.447833352651375804e-01
9.446147442518955106e-01
9.451261566204839371e-01
9.451408159196532655e-01
9.447372848216885055e-01
9.445481161432434103e-01
9.445723785592707866e-01
9.451538044802920702e-01
9.437795886517763577e-01
9.449567419587652228e-01
9.448056554623267544e-01
9.453366693970399748e-01
9.440145850764565250e-01
9.439268346730106396e-01
9.452911694281831423e-01
9.444301575147434624e-01
9.444838294578772331e-01
9.438740364527863358e-01
9.457607122532902810e-01
9.450714976913727750e-01
9.445641506344779614e-01
9.447113166393317218e-01
9.446290652430322510e-01
9.449085034397943783e-01
