9.495633735226286509e-01
9.511231309589506244e-01
9.500703503480625312e-01
9.497140011206690602e-01
9.505388044905470624e-01
9.508463831924869325e-01
9.500880353973015779e-01
9.498983694051301718e-01
9.508462722796728883e-01
9.500467589097842946e-01
9.501567935665440334e-01
9.508262872783777020e-01
9.500808053408105192e-01
9.505880993392857858e-01
9.513878153960073636e-01
9.512280618498376583e-01
9.512195826270157806e-01
9.501228434069134421e-01
9.509429865746715782e-01
9.512465543126606971e-01
9.502602729843943052e-01
9.515171743283845629e-01
9.500432553680701053e-01
9.511106419226479369e-01
9.516979214220488981e-01
9.514747966229678555e-01
9.517208773606746774e-01
9.518705062598675770e-01
9.510463771027869440e-01
9.500711674917532434e-01
9.503935714247897515e-01
9.505428290213224773e-01
9.512462323930870323e-01
9.505459500647607252e-01
9.509784984686142639e-01
9.515755896324105123e-01
9.515502075527184633e-01
9.500802406929508281e-01
9.511797604128732209e-01
9.505402676445968702e-01
9.501900965005742883e-01
9.522414129826839435e-01
9.496496923337762741e-01
9.511235023282240686e-01
9.509006373068866758e-01
9.519208034507842253e-01
9.510358992931718936e-01
9.517019739770842257e-01
9.492897002660043437e-01
9.517027990331006215e-01
9.496872872432577939e-01
9.514139510768389041e-01
9.498980654994694239e-01
9.506166844085575107e-01
9.504272513799024713e-01
9.511901413437140462e-01
9.500678331922099984e-01
9.506468993203747164e-01
9.507238886088009711e-01
9.512318171267968303e-01
9.510669120207815297e-01
9.517455255197981856e-01
9.507836882880864593e-01
9.506087584637550325e-01
9.512256065912457759e-01
9.506201263977458460e-01
9.509359469929405950e-01
9.514498038694050308e-01
9.515026358842996190e-01
9.509868223817434796e-01
9.502126215611332860e-01
9.507553069514165234e-01
9.507881169420953071e-01
9.513490311281163070e-01
9.503534808047886528e-01
9.511648246080945945e-01
9.503389023749735376e-01
9.516384408620155444e-01
9.510934650901800014e-01
9.502262442027569200e-01
9.514007267611254148e-01
9.519139325345924441e-01
9.504567339248620739e-01
9.515629875631644863e-01
9.510049253639908384e-01
9.509571379589893958e-01
9.508404566339209163e-01
9.521481230284574160e-01
9.499806932513964464e-01
9.501698926304715798e-01
9.497056163356571989e-01
9.516096293712713594e-01
9.508943155818738724e-01
9.514637698400831844e-01
9.513269174687022378e-01
9.515137284449965982e-01
9.510638015432089087e-01
9.520878807535104738e-01
9.505445576850963807e-01
9.502246290722652367e-01
