8.002336445338027460e-01
8.016477969068215303e-01
8.014458154790741196e-01
8.012221752797055174e-01
8.018627670526339291e-01
8.020690237701797454e-01
8.020456394660422372e-01
8.009566706351856080e-01
8.018515170902820177e-01
8.016361203716602102e-01
8.022131972520680776e-01
8.004328978651965576e-01
8.013075931132565000e-01
8.022123111472223567e-01
8.010058974165715773e-01
8.023973766856776768e-01
8.020533933216728029e-01
8.012158809912319768e-01
8.023955846572650152e-01
8.006600675455572969e-01
8.020173094939997416e-01
8.012557547073235753e-01
8.007356123590082531e-01
8.010005203661851869e-01
8.011882861427963576e-01
8.015081015832572486e-01
8.008626707327872740e-01
8.011183136709161268e-01
8.019625183548644287e-01
8.013711320985897890e-01
8.017149588256252679e-01
8.016759713116796693e-01
8.021017883618331012e-01
8.014271809773103605e-01
8.007633925309685097e-01
8.018479288394625426e-01
8.025620756784934695e-01
8.021304872282448706e-01
8.015448184768192430e-01
8.003667829961682578e-01
8.019332757023138747e-01
8.013155899903836588e-01
8.016950009391756726e-01
8.013665544152770437e-01
8.021220333130240077e-01
8.018465990303085267e-01
8.021202660508625071e-01
8.015438901262788018e-01
8.024842750177929585e-01
8.014647856211152277e-01
8.007947920066822434e-01
8.012536342773562970e-01
8.015138653861160201e-01
8.007577742678912980e-01
8.010780639095924638e-01
8.015742638887494165e-01
8.021293226488319661e-01
8.006348738699805567e-01
8.016333930233145999e-01
8.012373911564398821e-01
8.009998139063052580e-01
8.023941393017439694e-01
8.015869704510029115e-01
8.024282923209885565e-01
8.013141580260290109e-01
8.012218546588047996e-01
8.027001406449445486e-01
8.024499608731985312e-01
8.001269924883415152e-01
8.003731782290000041e-01
8.019779426048455617e-01
8.013878333367628892e-01
8.017242146801346614e-01
8.013709396560082521e-01
8.006848776320121264e-01
8.015555188384657637e-01
8.021402832482699141e-01
8.018480805005595569e-01
8.026520111939176028e-01
8.029412923469547714e-01
8.014020543469856372e-01
8.021834322743242041e-01
8.019134402545872176e-01
8.024019021369696025e-01
8.014581898979076247e-01
8.018059519807019253e-01
8.014417060313334673e-01
8.027388199282150527e-01
8.014287753809523629e-01
8.013270224990426405e-01
8.011593750870427133e-01
8.032995224911735344e-01
8.016104618550081717e-01
8.023068944182012441e-01
8.006625856629372429e-01
8.016392040839790400e-01
8.017874847126935656e-01
8.015264268138490023e-01
8.015971847290416230e-01
8.018697186121723774e-01
