9.789214483900334773e-01
9.799124894203773417e-01
9.800402948282425086e-01
9.792421117991352286e-01
9.799959295178544139e-01
9.805959513386101056e-01
9.806963579675838094e-01
9.801124259598464894e-01
9.800144103040360211e-01
9.796846090265300955e-01
9.798035271772898014e-01
9.797238278658197963e-01
9.805109550083982439e-01
9.799820576112217019e-01
9.816974144268447722e-01
9.801323071880641002e-01
9.806559645594710162e-01
9.797112949404765958e-01
9.799718513251642893e-01
9.801376150297078649e-01
9.800524480865481225e-01
9.798839753282913012e-01
9.798970356974525675e-01
9.801626606901605587e-01
9.803808574040140389e-01
9.801515241301135273e-01
9.807549470644447709e-01
9.801730474682843752e-01
9.800457897200340884e-01
9.795974279677237551e-01
9.802885936848975135e-01
9.794959202431900991e-01
9.808975243731081761e-01
9.800362852659815216e-01
9.791956683027358554e-01
9.808664907122723875e-01
9.801801403235013144e-01
9.802712503897339502e-01
9.799611340223495226e-01
9.806668828396996052e-01
9.806087675739521003e-01
9.801655920435191627e-01
9.800934477480046647e-01
9.799278181583156444e-01
9.802663978932208977e-01
9.803261516391175157e-01
9.792149345684068029e-01
9.802133246578847992e-01
9.803969327147663559e-01
9.795517393874951795e-01
9.806368763058304072e-01
9.807827037263245895e-01
9.804207192223111100e-01
9.803903472784138984e-01
9.804416518518324075e-01
9.818884225069665073e-01
9.804616732566797666e-01
9.810043541481113794e-01
9.794955433949192880e-01
9.802355847903603259e-01
9.804962417175812073e-01
9.799642705725262193e-01
9.797911480365724124e-01
9.792410083886236016e-01
9.806866425630331729e-01
9.812976619866189409e-01
9.785786331013524020e-01
9.805634456399663357e-01
9.807612711139825912e-01
9.803154696951039693e-01
9.793669995172675780e-01
9.801954113942028535e-01
9.795605413780873461e-01
9.791717293838838598e-01
9.794723838349511658e-01
9.804778050481313123e-01
9.807982525522340733e-01
9.808252757558932888e-01
9.796292315923775806e-01
9.808664207640236388e-01
9.800315610930059318e-01
9.799446474709166965e-01
9.802612725984674036e-01
9.796979055119400259e-01
9.803404067679275524e-01
9.804217799176502268e-01
9.802550326745531617e-01
9.805146104315612954e-01
9.810507853459150551e-01
9.803164999350781894e-01
9.803742527100098858e-01
9.806626514630878422e-01
9.793120660439025293e-01
9.797633935404391758e-01
9.808067239549367322e-01
9.805852626513267278e-01
9.809225325336008439e-01
9.786137482860893799e-01
9.803600815128852286e-01
9.800876163759040249e-01
