2.159649405696458246e-01
2.197992582556740904e-01
2.192430234046008064e-01
2.202445724279676331e-01
2.180628867814082272e-01
2.179940404198636439e-01
2.196443595704302698e-01
2.189594266289944247e-01
2.190744092854358394e-01
2.189746220413588129e-01
2.191461799250361553e-01
2.202491650653867761e-01
2.198295989001876061e-01
2.191998677381114535e-01
2.186713904116447948e-01
2.192409517785285922e-01
2.194384382693129742e-01
2.188532526347324314e-01
2.195074709842566307e-01
2.179361422946050342e-01
2.193709946270347433e-01
2.192617691043399208e-01
2.183402580802956683e-01
2.191584746257006777e-01
2.199660047910749761e-01
2.199184831844732679e-01
2.184946909988776387e-01
2.200179991251761669e-01
2.199531348459445868e-01
2.190275854007688872e-01
2.192171982185653345e-01
2.203296401434912677e-01
2.175981959906498342e-01
2.194784276182177307e-01
2.185104052417835563e-01
2.192282596430492614e-01
2.204287359299460514e-01
2.191857472366427195e-01
2.189837569048146693e-01
2.187338699355528826e-01
2.179742641136160342e-01
2.189205472056007795e-01
2.198019969650030214e-01
2.195554468806551474e-01
2.197616019528693121e-01
2.187561073074946183e-01
2.189486070347096969e-01
2.198238684747224614e-01
2.193834294717946221e-01
2.191770492894121181e-01
2.185355722475912366e-01
2.195014026599197421e-01
2.193872971918746084e-01
2.184019154891882475e-01
2.194804548875664840e-01
2.187991626076847551e-01
2.197480341116341274e-01
2.184171669826218132e-01
2.188076221335037430e-01
2.186715012846120187e-01
2.197002635685151861e-01
2.195950882908225266e-01
2.195377030728381529e-01
2.184765790281266162e-01
2.205414729062496471e-01
2.188436147738288817e-01
2.185166605605857737e-01
2.192965945148749318e-01
2.192762090724230117e-01
2.195442945548582991e-01
2.194840011153785242e-01
2.187884968150491383e-01
2.188530122372043252e-01
2.193411700878502846e-01
2.193068856145374002e-01
2.189036011420675831e-01
2.192744557888872126e-01
2.189995480614724821e-01
2.203619053571826969e-01
2.182960897581551207e-01
2.194258283686701394e-01
2.192997506349391168e-01
2.182498476195878223e-01
2.192319484032334009e-01
2.188629807792059623e-01
2.199384289837223450e-01
2.183593490567244944e-01
2.201647894245395420e-01
2.198300792378125590e-01
2.200839694784877121e-01
2.178725478158106132e-01
2.194273878242565812e-01
2.186406748348342366e-01
2.182985516657806324e-01
2.188325346609885091e-01
2.196014955468979513e-01
2.202790541392595502e-01
2.190782326407439973e-01
2.197537287535203387e-01
2.196590732484567932e-01
