9.575546527996279256e-01
9.576447755534762685e-01
9.580763354435343215e-01
9.578363181365415757e-01
9.585910163538291506e-01
9.578848341707230096e-01
9.583184011871279662e-01
9.577862675107763346e-01
9.580901778935377866e-01
9.581769712120995486e-01
9.583610850414139293e-01
9.583009727208542383e-01
9.578112210516226410e-01
9.578413076862698494e-01
9.588792936993862925e-01
9.575194500969623768e-01
9.581476217596798239e-01
9.571408056997255942e-01
9.589137238590941248e-01
9.581592715118580905e-01
9.590155948109420070e-01
9.574480412799416529e-01
9.587403091594763893e-01
9.590350253292809768e-01
9.583953637193890485e-01
9.583794760615842456e-01
9.572427856387826228e-01
9.578758666096134355e-01
9.579722879459423579e-01
9.589438157039607002e-01
9.587998691395835937e-01
9.594032239378055271e-01
9.577990989722930948e-01
9.580985221028399668e-01
9.577641989467430284e-01
9.574352191933948042e-01
9.577719917480437273e-01
9.582040961927895673e-01
9.584330774057456814e-01
9.577355987330995468e-01
9.583094360285877578e-01
9.581336964662949818e-01
9.586510812102698731e-01
9.592793445123986018e-01
9.592734848945190240e-01
9.578938274410090381e-01
9.577914600137228396e-01
9.586910443725695785e-01
9.574550939860805299e-01
9.581095800367316340e-01
9.582107865603084473e-01
9.583653517293584390e-01
9.583503682379643784e-01
9.584257147396397780e-01
9.580219173278576861e-01
9.573519941709449643e-01
9.577524396328613854e-01
9.577152239084154584e-01
9.585094369880418075e-01
9.583340919106289046e-01
9.584426332459103914e-01
9.581876564125759721e-01
9.577959889908780333e-01
9.584704323340960119e-01
9.585072308516655593e-01
9.576157524322908010e-01
9.582544102574992451e-01
9.577538929298964332e-01
9.583337213755813710e-01
9.575574904200693238e-01
9.578858540877096539e-01
9.577695533173505860e-01
9.580567880801855729e-01
9.575100660510947881e-01
9.585584947938252665e-01
9.589475451437011744e-01
9.579819054761159469e-01
9.573661436994667095e-01
9.585577289796718414e-01
9.583476449582133405e-01
9.588277392768989049e-01
9.578735818707309058e-01
9.579319286650354037e-01
9.585578813852830837e-01
9.584289019265239684e-01
9.580404107556883542e-01
9.583351848246892679e-01
9.582492880992243833e-01
9.581520773853088313e-01
9.566262438461027307e-01
9.575170540610982162e-01
9.578842794505058045e-01
9.576181385603368401e-01
9.590325251530554818e-01
9.594453852502055069e-01
9.579101350977707874e-01
9.587117756675550551e-01
9.591863013374164471e-01
9.584420813535325934e-01
9.586817814376561442e-01
