2.644456468794630921e-01
2.650062640969268468e-01
2.650810951943680660e-01
2.644173644462567974e-01
2.641423564077872155e-01
2.642248313558032691e-01
2.637244496862996002e-01
2.647404217828024375e-01
2.638631698152211214e-01
2.640914739581199377e-01
2.651109589208638928e-01
2.630429689206784105e-01
2.650296058572811364e-01
2.640280890660472446e-01
2.650622742962914780e-01
2.644487095983812930e-01
2.642143223643458882e-01
2.644816703573250605e-01
2.639901823694236205e-01
2.646362153366071945e-01
2.642817280831457616e-01
2.635601336634842418e-01
2.647553334726956420e-01
2.634535001730238246e-01
2.643667103312848377e-01
2.639404809067854574e-01
2.652521471120412588e-01
2.643626101470632483e-01
2.635470675554019149e-01
2.628761854757241667e-01
2.643645451863476659e-01
2.640355654168520250e-01
2.642460516881233734e-01
2.643570749882819260e-01
2.649600087706300844e-01
2.644637897073571220e-01
2.648286826412299400e-01
2.641204741418461399e-01
2.645733026278891398e-01
2.628749689989512417e-01
2.640354232492789777e-01
2.640533362565148923e-01
2.638333892695164384e-01
2.639898920835618834e-01
2.643847707013428083e-01
2.639427001510239457e-01
2.645513078253630135e-01
2.642580965275513893e-01
2.640309997573901946e-01
2.650283710663577930e-01
2.641548243184159150e-01
2.643832608433272502e-01
2.642858694389640384e-01
2.649649210810296474e-01
2.647604429578745977e-01
2.650354968083600271e-01
2.640688134949485399e-01
2.639920053006374334e-01
2.646317592174828315e-01
2.645521459600800873e-01
2.641639215429087972e-01
2.641372859897044845e-01
2.641941500805512488e-01
2.651213757108723534e-01
2.648709378251080104e-01
2.630143273900982792e-01
2.637495699795973092e-01
2.643148754247590659e-01
2.633774516586826486e-01
2.638577950936680794e-01
2.652579221298980716e-01
2.642427802198977771e-01
2.648998818187289217e-01
2.636540064788097104e-01
2.650158305507605561e-01
2.649757445562861413e-01
2.641537767165753614e-01
2.638787408620897335e-01
2.647308903535527946e-01
2.630313862591231455e-01
2.637412414856929455e-01
2.637962830006036485e-01
2.648982168823201810e-01
2.637943378035721986e-01
2.645014229094468372e-01
2.638655675127931088e-01
2.627683814882999513e-01
2.630382718481200088e-01
2.637348571179095047e-01
2.648999481168909931e-01
2.625621266420833377e-01
2.629797038491628047e-01
2.640874804402133513e-01
2.632218585036157910e-01
2.640209300469140152e-01
2.642679362734625670e-01
2.645661032433275772e-01
2.646883997335222616e-01
2.642037395390846033e-01
2.634786975814699672e-01
