2.535526040683249160e-01
2.535521355805652188e-01
2.536297871446702157e-01
2.528878280957523872e-01
2.530585619383982077e-01
2.540527923380470066e-01
2.532926443310627995e-01
2.524950456809534893e-01
2.528655177656580766e-01
2.536584419567461390e-01
2.542363540565634183e-01
2.531949811151587015e-01
2.548306066024593197e-01
2.530369141445960590e-01
2.525963213016031994e-01
2.538747474827074413e-01
2.542735648781387914e-01
2.524037150417106079e-01
2.524694916299276004e-01
2.519247300540149448e-01
2.526928770092926602e-01
2.538058271760515461e-01
2.531323113867329777e-01
2.547209347368665222e-01
2.546274941907854528e-01
2.536825764823099072e-01
2.530874267303200864e-01
2.536876702605883049e-01
2.531527678674009851e-01
2.529885833001901951e-01
2.536373272080600372e-01
2.530189981107496822e-01
2.526971858085610423e-01
2.532590835510755145e-01
2.531122618406023150e-01
2.534494482752942535e-01
2.528982634411555130e-01
2.539301405467557782e-01
2.536880715465650304e-01
2.523780297501420633e-01
2.523166520491810783e-01
2.529457420056149264e-01
2.536765276161230820e-01
2.534224445593999953e-01
2.533827665320490530e-01
2.523505682039675624e-01
2.539434975214601709e-01
2.538877692985539447e-01
2.532642718153784167e-01
2.541506569396769222e-01
2.527702053806213378e-01
2.531416979749129270e-01
2.526931308455132585e-01
2.532469670949213381e-01
2.535892477152731916e-01
2.538128943645129865e-01
2.537972435206473643e-01
2.544256100084590910e-01
2.525057979840475419e-01
2.539346655914191397e-01
2.540729415553336090e-01
2.526057748737254860e-01
2.526746758977574947e-01
2.532712496833963156e-01
2.529836273396229296e-01
2.535690247202694314e-01
2.524752670223563422e-01
2.530501031798567668e-01
2.542089333813039587e-01
2.528940570142825250e-01
2.526387605190147378e-01
2.533915468052247433e-01
2.539334391610438280e-01
2.538082444602312027e-01
2.536316126414528971e-01
2.534206667581097583e-01
2.534048345209065634e-01
2.537825033361358895e-01
2.531705094655313237e-01
2.539334804963631065e-01
2.530357239191747820e-01
2.530955602394450166e-01
2.541303971044256427e-01
2.538940411075586434e-01
2.522255282722950520e-01
2.538862831012995702e-01
2.539919418409058438e-01
2.543159294749224308e-01
2.531582573750115750e-01
2.529039802799930570e-01
2.526637277025834405e-01
2.530966738739404143e-01
2.535436796246231528e-01
2.530354541453025963e-01
2.535441667985280922e-01
2.536802827053709630e-01
2.535360951743364510e-01
2.531135318861836847e-01
2.538353634834643047e-01
2.527479664741393850e-01
