4.119582756464793688e-03
5.533055141559030388e-03
4.899784556186906337e-03
5.559443310465248846e-03
5.126931214656265355e-03
6.605188512562931887e-03
5.068366817324319699e-03
5.941859357535757800e-03
5.322760113069549548e-03
6.139876580209155735e-03
5.621881930159057864e-03
5.338486400253908068e-03
6.666663367011921477e-03
5.030436804039356904e-03
5.713428227631931096e-03
5.722594971802589039e-03
6.002340426674124957e-03
5.241518500058025935e-03
6.571552908873625268e-03
5.954814078737064725e-03
5.853646502365797075e-03
5.582949338846877017e-03
5.693580547690787856e-03
4.942847022968247309e-03
6.071789983083364026e-03
5.824542520228051003e-03
5.774002867633408996e-03
6.370200168170729420e-03
6.277711701976124853e-03
6.213698721405960280e-03
6.283253669581077144e-03
6.099891695607513077e-03
5.429375567417184592e-03
6.726820124620308539e-03
5.260878225188834675e-03
5.174631795033318542e-03
5.778585596773119781e-03
5.104834899144266788e-03
7.158031834373280999e-03
5.740138171543019904e-03
6.709618745605171880e-03
5.368626407846639748e-03
5.780178619131510348e-03
5.180874146875510261e-03
5.977695849725260524e-03
5.852839418549660513e-03
5.718416441869814647e-03
6.315236581800942606e-03
5.973575311938130773e-03
5.872616794990738812e-03
5.865390584988873154e-03
6.046632402804320849e-03
5.681366817079629844e-03
6.787473434471344783e-03
5.447750140200692537e-03
5.722224002281024041e-03
5.537542937490787590e-03
6.007684767239426619e-03
6.190522629108579852e-03
5.426556772903863221e-03
6.470940981455753152e-03
5.898798542048864363e-03
4.892920998894921894e-03
4.791255956565077488e-03
5.984481377525349352e-03
6.914270724434225419e-03
6.195949186995994284e-03
5.535820987050195374e-03
5.710611063948069915e-03
5.686241458130621845e-03
6.606947825677309677e-03
4.920530257331238999e-03
6.110573514870553530e-03
5.500664437770816720e-03
6.449982097512890061e-03
5.020770193961810943e-03
5.840009992751820159e-03
6.923029962772470070e-03
7.105094609116447552e-03
5.696323431380697321e-03
6.249435759237410154e-03
5.934445604994625575e-03
6.622113423253573466e-03
6.068855120352710172e-03
6.596864046802041436e-03
5.648573752221918917e-03
5.583753217121073184e-03
5.477084572267010808e-03
6.843791490054304538e-03
6.650800080580026273e-03
5.810124382797427281e-03
6.630594206498283821e-03
6.192805319716378383e-03
6.138124286354613643e-03
5.822878433550785632e-03
5.002739017590662404e-03
5.036055961236216710e-03
6.360234478657222565e-03
6.063691174592796343e-03
5.453087734800191738e-03
