3.363892357541628519e-01
3.394635198839955348e-01
3.386226404642705412e-01
3.391106160044035089e-01
3.380755469181875861e-01
3.390327915242322687e-01
3.375289010843150472e-01
3.383750709306106996e-01
3.382289618716258772e-01
3.380945727185761251e-01
3.392443800326679915e-01
3.377446568075573863e-01
3.382748672760773068e-01
3.375629327603593133e-01
3.377561468621816942e-01
3.386044246376869182e-01
3.376518697925731671e-01
3.373353011097864895e-01
3.382639103325506547e-01
3.394187222716530394e-01
3.385293631592078967e-01
3.388468229435290247e-01
3.381514632842598234e-01
3.379698954572104008e-01
3.389120966136185409e-01
3.377365837547789407e-01
3.387747997821942136e-01
3.384183651148323646e-01
3.379498407158940676e-01
3.387280885696548616e-01
3.383667590516590828e-01
3.384640985750508868e-01
3.384997971858924037e-01
3.389462532345559054e-01
3.373648558074026638e-01
3.380055765902267306e-01
3.370141785536362455e-01
3.381861948483553815e-01
3.382664938677361066e-01
3.388431275685851451e-01
3.388722372037803465e-01
3.374755271051853578e-01
3.376153828832731407e-01
3.385505225334571877e-01
3.394956514298096972e-01
3.387284426173672869e-01
3.389319019036272085e-01
3.394007291272511662e-01
3.379678914252023936e-01
3.381583947173603111e-01
3.380010952281119474e-01
3.395843559673377698e-01
3.384503997913845819e-01
3.384250715683737587e-01
3.380158994083473645e-01
3.382555876581674892e-01
3.377100640486820904e-01
3.385133248933878125e-01
3.389439338448805294e-01
3.392307962373195540e-01
3.379384641613423224e-01
3.381959465348964855e-01
3.393181436309626875e-01
3.384371456580922977e-01
3.384380191355298995e-01
3.388723812873267738e-01
3.376840529988514028e-01
3.376421234624779055e-01
3.392860535766036856e-01
3.384677894984011726e-01
3.389607739882914417e-01
3.383948408502689409e-01
3.380145762321981051e-01
3.382068518565561344e-01
3.387645518667559141e-01
3.388878967446224411e-01
3.385855828969204229e-01
3.392680566728780711e-01
3.387346796786981362e-01
3.382405044226642343e-01
3.389192106782795699e-01
3.383389201376377220e-01
3.388157499544580675e-01
3.382783991572300697e-01
3.370437666402686938e-01
3.379923954820757692e-01
3.390125734448926620e-01
3.379351972317123365e-01
3.379902006415847482e-01
3.384325411416008178e-01
3.382914460972061277e-01
3.376312227675987154e-01
3.391723640645692983e-01
3.386495810098241188e-01
3.379175757302207428e-01
3.390044248145088757e-01
3.382531875038709002e-01
3.392365887177549166e-01
3.387165666351599769e-01
3.374928182357742057e-01
