2.324400059414375441e-01
2.338016699044523916e-01
2.352034864843426387e-01
2.330791952715320081e-01
2.348522969776484781e-01
2.340199982233349685e-01
2.345429494109928514e-01
2.344324428987025755e-01
2.354368667627496636e-01
2.335318303899712178e-01
2.344985724672637439e-01
2.341330960040144404e-01
2.339001096478258157e-01
2.337901486649996974e-01
2.343097844471975777e-01
2.338934892202154392e-01
2.332254482886733649e-01
2.352052769283803912e-01
2.350844023272566918e-01
2.342180893767772942e-01
2.341171552160298541e-01
2.338260707178345665e-01
2.338183174095063988e-01
2.334841698375831331e-01
2.346396487457888536e-01
2.340232838938231530e-01
2.346340495993735065e-01
2.337740649026180118e-01
2.348725964339223871e-01
2.342339402929664582e-01
2.351906513831244772e-01
2.344363866056365653e-01
2.356427106743874123e-01
2.338144192205948158e-01
2.344055979746106078e-01
2.356858421820659799e-01
2.342153239511385321e-01
2.342410914651323339e-01
2.344089572574505898e-01
2.349143568301185203e-01
2.345533035793370691e-01
2.343901486540198031e-01
2.341936134399426050e-01
2.350657808542379323e-01
2.337762257053704607e-01
2.326904992783856985e-01
2.333005130743130429e-01
2.352120366325524681e-01
2.347341059080028658e-01
2.339432526499160003e-01
2.343191513045434493e-01
2.336824789091916377e-01
2.337986175706376346e-01
2.342804580939747416e-01
2.343293273378092567e-01
2.344481844023308392e-01
2.344387018705354764e-01
2.321150460761443046e-01
2.336492911174585241e-01
2.345392569001453209e-01
2.349314596239909236e-01
2.341191838500029654e-01
2.337437319994214446e-01
2.342883742962700300e-01
2.342209140636943576e-01
2.342848324355067402e-01
2.341315007257502856e-01
2.327246859075193797e-01
2.344307853391486562e-01
2.344809211111113789e-01
2.344546471222896944e-01
2.343176483859419346e-01
2.348114963439995040e-01
2.346133859839690805e-01
2.349877157656886650e-01
2.348422271046234910e-01
2.345547651470175632e-01
2.336536616098558450e-01
2.344353120844397953e-01
2.340083513980333874e-01
2.335148462022013927e-01
2.353708400488296881e-01
2.343666602453045034e-01
2.340874522497792543e-01
2.346361707826185028e-01
2.341228751764836968e-01
2.348882037611884077e-01
2.350336425772433513e-01
2.351493533837678562e-01
2.341272830687590734e-01
2.353844984902669080e-01
2.351674070478995959e-01
2.346188806933590110e-01
2.339149888493180229e-01
2.338207333552523859e-01
2.341315395099783370e-01
2.348396487785266440e-01
2.347425493792506535e-01
2.336649231258592363e-01
2.338280667798159629e-01
