7.207989527919151929e-01
7.231417514996982820e-01
7.221244300380218473e-01
7.214399138096976305e-01
7.211730510936512628e-01
7.237007451831206639e-01
7.232215136342946549e-01
7.233548117217014628e-01
7.210980931312231945e-01
7.222007591493480039e-01
7.225057140088682051e-01
7.222223950240787005e-01
7.220136822000498000e-01
7.227365917705848020e-01
7.207198081021395364e-01
7.231235260846913260e-01
7.220768265141408460e-01
7.225205200127938765e-01
7.226478128898869979e-01
7.235603397508850732e-01
7.224339214031707535e-01
7.225351225681329037e-01
7.229234131063437818e-01
7.233000520090556718e-01
7.223351937135094047e-01
7.223787857775491039e-01
7.232523742343641704e-01
7.224224728899484305e-01
7.228220630947825853e-01
7.218789510445959845e-01
7.219551062369398142e-01
7.214101186165527979e-01
7.223378920775866963e-01
7.226325945611238311e-01
7.225273837807805188e-01
7.230261372827088140e-01
7.238578620365114791e-01
7.229351196647935129e-01
7.227073419792129361e-01
7.232901182444886334e-01
7.234376963543110994e-01
7.214887114477885888e-01
7.233087753854788859e-01
7.228821461409978832e-01
7.222638765731801413e-01
7.235258676310520887e-01
7.227498837745494065e-01
7.232476379724854798e-01
7.222068833391610543e-01
7.217883831556484164e-01
7.222768845095175472e-01
7.231420824389036550e-01
7.228591507619969159e-01
7.228801329898005834e-01
7.217925971443734934e-01
7.213979134103021273e-01
7.216700572691945315e-01
7.223662884220776181e-01
7.227669544059954765e-01
7.218526148847783652e-01
7.227212309845842952e-01
7.222669446658933623e-01
7.228329136075408723e-01
7.217094539100623596e-01
7.228721877218055036e-01
7.220928143184961456e-01
7.218786966231094393e-01
7.219378722171596596e-01
7.218819546424893874e-01
7.235371302288637896e-01
7.212920928973787227e-01
7.226798216307468437e-01
7.219251486070068502e-01
7.221592922613722099e-01
7.223285476434430086e-01
7.228868312554284081e-01
7.221846145467214484e-01
7.224592196055572568e-01
7.215113250599725081e-01
7.223236304070091984e-01
7.218883683639606419e-01
7.214795169327233859e-01
7.228451776939683882e-01
7.228330508498025386e-01
7.218941752241954113e-01
7.225249749275735045e-01
7.231263717646494449e-01
7.227489185826324603e-01
7.229611729296877565e-01
7.218113711079873207e-01
7.224631927679786569e-01
7.232906571999414558e-01
7.226985744530304290e-01
7.233874078498758742e-01
7.235385965797663799e-01
7.226174568663998876e-01
7.225028993698439095e-01
7.221228188554839056e-01
7.230032142852818033e-01
7.218931060572587599e-01
