4.793419304200756681e-01
4.800338763670920494e-01
4.804825973621728030e-01
4.795016117682300294e-01
4.799405043911553204e-01
4.812600501640382777e-01
4.812139003829937201e-01
4.804393457759763564e-01
4.805208218533114639e-01
4.802434662686557720e-01
4.810021278251850330e-01
4.800039962368304325e-01
4.800600182756760148e-01
4.798170644887108094e-01
4.799794624696232526e-01
4.812280040251878388e-01
4.804494357896514356e-01
4.811563782599179717e-01
4.797783901865939615e-01
4.806907486610527691e-01
4.808025969991686077e-01
4.806402648897152852e-01
4.809349962437979853e-01
4.802642608962838233e-01
4.797622292396968025e-01
4.803312695222939355e-01
4.799531535517169711e-01
4.805348017813944050e-01
4.808025473943269290e-01
4.801649574746761351e-01
4.816886461560230259e-01
4.822490239119389122e-01
4.810337850595949316e-01
4.808182719666308502e-01
4.799689343523440010e-01
4.807937669509022016e-01
4.814630154988674970e-01
4.820610188078863212e-01
4.800863197070389665e-01
4.798029748469966882e-01
4.809241800700071456e-01
4.811678441622803670e-01
4.796365196066256775e-01
4.804039873975892161e-01
4.804080411312636745e-01
4.809602927078796553e-01
4.809813690588382595e-01
4.798308822637940008e-01
4.803551786177847616e-01
4.804341263512668658e-01
4.799144823940253435e-01
4.801405793373689779e-01
4.810350254844747431e-01
4.799520078024516190e-01
4.796566642636048150e-01
4.794879271358266637e-01
4.811321916646277286e-01
4.796373919913309303e-01
4.804598250430587303e-01
4.803757477718221813e-01
4.808129058222358476e-01
4.810868583971635859e-01
4.813562693207289467e-01
4.817004117563313814e-01
4.803449698063773088e-01
4.801474864581384283e-01
4.811276888046901457e-01
4.801339810395178764e-01
4.804127251832149836e-01
4.796458498236754187e-01
4.811076032618645248e-01
4.797472853013232674e-01
4.808880420428728319e-01
4.809392040387364675e-01
4.797679543638471711e-01
4.812321108322580310e-01
4.807894164660061476e-01
4.803410826418831880e-01
4.811144957983107817e-01
4.795218693967333579e-01
4.823783394215232501e-01
4.802384270656435694e-01
4.801135619859506765e-01
4.814499189340857299e-01
4.817466425811731123e-01
4.807159283740423117e-01
4.802205204036147368e-01
4.820213629382030796e-01
4.798294927649349728e-01
4.807141338994067037e-01
4.789670429100207349e-01
4.815025276247413277e-01
4.801066881219302473e-01
4.802913503837433762e-01
4.798900006301494714e-01
4.804583794668485508e-01
4.799801707128931172e-01
4.804094805431909920e-01
4.804123614013704469e-01
4.818914836982626793e-01
