6.170444045792956161e-02
6.259984113290623098e-02
6.222101369355848011e-02
6.209438129975809045e-02
6.273410109552533809e-02
6.256810757487366037e-02
6.164606357197895126e-02
6.202638805085237961e-02
6.283280618187370159e-02
6.189618016336136119e-02
6.237789488393258308e-02
6.139212397382690090e-02
6.324821160606128312e-02
6.201864021691717160e-02
6.230309427410765655e-02
6.183801391710942036e-02
6.318632697786258356e-02
6.279688372658859263e-02
6.342799363120989187e-02
6.252508816447549522e-02
6.148679003443879854e-02
6.133611959028974908e-02
6.277974586460344231e-02
6.222734763643308908e-02
6.240804981584485711e-02
6.177753489181448537e-02
6.238986326172311914e-02
6.305185579793698425e-02
6.275778049177287155e-02
6.381051098714293768e-02
6.311000298566982192e-02
6.139706086674154989e-02
6.238540407138078170e-02
6.278935419282838382e-02
6.125983412149187124e-02
6.290439554316301640e-02
6.309273721452833550e-02
6.328477388118305957e-02
6.254897685771917959e-02
6.240210274066115143e-02
6.270231276902368811e-02
6.252590377137422217e-02
6.212231080935511768e-02
6.175111768935224316e-02
6.182744772375774189e-02
6.264800160956519870e-02
6.323169243417962881e-02
6.229772402159757666e-02
6.194014153824663887e-02
6.217019013350259804e-02
6.156489083545596541e-02
6.225696333798877435e-02
6.223429939440698611e-02
6.251659723028421545e-02
6.206408956818253164e-02
6.298391217051026170e-02
6.147254193827581675e-02
6.204338095578140755e-02
6.300856234275506451e-02
6.227889854130432001e-02
6.135210467387339911e-02
6.218471742421449733e-02
6.283266227543284066e-02
6.215923239619683405e-02
6.351982512534629088e-02
6.246796668143930753e-02
6.267382641726663983e-02
6.277291837138782027e-02
6.343842178687490729e-02
6.215871302710665458e-02
6.188814576786193927e-02
6.259343030435290944e-02
6.094600586929201091e-02
6.212332972766088091e-02
6.158950187697957018e-02
6.255777727309938530e-02
6.124960757886678542e-02
6.209624050721614108e-02
6.238470456228818739e-02
6.325139476697889951e-02
6.261603334657597775e-02
6.232221464216920748e-02
6.352073677615649450e-02
6.199256947593471956e-02
6.229872848280690323e-02
6.331041315671190328e-02
6.175403488362752463e-02
6.126428246679305190e-02
6.237098270328859939e-02
6.293210776585825283e-02
6.268463109627514518e-02
6.225383922030153228e-02
6.174485698104104775e-02
6.261605273561497709e-02
6.135637065828447589e-02
6.241498709345937035e-02
6.230696811479138203e-02
6.216112619185816535e-02
6.216232153789558179e-02
6.138214266024679538e-02
