4.631760754480543918e-01
4.638948919702377549e-01
4.636417640168323251e-01
4.633530594670747238e-01
4.638375656491114940e-01
4.631863353543166362e-01
4.631904391054838532e-01
4.633403210292104113e-01
4.642612561673062910e-01
4.637185684511846429e-01
4.637477996735732133e-01
4.637363574048110060e-01
4.635853893644655832e-01
4.635632895541901277e-01
4.637207969631428894e-01
4.639604860075422499e-01
4.629290348325252880e-01
4.644111058854986651e-01
4.635486309118889703e-01
4.641271627973829750e-01
4.630333429767354292e-01
4.635606131409921726e-01
4.626725636544385400e-01
4.634137774595401549e-01
4.630758791588954759e-01
4.641341316624545965e-01
4.637077697433320544e-01
4.636064406560433948e-01
4.635149024765324866e-01
4.640663405505475181e-01
4.633450208241696733e-01
4.625319617333302769e-01
4.647857224262050835e-01
4.637541541026137804e-01
4.628895594680552117e-01
4.627324651247418652e-01
4.627901226368309473e-01
4.629164586346121713e-01
4.636618728154485725e-01
4.641323732183326722e-01
4.635357826980655016e-01
4.627370437850202856e-01
4.638852334136596145e-01
4.641567047950239666e-01
4.639020144237627763e-01
4.635586818907343476e-01
4.633683759001657188e-01
4.631905240333454854e-01
4.631635209729539904e-01
4.646247939097360447e-01
4.640573896460180592e-01
4.643273967660281887e-01
4.630227913516306582e-01
4.644872018059027496e-01
4.624689314917233007e-01
4.635038199161758410e-01
4.628423013880639258e-01
4.643233312837505844e-01
4.637081974762246039e-01
4.635069360842953845e-01
4.636224369029686709e-01
4.621760897828714465e-01
4.635907995719651398e-01
4.638185946210835464e-01
4.635492714369826017e-01
4.640983553929973193e-01
4.643256368367548181e-01
4.642968649192863451e-01
4.639254487895239087e-01
4.628588028519612374e-01
4.637014160474056679e-01
4.649174526534288754e-01
4.632047529903290384e-01
4.632134722422571738e-01
4.634768250777790422e-01
4.628087221473418111e-01
4.636816006250811251e-01
4.636905014498846622e-01
4.637335923456663567e-01
4.633275107069670384e-01
4.636820687901839211e-01
4.636791496186805639e-01
4.631214503565059815e-01
4.641483812870489389e-01
4.644020003192778079e-01
4.629828071772710829e-01
4.628061964478623058e-01
4.636454239884353346e-01
4.627251732039071586e-01
4.632007994870058765e-01
4.630899962141815651e-01
4.641623736633592734e-01
4.638591448293632458e-01
4.630369567461565805e-01
4.645558875996301240e-01
4.634954433814004737e-01
4.629234988398002182e-01
4.627106367784383778e-01
4.638929313172199254e-01
4.633268770100250622e-01
