3.676692533009167652e-01
3.684255992640311783e-01
3.679051820415494833e-01
3.693194003210442666e-01
3.681644711576130824e-01
3.696316549858300604e-01
3.690055236883652556e-01
3.681779014921626736e-01
3.691953415268102723e-01
3.678625484875436280e-01
3.692265949302298012e-01
3.695351731909806148e-01
3.689699261302425981e-01
3.686169631945581115e-01
3.682454989637479192e-01
3.680555673749796308e-01
3.683109626349603261e-01
3.687695881286238708e-01
3.686992987602026872e-01
3.677742591782090509e-01
3.683877072721332135e-01
3.692531780670578190e-01
3.682651056492573516e-01
3.696042668560916566e-01
3.680114568998308355e-01
3.687764467115483558e-01
3.695274790455923553e-01
3.683408920477674875e-01
3.682468642497409572e-01
3.683656074793428825e-01
3.672928875387732606e-01
3.678202568726463562e-01
3.689120334223746633e-01
3.688857322042895515e-01
3.683470138418324380e-01
3.687246852785374118e-01
3.682634926105015638e-01
3.678803938145130958e-01
3.677946004998337570e-01
3.684900017525819527e-01
3.680040943970764866e-01
3.691851258087815446e-01
3.676001431156817323e-01
3.675819027429789720e-01
3.674037947284820582e-01
3.682172021898496017e-01
3.680658395589316845e-01
3.684738783009069985e-01
3.687705659232315414e-01
3.686706627017564131e-01
3.687857376866792714e-01
3.681165883475150391e-01
3.687431593942639974e-01
3.689887582573335711e-01
3.685310418641135066e-01
3.693456108224882906e-01
3.679533036604138441e-01
3.681074666338894352e-01
3.689215295348311496e-01
3.683197425583015772e-01
3.678249110804263089e-01
3.687458393328155726e-01
3.688218762421252017e-01
3.683544072092724830e-01
3.687330320947745932e-01
3.684033725611606802e-01
3.682455092726871770e-01
3.693240939838873804e-01
3.692598545910446561e-01
3.677305771222252329e-01
3.686867371036653962e-01
3.685665778566627471e-01
3.679622945967871983e-01
3.673335291540072989e-01
3.689254868726694614e-01
3.677560065862098271e-01
3.686945821749009200e-01
3.697560658098292263e-01
3.688109723896779713e-01
3.687197158646079997e-01
3.685451004326072977e-01
3.688857509411129776e-01
3.678377191147502168e-01
3.673791990250233619e-01
3.696665896543697705e-01
3.689943714849915346e-01
3.686618340420696471e-01
3.686782145099526398e-01
3.691425976446824908e-01
3.679950859771347060e-01
3.685685233472800193e-01
3.681678467314266068e-01
3.687079846498422242e-01
3.679648716691198973e-01
3.683322171261011468e-01
3.681857422701430016e-01
3.675994238637714240e-01
3.697906463289939993e-01
3.678055731556010288e-01
3.681804936949905072e-01
