7.144200350042148595e-02
7.203333712399395683e-02
7.047850637899025217e-02
7.149180718566081061e-02
7.189061192800323685e-02
7.154592429151888922e-02
7.082065122532582579e-02
7.249111999677965157e-02
7.219690938758535625e-02
7.125332310001862568e-02
7.119276276184324792e-02
7.150909655638199025e-02
7.130383700550219084e-02
7.080577098842651129e-02
7.079531378758772975e-02
7.071179213504075189e-02
7.157165442416060785e-02
7.104181496994252387e-02
7.172285408594490652e-02
7.214327773379949904e-02
7.209545958276838973e-02
7.196048810979761845e-02
7.087810549832443408e-02
7.145877774368637747e-02
7.196337431952146146e-02
7.143532594236798317e-02
7.091084139986547630e-02
7.127733187960876016e-02
7.202480657787170559e-02
7.188186229999651844e-02
7.194318651096431871e-02
7.200897696940801451e-02
7.215730997748362463e-02
7.327479355162799801e-02
7.262561213772511515e-02
7.182373514568526907e-02
7.163841768444857705e-02
7.140080380532584647e-02
7.103789037535197803e-02
7.143940698814735257e-02
7.121760326147971720e-02
7.151319147892533368e-02
7.139095885875848535e-02
7.190251929827204402e-02
7.206486574986753491e-02
7.202288960139756335e-02
7.162931282924142606e-02
7.209015195054374603e-02
7.255668211785959443e-02
7.136220259200209970e-02
7.103757769652283005e-02
7.024462675713480375e-02
7.193388389670210548e-02
7.088292576873780892e-02
7.144230412264154784e-02
7.140262789137839794e-02
7.235968582239012126e-02
7.256793372374115147e-02
7.072871815066272827e-02
7.073533235929896357e-02
7.104035634031075075e-02
7.073577846908232769e-02
7.104778076523327046e-02
7.137504381909227924e-02
7.186274330873113070e-02
7.173481668231974917e-02
7.190743002781835314e-02
7.159824931505122392e-02
7.164358911870874480e-02
7.146314425963977424e-02
7.236135092892691245e-02
7.150535806323489452e-02
7.273385734067031039e-02
7.218578772079577155e-02
7.160176489928110621e-02
7.111372102083775293e-02
7.206510987173529725e-02
7.243927035040448326e-02
7.225064733843522546e-02
7.194822250362001292e-02
7.172957638745577902e-02
7.161484888370786561e-02
7.175024977122954062e-02
7.186400801543817163e-02
7.126488705783716460e-02
7.147452864217657131e-02
7.150990027614448352e-02
7.196614155328406870e-02
7.216184225940759644e-02
7.050729307563988191e-02
7.146464116281295298e-02
7.143674646327284605e-02
7.151534417092886287e-02
7.202802494501918396e-02
7.115552910651616603e-02
7.189826313351871390e-02
7.170045653197709701e-02
7.216216572581629629e-02
7.158347886557908657e-02
7.238437845515523217e-02
