2.737601729220993652e-01
2.734729623765644324e-01
2.758088427110535479e-01
2.761581193848287041e-01
2.754950914489794900e-01
2.752328523126151838e-01
2.756495231287650061e-01
2.761230634882377855e-01
2.750724254866140916e-01
2.753407133758049019e-01
2.759555014099563386e-01
2.750126431932434778e-01
2.756350136771825721e-01
2.747936000107339405e-01
2.754143958981405405e-01
2.749431746299980106e-01
2.744243818057072182e-01
2.745781796302432243e-01
2.760093189911164702e-01
2.761940923100341116e-01
2.751145511895966567e-01
2.754458164642550888e-01
2.751729284444456858e-01
2.758542408042752303e-01
2.749190151054324849e-01
2.766378639077503032e-01
2.743097793358381109e-01
2.750907361032616238e-01
2.748526654777056488e-01
2.745558553958325487e-01
2.760156242501146662e-01
2.751751129463562151e-01
2.748412120646437917e-01
2.755446642396326418e-01
2.759337496091290864e-01
2.757354606873253511e-01
2.750328576619059384e-01
2.747314362817546707e-01
2.747933749322046260e-01
2.757543947164474707e-01
2.751023459559074902e-01
2.748862104105659343e-01
2.752653887421434575e-01
2.748582053246633738e-01
2.759195239769332009e-01
2.744970060431941583e-01
2.756377535020866354e-01
2.749222143763901949e-01
2.753866740520736767e-01
2.760982507419877940e-01
2.745385236661050943e-01
2.749020716411222920e-01
2.745135805071958202e-01
2.753114716307654697e-01
2.762091967051807373e-01
2.746673982736260178e-01
2.754744411788547231e-01
2.758733191296623977e-01
2.748829861454993306e-01
2.745025245710298600e-01
2.742240657839625229e-01
2.747109447246196545e-01
2.743830420157611361e-01
2.742235463228787085e-01
2.772394157413788363e-01
2.750023132660687208e-01
2.770407572421514919e-01
2.732340875817126369e-01
2.764440687020883192e-01
2.755072573897421884e-01
2.754284231188623422e-01
2.761833692946563668e-01
2.745752922263576257e-01
2.761661500951657633e-01
2.746656197449615644e-01
2.752295648872888356e-01
2.750140335123050783e-01
2.756688158132206690e-01
2.757077627856996394e-01
2.755010447657070261e-01
2.750468702738007587e-01
2.746537324831982985e-01
2.748247628783489493e-01
2.754791319221222556e-01
2.752086123557498376e-01
2.754741738401927376e-01
2.753897145141273040e-01
2.757392854586166453e-01
2.752903174457762003e-01
2.765766119819870750e-01
2.746892889524032433e-01
2.739362866952727571e-01
2.763242680106774984e-01
2.751956308767610215e-01
2.753294646965985248e-01
2.749572684103842590e-01
2.748833882223525316e-01
2.755392903858555065e-01
2.753684082811331812e-01
2.752044946721290408e-01
