5.314444865031727749e-01
5.335020863608630481e-01
5.327303988272458213e-01
5.315765801018110803e-01
5.319236517485488314e-01
5.316804247407335149e-01
5.327311405527335175e-01
5.323357947633819975e-01
5.321360978524178886e-01
5.328906929503975931e-01
5.339701775465959255e-01
5.323751202710689245e-01
5.326035863632481160e-01
5.327387525249556166e-01
5.336147169177829497e-01
5.329471443937653374e-01
5.321518338526496361e-01
5.324573810092333437e-01
5.333822089177544523e-01
5.318054506623738353e-01
5.328989821987764053e-01
5.320884570043623585e-01
5.333098014371325801e-01
5.328505214351580976e-01
5.323653647933690447e-01
5.326523321694875968e-01
5.324011575935179152e-01
5.325365261756487278e-01
5.325833045849397429e-01
5.329026006908441637e-01
5.325890904577934570e-01
5.329710532698326286e-01
5.334273194030799692e-01
5.338969973933043178e-01
5.334296224245076434e-01
5.330052556403775954e-01
5.328320187622164195e-01
5.323156552506813632e-01
5.338354456195651965e-01
5.325670224421048538e-01
5.326314786588089989e-01
5.320709227055873125e-01
5.326647137662092746e-01
5.317166128046845186e-01
5.336063797334220649e-01
5.325205500789633728e-01
5.326792406275496772e-01
5.322890394671950798e-01
5.330824783299308312e-01
5.321420558998259942e-01
5.331730473321499852e-01
5.324343619765598001e-01
5.336119157924159584e-01
5.334169970216660062e-01
5.328363515313692123e-01
5.332119576231151292e-01
5.324110047176050520e-01
5.340056494212597205e-01
5.318995204143985855e-01
5.318050914694955056e-01
5.322029190524820708e-01
5.329281958010573250e-01
5.322946438633573418e-01
5.334682177969274353e-01
5.326461809847889972e-01
5.330058024729262822e-01
5.318182334952517021e-01
5.315789193112092637e-01
5.309365429057220087e-01
5.323032161723222355e-01
5.322340995475545178e-01
5.331078549170924497e-01
5.327261532174440983e-01
5.328249261866984110e-01
5.324512296281872503e-01
5.326812856780767103e-01
5.327000805508614878e-01
5.332270761417619021e-01
5.327128183746725476e-01
5.323411970861817721e-01
5.323217793039751733e-01
5.334664611251480615e-01
5.312279449472145920e-01
5.321653914239508065e-01
5.322677037455820770e-01
5.328626310320404569e-01
5.325371880945359848e-01
5.330991286471344903e-01
5.331094891644538869e-01
5.314515536123984862e-01
5.321857023106841833e-01
5.322696130272781545e-01
5.329260135534558129e-01
5.322178928741013726e-01
5.328234839920422683e-01
5.327246957147007134e-01
5.326708575977128213e-01
5.336408190384851480e-01
5.331377903815547326e-01
5.314634921801155709e-01
