1.024037046976588317e-01
1.028087176938775327e-01
1.039543887891673374e-01
1.036608805650685999e-01
1.048864733461399301e-01
1.037287920966827315e-01
1.040359736200474478e-01
1.043572084900330488e-01
1.041442794004251160e-01
1.023071088131267403e-01
1.036518571085257578e-01
1.032290215167752101e-01
1.027155232869782220e-01
1.035627324655621906e-01
1.041893425361703485e-01
1.033363321093901804e-01
1.028323386870282075e-01
1.039647136737174848e-01
1.045773356203085480e-01
1.026696427061439820e-01
1.037385752845720599e-01
1.024941663150055471e-01
1.036609900402236384e-01
1.046762974229557691e-01
1.040045116471197684e-01
1.036377489073870561e-01
1.036460766157501628e-01
1.046287545702765109e-01
1.042068082928850892e-01
1.034460546235702744e-01
1.038734929551618780e-01
1.023243119670870505e-01
1.036772770966737922e-01
1.035028391560048333e-01
1.038793703302860472e-01
1.038130314688221895e-01
1.027021918000426692e-01
1.030378243253654569e-01
1.034049812885503294e-01
1.032081601885951327e-01
1.026593434945007044e-01
1.043065581669487540e-01
1.038416602173424658e-01
1.033327201235948456e-01
1.028137705213391095e-01
1.043280216843770619e-01
1.037914554278996232e-01
1.028591938127044608e-01
1.029524190197979444e-01
1.031609984960561305e-01
1.036694881613227509e-01
1.040271428367862822e-01
1.037571851751409591e-01
1.044114134281742545e-01
1.038187306177544011e-01
1.025594270357897825e-01
1.033162660077675821e-01
1.033664725122266231e-01
1.039386969661064697e-01
1.043977523026628218e-01
1.040301056965078630e-01
1.032094456786486480e-01
1.037803027334609079e-01
1.044988070078401166e-01
1.043615966580169890e-01
1.036476037899350389e-01
1.040767686548163956e-01
1.036780416216532552e-01
1.041786044311675541e-01
1.034889214619899439e-01
1.036432727929398334e-01
1.033879604086151149e-01
1.044049155682899438e-01
1.037476546813470568e-01
1.037435271065220571e-01
1.040839074597323666e-01
1.031625524431918489e-01
1.032299018153071679e-01
1.033295668069662554e-01
1.041814952175399711e-01
1.044391485558609778e-01
1.025078190942962375e-01
1.041445622949881133e-01
1.030702376083563188e-01
1.033820146978199073e-01
1.042430268565136264e-01
1.028692168929710438e-01
1.034872761977299049e-01
1.034775208681436576e-01
1.040927820021441408e-01
1.036184752977266643e-01
1.040173971008361009e-01
1.028546821897591279e-01
1.047210432563547566e-01
1.034205939803418267e-01
1.043530104643529410e-01
1.034202539494767786e-01
1.018518436433218377e-01
1.022952226251153951e-01
1.037689224397865817e-01
