8.057315027146600972e-01
8.058088817750544974e-01
8.072286318462660315e-01
8.065823126510232033e-01
8.067497326268640023e-01
8.055545970639463871e-01
8.059267033969192973e-01
8.057257795783472343e-01
8.064960698726784116e-01
8.069848073943091116e-01
8.064373379167752987e-01
8.073713677446466841e-01
8.060919349580570881e-01
8.058969101929411849e-01
8.056881063757619366e-01
8.061241895787008005e-01
8.061937121336444356e-01
8.057828442711763017e-01
8.062065934544957457e-01
8.072491089861071334e-01
8.058075232526071829e-01
8.063707607912919961e-01
8.068931986558186553e-01
8.049993579608873961e-01
8.065929977023246211e-01
8.068436535996739156e-01
8.068098742985490013e-01
8.056785379863938834e-01
8.056523485870448198e-01
8.072904083566141420e-01
8.067647935110188184e-01
8.071767625723580419e-01
8.068593463907995922e-01
8.067743766582418097e-01
8.068575782776536975e-01
8.064716319944962297e-01
8.051866878253375326e-01
8.056248446294873578e-01
8.065909406868780884e-01
8.055226547623194344e-01
8.048843218173067360e-01
8.069775686254219149e-01
8.066283903213613549e-01
8.058423401774184036e-01
8.071741257293105765e-01
8.071426758516768718e-01
8.056354965490931663e-01
8.074776946151488444e-01
8.060429966220989950e-01
8.063827044176696823e-01
8.058415095928426197e-01
8.061001182355829187e-01
8.073486652959342980e-01
8.058678975282942414e-01
8.057793965322141982e-01
8.078689119327253643e-01
8.066761669577479088e-01
8.053581385234480639e-01
8.062070992102647882e-01
8.070751053527278618e-01
8.067440836766111012e-01
8.066205718047456674e-01
8.068808952855044403e-01
8.072176597172631141e-01
8.074654521145889774e-01
8.055294620252173576e-01
8.064487569971958703e-01
8.062685843818044873e-01
8.072552583940112436e-01
8.059800116370803291e-01
8.064621221300726228e-01
8.058057355992069848e-01
8.063807822471691367e-01
8.064210275885481671e-01
8.063388882903390620e-01
8.066632174867783833e-01
8.063809022064574172e-01
8.077240882100504837e-01
8.062296441795774316e-01
8.065566696516617284e-01
8.064380563180215677e-01
8.063542579585702974e-01
8.056437654597674580e-01
8.047966061842835028e-01
8.059351997104877707e-01
8.066247234253783871e-01
8.073847673359697552e-01
8.071008388696874203e-01
8.069072801692609431e-01
8.074759702944588335e-01
8.053279407754676544e-01
8.071518662206336181e-01
8.059772090719576898e-01
8.063748580018631484e-01
8.065853919590948440e-01
8.054570472352868826e-01
8.054367821871348809e-01
8.070409994702314460e-01
8.064254303993936279e-01
8.056615198175810511e-01
