3.069197098324614181e-01
3.086148957692926853e-01
3.089707630740412547e-01
3.086213156710971850e-01
3.087195083877088408e-01
3.081578691039936202e-01
3.087431712387158633e-01
3.091640671181051792e-01
3.080528360529822818e-01
3.080012609143663038e-01
3.086002582566573227e-01
3.082038331386074415e-01
3.088988272482967590e-01
3.091540817222890869e-01
3.092323648257419011e-01
3.087516801878079642e-01
3.082532201830018304e-01
3.082260459883813808e-01
3.086673540880944255e-01
3.096331916915133209e-01
3.086527898910890744e-01
3.082172880608923249e-01
3.075235861030889417e-01
3.081436844212340209e-01
3.078836371998945332e-01
3.095886810066292849e-01
3.091798091494308842e-01
3.085129450367599113e-01
3.079093497924256795e-01
3.092606157974845393e-01
3.088712457147229085e-01
3.084561031062563741e-01
3.083260848485457895e-01
3.084189533375110703e-01
3.083929069795738886e-01
3.083988830347326182e-01
3.089033166919237239e-01
3.093620385081546353e-01
3.080341712525990761e-01
3.089569091509709042e-01
3.083991831160480257e-01
3.078180523254985257e-01
3.083373276606519164e-01
3.084152335843860504e-01
3.082973581585632949e-01
3.090114029466355383e-01
3.071322408679408311e-01
3.084320016627404293e-01
3.084069221430930652e-01
3.087184060409323694e-01
3.087946845304120336e-01
3.086632914820646723e-01
3.093455266363589473e-01
3.088575901034120164e-01
3.079450981359389550e-01
3.082551771347665781e-01
3.083817925118000902e-01
3.080756937692705200e-01
3.082168601446169109e-01
3.090539093179348606e-01
3.099618079713946095e-01
3.076150784106846947e-01
3.104348152221919066e-01
3.100028405202381321e-01
3.086400526642724684e-01
3.090153342781060131e-01
3.086279208606065305e-01
3.084869358213053747e-01
3.087246000526895351e-01
3.090767954039481680e-01
3.086578621522330090e-01
3.085885507640249159e-01
3.076850218810739390e-01
3.099692953960500597e-01
3.077053537719349752e-01
3.088582324128777423e-01
3.073523075807961247e-01
3.077405751115440680e-01
3.086598537037590351e-01
3.076920143199703972e-01
3.077830233044100416e-01
3.083345541345434149e-01
3.077512266617135617e-01
3.076457886366826822e-01
3.079802129160949531e-01
3.077644410389650531e-01
3.074699959255923210e-01
3.078359036034308827e-01
3.079461750682153109e-01
3.084125269323152452e-01
3.084135709401049086e-01
3.075678812695973319e-01
3.081337978681930601e-01
3.086757579264853835e-01
3.079269287713652936e-01
3.094645333291914935e-01
3.086403975964208124e-01
3.092694401177517038e-01
3.085282859280480960e-01
3.088587739216043793e-01
