3.987172313256450717e-01
4.004979978056325551e-01
3.986439450365509840e-01
3.995096061131800380e-01
3.996175933090266863e-01
3.993189546303674842e-01
3.988902207295861868e-01
3.997394168051866536e-01
3.982871532383446822e-01
4.000705720942959731e-01
3.991570402665151063e-01
3.992335320460575487e-01
3.990275141294312711e-01
3.991760305656074648e-01
3.989882317429348513e-01
4.004528834884837907e-01
3.998943205832797831e-01
4.000327219076916796e-01
3.988615115397309285e-01
3.992970622080326826e-01
3.998582824194233387e-01
3.997894394841506882e-01
3.980566359619945871e-01
3.997409334771555578e-01
3.997205578704405848e-01
3.996933792139943931e-01
4.000860778417014707e-01
3.995984365326055165e-01
4.001702681629071279e-01
3.999778981880420803e-01
3.997004487771517178e-01
4.005056056963410271e-01
3.994459409576061049e-01
3.994714394170547633e-01
3.997856692683625091e-01
4.003905585151104063e-01
4.004813383294023588e-01
3.981127303506710735e-01
4.002141717896633422e-01
3.992277169090688860e-01
3.990769183357689154e-01
3.988912564931317295e-01
4.003222606818013229e-01
3.996174719333548397e-01
3.989878760189594642e-01
4.000791959185079349e-01
3.999498642544423999e-01
3.992390821866419470e-01
3.988606271232222333e-01
3.993952182352350500e-01
3.992118446169077295e-01
3.995379723433862829e-01
3.998403562421998791e-01
3.991611583485121240e-01
3.998256936202091438e-01
3.995201268887993429e-01
3.996034404275954355e-01
3.982649858029182477e-01
4.000235028563459139e-01
3.992460644700087657e-01
3.999425595029585390e-01
3.999560789318893916e-01
3.994545951439426590e-01
3.994882976700054877e-01
3.987358336054179775e-01
3.984209132144070908e-01
3.996281425221852590e-01
4.005691709459243133e-01
3.994217351641189406e-01
3.999192724337619631e-01
3.988257919143685104e-01
3.989121862337827729e-01
3.986555584582214262e-01
3.995496305547779903e-01
3.988593489007883353e-01
3.997288067640618059e-01
3.998819769081364273e-01
3.991385759236247832e-01
3.991173470085245811e-01
4.001913667035863487e-01
4.002005415802866173e-01
3.994168928897505744e-01
4.004097120921135677e-01
3.999049439714010834e-01
3.989690704918007480e-01
3.990101779672772242e-01
3.989518863226231837e-01
3.999992819662750998e-01
3.986522531937312097e-01
3.999041496076787272e-01
3.998140914435888149e-01
4.004310191923671214e-01
3.991637973769633918e-01
3.991733494845204344e-01
3.985536385433822715e-01
3.996031411264531208e-01
3.981892930078856363e-01
3.980519765739909399e-01
3.987671794185362328e-01
3.999260541003216152e-01
