2.558858144750546584e-02
2.636958299562717697e-02
2.616033168512020557e-02
2.640942707446417709e-02
2.581772930183720213e-02
2.621733315608885950e-02
2.624703991896972649e-02
2.574725393903483373e-02
2.653048636809860264e-02
2.550474777285264075e-02
2.707294262862105713e-02
2.522145245711122225e-02
2.641042637319651609e-02
2.586376829389459148e-02
2.792702342945228150e-02
2.545838284525371933e-02
2.670448669171678058e-02
2.663760471536660498e-02
2.592917963590851693e-02
2.752278095415378739e-02
2.685062439679814991e-02
2.683486851205377915e-02
2.650697385567313963e-02
2.532626795838684164e-02
2.641842286933444514e-02
2.689114001207120602e-02
2.675045010525721467e-02
2.581686784877995286e-02
2.626323434716139674e-02
2.701395088619368973e-02
2.666851352243577999e-02
2.608789956490959600e-02
2.774690266188682697e-02
2.648574360992383275e-02
2.538369618729287985e-02
2.690761210697410061e-02
2.709329178670351335e-02
2.532027024779889834e-02
2.600932275366508659e-02
2.662747274364726108e-02
2.630237136108760226e-02
2.657390458455527113e-02
2.627193812685169050e-02
2.653227425408087592e-02
2.639962351485610967e-02
2.629680374757075584e-02
2.665374588042913537e-02
2.705176882950448281e-02
2.583581048398028712e-02
2.628618252885073572e-02
2.682344335227814652e-02
2.651375790193472026e-02
2.685098592064397854e-02
2.654339255907140621e-02
2.718649433121822501e-02
2.651926985601141956e-02
2.705723857526658171e-02
2.661922952336776005e-02
2.651940625051412911e-02
2.532180801932643749e-02
2.740065950506369308e-02
2.695346876344501333e-02
2.563828569071125579e-02
2.672452530841845642e-02
2.619386287564474947e-02
2.681893392574680873e-02
2.645827097125980076e-02
2.599005716931468424e-02
2.664442585639682434e-02
2.685983055125735347e-02
2.793813837973683351e-02
2.669229461285826249e-02
2.603462516976744190e-02
2.607212035593252375e-02
2.628030405993122057e-02
2.746847021296180968e-02
2.650859266660856792e-02
2.652830562098330847e-02
2.616534965194456178e-02
2.665312538465761452e-02
2.586372200200846155e-02
2.650402272283075567e-02
2.643601173539184002e-02
2.657229654500383939e-02
2.688118864257721397e-02
2.602240381061430435e-02
2.687318012783462134e-02
2.668545042405225109e-02
2.584141111380331216e-02
2.635546942404228335e-02
2.609931360035284975e-02
2.736892312915626541e-02
2.676806117938654306e-02
2.754067482583996695e-02
2.732104851591136974e-02
2.704590731443683518e-02
2.746444988600516696e-02
2.706213756686020461e-02
2.635776425009061022e-02
2.620547102310850918e-02
