8.308947561394995629e-02
8.387778235982919217e-02
8.371741792386416803e-02
8.372232977559165845e-02
8.504969162017736450e-02
8.347014622519717542e-02
8.469477283248152966e-02
8.393548103610147526e-02
8.425041615574274667e-02
8.292232887334007041e-02
8.416148507311878302e-02
8.493968362720728804e-02
8.372397302181064371e-02
8.320410978585179862e-02
8.305651294376906191e-02
8.461833015677865111e-02
8.340259653096351866e-02
8.301903275836691742e-02
8.348190857459975023e-02
8.399358694594950825e-02
8.450089957173642641e-02
8.384480513414799274e-02
8.321722751191940048e-02
8.355124000804542428e-02
8.357829192294290166e-02
8.393917149849294823e-02
8.480356355929140333e-02
8.289643157008477758e-02
8.414484731145653595e-02
8.395650547926877816e-02
8.376302642196777060e-02
8.393479383738244870e-02
8.309846899419728872e-02
8.371991154643264321e-02
8.437736854428939948e-02
8.353880195338495018e-02
8.420466333952680849e-02
8.358190926165445789e-02
8.400859769677157529e-02
8.396821910897234176e-02
8.250464321552489211e-02
8.397343492275202714e-02
8.287092911420393393e-02
8.304044319703839105e-02
8.323602103893569526e-02
8.367827557231714841e-02
8.348273769685402024e-02
8.483673426093799042e-02
8.439657051167154256e-02
8.279359749374895494e-02
8.339850192188927314e-02
8.423281918469986695e-02
8.388608006701950282e-02
8.424217075996154325e-02
8.458996391015637106e-02
8.338596871313004588e-02
8.299593541747893322e-02
8.384391419030995385e-02
8.419280763617176255e-02
8.454006321582105410e-02
8.378811867096205845e-02
8.226341463412747967e-02
8.393221941951252429e-02
8.294768222579421146e-02
8.402430006433650456e-02
8.377443496072775608e-02
8.360514668438259744e-02
8.294627368513876609e-02
8.397715924608736837e-02
8.368875469410397283e-02
8.298527737234842605e-02
8.378633534011115103e-02
8.515908277136025051e-02
8.408276460373038941e-02
8.330791079951627154e-02
8.372307900612657727e-02
8.380348264687270676e-02
8.384178607270018069e-02
8.431239838090187622e-02
8.285032100828948476e-02
8.416281114865856172e-02
8.343375462319649327e-02
8.405006659486048692e-02
8.317763090910480772e-02
8.318548629096535196e-02
8.401674213037324535e-02
8.432767617346650924e-02
8.354428248759177000e-02
8.371374481904329812e-02
8.442392097462271539e-02
8.431612721608836014e-02
8.363680090494923780e-02
8.323340544464392921e-02
8.420724696285707134e-02
8.407788925304464367e-02
8.356946612738289093e-02
8.424750919174112118e-02
8.481457358803801139e-02
8.266329732429908428e-02
8.376809623442144082e-02
