9.957001884080924903e-01
9.963290620043312451e-01
9.971186710576622758e-01
9.966236118474771644e-01
9.967993742436198623e-01
9.972169546869726897e-01
9.960976897292538323e-01
9.964570137983272957e-01
9.971376117766734826e-01
9.962391352387900412e-01
9.982695691533414184e-01
9.969157851997219044e-01
9.968910575762377491e-01
9.968582505191980747e-01
9.967653114228423039e-01
9.965057756207886808e-01
9.965220586371242861e-01
9.966527054946717756e-01
9.981032697371994278e-01
9.975642940912262668e-01
9.961793417157316366e-01
9.967953298579161903e-01
9.963909902673075969e-01
9.962706386738116038e-01
9.978245113836623492e-01
9.968782279341261710e-01
9.972389580649250185e-01
9.956843464867815019e-01
9.975470876774035212e-01
9.968805557603277467e-01
9.965216727572723254e-01
9.961576046106103144e-01
9.978861040716323627e-01
9.968019605552007611e-01
9.966067442727777337e-01
9.965932678329078032e-01
9.976394708848383974e-01
9.959066619710607027e-01
9.962033738815309070e-01
9.965953042363452363e-01
9.970800244147701719e-01
9.964661295180221590e-01
9.961530158887090813e-01
9.971468267317485923e-01
9.974116066386362611e-01
9.977063456283035148e-01
9.963160912356008314e-01
9.978211687896947346e-01
9.969078679402557652e-01
9.976669292964905900e-01
9.973751365155454351e-01
9.972155271023264156e-01
9.976571822226093511e-01
9.977343127027923364e-01
9.983110051695570641e-01
9.967093913600801880e-01
9.954256698611924081e-01
9.970380437492569747e-01
9.958892162415950988e-01
9.966413125787475513e-01
9.978662861679765683e-01
9.973964996100905811e-01
9.956293207312405524e-01
9.974266291410145424e-01
9.960228720219308496e-01
9.971673095752031646e-01
9.961671101558924324e-01
9.968958920988560957e-01
9.956843125360301805e-01
9.972226458843537200e-01
9.965202524219118896e-01
9.959283041543617321e-01
9.965803548504561515e-01
9.972671660331560162e-01
9.977668071204564004e-01
9.954483301277383678e-01
9.972274668302001377e-01
9.960012282445496190e-01
9.965700701029550634e-01
9.957956362276689788e-01
9.975123357306410199e-01
9.963823084523413254e-01
9.970563149663380642e-01
9.971203719632395490e-01
9.964430972317619428e-01
9.963199368828385971e-01
9.968557590567745930e-01
9.970640836869693047e-01
9.967375895554655418e-01
9.978309299681058508e-01
9.972993323249749187e-01
9.960963990735499651e-01
9.973644427052651418e-01
9.963178270868022768e-01
9.959927548479505788e-01
9.974700599771382237e-01
9.968064149018847075e-01
9.970788282861948737e-01
9.962613095075856240e-01
9.960477953589429445e-01
