5.833392024343143634e-01
5.843212350021822488e-01
5.859433219484819766e-01
5.845095010277119307e-01
5.840668827241550787e-01
5.853938508694738196e-01
5.844585190723309287e-01
5.844263350340599406e-01
5.848475754296026397e-01
5.842581297702716947e-01
5.835659398087627014e-01
5.841091897895077656e-01
5.849759710558153358e-01
5.848455026755888797e-01
5.849409244993343249e-01
5.849706910875581700e-01
5.849050354978057031e-01
5.849163342188277159e-01
5.848956621098853059e-01
5.839697610033891539e-01
5.848191434950956724e-01
5.850263843825144194e-01
5.848836042406446722e-01
5.845022116668554535e-01
5.856643825330359876e-01
5.830735467663553662e-01
5.846450435569819915e-01
5.839662904589060233e-01
5.848144985445939970e-01
5.842609689016491359e-01
5.848480582802249028e-01
5.848391739083067531e-01
5.854199868152445418e-01
5.850594522424552579e-01
5.853152808923096639e-01
5.847333431511900770e-01
5.849673723522421653e-01
5.840511919245132688e-01
5.846885707491059625e-01
5.851489260632694034e-01
5.844253343649133958e-01
5.848354122037939806e-01
5.841996472008932351e-01
5.851907845270041264e-01
5.837561059721100287e-01
5.852037073713032278e-01
5.843778524289462428e-01
5.846248221619971819e-01
5.850527048995900481e-01
5.845365201001391231e-01
5.836826971997537417e-01
5.843252558015051834e-01
5.847396075591932973e-01
5.845187704508170157e-01
5.849917058140509107e-01
5.845499919291650137e-01
5.841365495607773184e-01
5.845923975433593434e-01
5.844145290787354785e-01
5.832031265719442858e-01
5.839321153300889300e-01
5.838391017345870848e-01
5.847320594369065372e-01
5.845524719476750120e-01
5.850146724340589133e-01
5.845413154538432465e-01
5.850224215290894536e-01
5.859338978412091947e-01
5.848375050658072283e-01
5.845598877565381102e-01
5.840245419549963124e-01
5.847671608732027959e-01
5.845629396341585071e-01
5.838079589930812441e-01
5.835968639734566699e-01
5.840052722639490490e-01
5.844013291192995396e-01
5.849428911997208713e-01
5.847805172725641931e-01
5.844957180034319189e-01
5.846521770676235130e-01
5.840171538812906071e-01
5.850594963913644531e-01
5.848313468089937350e-01
5.847173210099599894e-01
5.847157720063029807e-01
5.840943089250765219e-01
5.846164094583017334e-01
5.839598905891758562e-01
5.839898839239388018e-01
5.844179191469516255e-01
5.843420809516562953e-01
5.853937705755796195e-01
5.837520362251649164e-01
5.847869287667752936e-01
5.854588357320644754e-01
5.849900724913917882e-01
5.844447575371829462e-01
5.845654996663582903e-01
5.845197679293838711e-01
