5.375539884222348963e-01
5.393216390763663215e-01
5.393056847706507728e-01
5.389683196032905022e-01
5.389871186021638616e-01
5.396130362675819470e-01
5.382915686149233325e-01
5.389204331235977197e-01
5.388478061354849968e-01
5.387852137789801432e-01
5.386041437023867395e-01
5.385536123292049560e-01
5.384502739752790035e-01
5.388618094355643873e-01
5.392166619270455374e-01
5.393369124379888691e-01
5.377600933892050517e-01
5.377280468951448622e-01
5.387695230268731983e-01
5.396506492465443783e-01
5.391170291468397879e-01
5.395291481689792334e-01
5.386816792086710493e-01
5.387547419827924955e-01
5.389601572616544711e-01
5.375948575200405477e-01
5.391008105529203620e-01
5.388777743617415572e-01
5.386867330951767840e-01
5.383919311490567017e-01
5.385218603672240478e-01
5.387713925499786338e-01
5.384798247339595001e-01
5.386696610146080033e-01
5.383708868808158021e-01
5.389817328953190323e-01
5.373367436740887904e-01
5.388914978238656950e-01
5.386506837873877851e-01
5.390734326351336314e-01
5.385330841186043438e-01
5.391701995992816965e-01
5.387292038188309373e-01
5.389490150341555985e-01
5.377775028479940822e-01
5.376884990678729714e-01
5.382603314561361652e-01
5.387689520408414090e-01
5.390189040700423817e-01
5.395350313448735724e-01
5.382928033328312489e-01
5.396952837265734937e-01
5.377021659555809574e-01
5.380541943282487471e-01
5.393933290736896424e-01
5.373363639422250593e-01
5.386779599258303408e-01
5.380915375658584798e-01
5.390039236626695818e-01
5.375088682835370557e-01
5.381229819758396316e-01
5.390542768398303153e-01
5.376243181776303448e-01
5.366673668519270635e-01
5.386763842407535918e-01
5.383316580827541831e-01
5.393895079569228646e-01
5.382256763148275391e-01
5.381351358648561733e-01
5.384644422127247143e-01
5.387242046278231111e-01
5.387731231425141321e-01
5.390356781469436420e-01
5.374006857877441368e-01
5.390935217254886336e-01
5.391337958108275430e-01
5.388992737811311162e-01
5.376923093299705858e-01
5.383571497918849813e-01
5.386586009687546195e-01
5.384536445941199290e-01
5.392715143830265623e-01
5.390732196937239040e-01
5.381099295401948757e-01
5.393717661413095499e-01
5.383308587778022902e-01
5.400884963591093824e-01
5.387902900135277395e-01
5.396503034932687015e-01
5.394442626534392549e-01
5.398622120949205794e-01
5.390387407678222109e-01
5.389641675873921844e-01
5.386024838102423384e-01
5.382488442444430810e-01
5.381037474391279218e-01
5.384353657787057656e-01
5.378141026790269619e-01
5.383619807296198267e-01
5.395487624607497867e-01
