4.094431618188349442e-01
4.116979145187838474e-01
4.111041948136742175e-01
4.118102622763456511e-01
4.114450373275552186e-01
4.105457425954953665e-01
4.105881386940787303e-01
4.113103482736086836e-01
4.102131643484500101e-01
4.112058837408598677e-01
4.113439655276235341e-01
4.112643425084291371e-01
4.112700829729014629e-01
4.117113579686370595e-01
4.110544707430280331e-01
4.127662414258330692e-01
4.123709431444020357e-01
4.111101384945736181e-01
4.130721493633747188e-01
4.107217578316929574e-01
4.109389651647065156e-01
4.111676851372177977e-01
4.107829583349618674e-01
4.122482655762600978e-01
4.120745339260932782e-01
4.111764857319897271e-01
4.112049423924257208e-01
4.115154831164377081e-01
4.118608368196614022e-01
4.113703678590588941e-01
4.117147034006167772e-01
4.108766419483963483e-01
4.114808024456392821e-01
4.120108206231583026e-01
4.113840751935632367e-01
4.108351995456529515e-01
4.105524624798003175e-01
4.116708128217297924e-01
4.106997052338203780e-01
4.109535483997949212e-01
4.105429482364058580e-01
4.114076573002555248e-01
4.104905147709270730e-01
4.116046079595973017e-01
4.105948056147002978e-01
4.119991779341602989e-01
4.115588488471204620e-01
4.120570767755581398e-01
4.113242577346446494e-01
4.115921856363722320e-01
4.119459712410959984e-01
4.113148623303753970e-01
4.104493503401520083e-01
4.120730931593177271e-01
4.119529120917768683e-01
4.108227202463117234e-01
4.111291888026483710e-01
4.118294873117063770e-01
4.114218855842621814e-01
4.112856105358329573e-01
4.103689727179312130e-01
4.124055814662405117e-01
4.113190216645676855e-01
4.119802423876148811e-01
4.121293510453479803e-01
4.124344597883289332e-01
4.110221137982904560e-01
4.110792731415898738e-01
4.113331015602686436e-01
4.118479885846863531e-01
4.109586196098127808e-01
4.110530801918975685e-01
4.118135205164438206e-01
4.113864000758361561e-01
4.113906316468332602e-01
4.121852573608875137e-01
4.118762610619332021e-01
4.114202384529163092e-01
4.112936441829313505e-01
4.121645868513916788e-01
4.119237823287911215e-01
4.119691967441554414e-01
4.107002813814554232e-01
4.116949390266511077e-01
4.115473245661731561e-01
4.117422147359494078e-01
4.108740943369287857e-01
4.118172726134635142e-01
4.124436959915404044e-01
4.119314073269468301e-01
4.115015865826028296e-01
4.114185115145668759e-01
4.110025325154641473e-01
4.118517782811327854e-01
4.114750724885382072e-01
4.111379173745375870e-01
4.121045033754348608e-01
4.108449799746883291e-01
4.109493523961195161e-01
4.131305827919609097e-01
