9.123141336978071170e-01
9.133263336937074151e-01
9.133891222838507185e-01
9.137037230530680176e-01
9.143157306767839554e-01
9.130026769088559480e-01
9.151945735328150811e-01
9.142197760042610755e-01
9.130814338289126031e-01
9.138721999546242092e-01
9.134152756514316573e-01
9.133527721591038206e-01
9.135119768265946849e-01
9.148608165824050342e-01
9.132812549999441698e-01
9.135726854496630800e-01
9.145332343367837957e-01
9.139734805789005989e-01
9.138668247823893420e-01
9.140589523194616595e-01
9.137567583005690164e-01
9.137218868060683619e-01
9.136735714398601660e-01
9.132286306551833377e-01
9.135520574355660006e-01
9.134893802063581703e-01
9.132007168851900003e-01
9.139561290945584782e-01
9.129241893918018658e-01
9.136417456613828980e-01
9.130095087396916664e-01
9.136834631084803648e-01
9.138636711901478860e-01
9.135485227765236527e-01
9.137940655735701245e-01
9.137451061561172594e-01
9.134369754306685962e-01
9.144735416035922881e-01
9.133523944120328641e-01
9.139651200665181996e-01
9.138231782110164403e-01
9.144103471781276360e-01
9.140039039278325950e-01
9.139863501512545119e-01
9.132076992337294641e-01
9.127969438636075461e-01
9.146342273804467515e-01
9.132493661671652330e-01
9.139175401263068821e-01
9.139689657072965767e-01
9.132485204257387856e-01
9.142558306338874896e-01
9.134874000926094251e-01
9.140151629656103616e-01
9.137565174219346442e-01
9.140337203924344678e-01
9.143172187234308579e-01
9.138289868667224258e-01
9.135665944760096302e-01
9.135506968739572908e-01
9.130262923711527367e-01
9.131905906472775891e-01
9.132383573899751639e-01
9.132054790649408726e-01
9.135025121751838562e-01
9.130421971748404752e-01
9.127176861212856762e-01
9.148100228800110090e-01
9.130148022519777307e-01
9.133446266739593256e-01
9.142172369688083000e-01
9.135925299750533579e-01
9.132394332362184786e-01
9.126720972864488246e-01
9.141769308252437609e-01
9.140028120811987122e-01
9.137992535314493070e-01
9.133855044318986982e-01
9.136864050167552431e-01
9.127925850653809681e-01
9.127729385121433614e-01
9.143919648212259776e-01
9.133244049079437543e-01
9.140322752732912281e-01
9.138383627201394077e-01
9.139884544827971968e-01
9.139170965876015629e-01
9.140863998502422039e-01
9.134482526612479614e-01
9.143984600771315474e-01
9.133032515238574955e-01
9.137832606143043712e-01
9.140530983039814039e-01
9.137941048232764985e-01
9.129496458481329846e-01
9.140410807639902657e-01
9.133887675426249908e-01
9.132486657085083781e-01
9.134667019586742986e-01
9.145950905864983493e-01
