2.382835486195676311e-01
2.394532010639139896e-01
2.394863642370164136e-01
2.405582422541889531e-01
2.402406318681758191e-01
2.396501346485762074e-01
2.392571924447651766e-01
2.404378663739477617e-01
2.409113550764196143e-01
2.413358936862879944e-01
2.409153715401059492e-01
2.402350012759355002e-01
2.413556660654225805e-01
2.399543031311243690e-01
2.408450600238121186e-01
2.395066164360867833e-01
2.404671558601094161e-01
2.397831710865938604e-01
2.401095409337809516e-01
2.408702524169724080e-01
2.404631132581240283e-01
2.400708432423071526e-01
2.405683484817759399e-01
2.407829711731295230e-01
2.403667783014257209e-01
2.404291827741973919e-01
2.402916339630903897e-01
2.406321620120232818e-01
2.395670209136721018e-01
2.398488063387837488e-01
2.410399427438142950e-01
2.397670233899478753e-01
2.402279999372496366e-01
2.401664949585783637e-01
2.402110053332166539e-01
2.415531330470782889e-01
2.410944937965973645e-01
2.400932757827992370e-01
2.408586900435289724e-01
2.401737626559057315e-01
2.395297933268170920e-01
2.398793055940175167e-01
2.410866131732161688e-01
2.401368365573046948e-01
2.403997002738109678e-01
2.407389524087015231e-01
2.406196119429121760e-01
2.397666278652560989e-01
2.395890860816724532e-01
2.390948907469881424e-01
2.406006646351863676e-01
2.390287546015853193e-01
2.392964073475038755e-01
2.402201153973025360e-01
2.392242966249530922e-01
2.394607808731345489e-01
2.409661557580309310e-01
2.404587684455873342e-01
2.415850456587171347e-01
2.397159049829618582e-01
2.397688479120300697e-01
2.404360943113272309e-01
2.399359810926532388e-01
2.393092136572445572e-01
2.394433097594068638e-01
2.402881542144398863e-01
2.407739572547821782e-01
2.397856420275747968e-01
2.391643669699118624e-01
2.402727641755017796e-01
2.408938894713439360e-01
2.396100355174764496e-01
2.401378074562875997e-01
2.407355328592139798e-01
2.395346400355206073e-01
2.394659265154852335e-01
2.394536621681301880e-01
2.405966138415783773e-01
2.399354565226373692e-01
2.396384936135803612e-01
2.400478769467581652e-01
2.388549991708081299e-01
2.417102629239732403e-01
2.406370848841266341e-01
2.405838465182329466e-01
2.399303486240204619e-01
2.395865248526999058e-01
2.401708804378959450e-01
2.412229862436608419e-01
2.402876423559019980e-01
2.405437536867143788e-01
2.399147446839995923e-01
2.401032703824231840e-01
2.400580825084345504e-01
2.399678483414388053e-01
2.409266755235115187e-01
2.399537234722708690e-01
2.406356903272565684e-01
2.393451970774007898e-01
2.399186019422490934e-01
