3.596462302341998374e-01
3.602017151443346332e-01
3.599603577568447621e-01
3.612309318413998716e-01
3.609443118760623515e-01
3.610643890121947308e-01
3.606672006383668250e-01
3.605008580830574294e-01
3.613856320769488484e-01
3.609206707203315156e-01
3.622592724774690298e-01
3.607334163466883181e-01
3.599482949404129162e-01
3.603830001777523773e-01
3.613710632636371600e-01
3.619932525101342558e-01
3.588922454908536341e-01
3.609843802598407536e-01
3.613024865262995933e-01
3.613235884140921783e-01
3.614277610850481492e-01
3.611697935843745100e-01
3.599382612604599130e-01
3.603451635288726917e-01
3.614953578469091156e-01
3.594217579119248773e-01
3.610182113889753852e-01
3.616997336446625688e-01
3.604670563206048284e-01
3.600576142921588785e-01
3.602146522774038462e-01
3.613033580455414784e-01
3.598936190783621480e-01
3.612607094276694131e-01
3.607757591295354671e-01
3.613014167682430111e-01
3.606578113469227631e-01
3.598012753711266609e-01
3.600283523709362776e-01
3.602838393307295495e-01
3.608609327614356044e-01
3.605603226418210849e-01
3.605488833563150752e-01
3.603348757371437339e-01
3.605589811653426846e-01
3.608658888887038563e-01
3.604088086351957543e-01
3.604347790897534098e-01
3.605235241458318307e-01
3.606401465441648746e-01
3.595841769950366973e-01
3.600750032660340327e-01
3.608516534593023684e-01
3.611446493746771624e-01
3.600886874776073610e-01
3.615113302612189550e-01
3.599322086111627628e-01
3.606893970504793656e-01
3.589907466123667401e-01
3.615091859402789765e-01
3.609592574738423876e-01
3.604771243626454513e-01
3.605640188998683882e-01
3.587954356582930271e-01
3.598053090033654922e-01
3.600621713114149358e-01
3.608992344999670809e-01
3.595302597218633101e-01
3.607617250777156448e-01
3.606614416207414298e-01
3.602395022014618364e-01
3.599531473995159492e-01
3.610948069050037290e-01
3.614223983942931318e-01
3.604840893460311557e-01
3.612003112680262085e-01
3.614452855019032462e-01
3.615151946856992038e-01
3.608122563117990289e-01
3.594406404494642771e-01
3.588587613665177867e-01
3.602033381251448785e-01
3.613883701102562629e-01
3.607965782713083991e-01
3.601353844094570267e-01
3.606857645336070117e-01
3.608107169360526001e-01
3.615450840980304337e-01
3.607862837183095639e-01
3.596972364911792397e-01
3.605608508971284709e-01
3.596252776864052869e-01
3.610117701136525969e-01
3.601760127674829004e-01
3.613153460629400238e-01
3.610933293831323221e-01
3.603968029579951993e-01
3.600166243320408466e-01
3.607432226236666484e-01
3.604572401962680139e-01
