7.572910198682361038e-01
7.583230381670232889e-01
7.587267615461097403e-01
7.581374849760018630e-01
7.588895084998561469e-01
7.597582566403892068e-01
7.580823548475443818e-01
7.581381627481303953e-01
7.579959693839843915e-01
7.586263536897372983e-01
7.584065906687491587e-01
7.581750936817894804e-01
7.585660857852857264e-01
7.581404171885968157e-01
7.590230210011728040e-01
7.599367561222556411e-01
7.585423983804036041e-01
7.586389886055890930e-01
7.589522859183754910e-01
7.581664436878754465e-01
7.584231186766495769e-01
7.578200791008756765e-01
7.578298107404253248e-01
7.588372277730399684e-01
7.589501760380994444e-01
7.575282634034837814e-01
7.585061646320828688e-01
7.588422981562825687e-01
7.587539615743135180e-01
7.575026110821891923e-01
7.576787224469350157e-01
7.585600380723410696e-01
7.595515675839761283e-01
7.585753062325335527e-01
7.588515603101417817e-01
7.595332742727430864e-01
7.591956122434455612e-01
7.567657440741459851e-01
7.578076502402533166e-01
7.588976056715466267e-01
7.584855091240327862e-01
7.589158181851451968e-01
7.583736004854326751e-01
7.587025771619091419e-01
7.605468157100684357e-01
7.593140843758082736e-01
7.572308911721015168e-01
7.585893060140487254e-01
7.579516850208357637e-01
7.585917433157194356e-01
7.586127141910332661e-01
7.575535975543223888e-01
7.584275583058475156e-01
7.581576270132941442e-01
7.583091341935741525e-01
7.577321872174047623e-01
7.580794193070441445e-01
7.591940444007021505e-01
7.580206403683384941e-01
7.578325559162022440e-01
7.594867198331676228e-01
7.587152792724788375e-01
7.579640183215330396e-01
7.583207133608260708e-01
7.577622802585208817e-01
7.574191493391543295e-01
7.589507063755602800e-01
7.577497679818034904e-01
7.594438777052213707e-01
7.579917498582937618e-01
7.584527963654335014e-01
7.588775251784294351e-01
7.580902664473734287e-01
7.591073181201735132e-01
7.586602155743857878e-01
7.585679786125288926e-01
7.583820986623237559e-01
7.589006997889948813e-01
7.572378629445511988e-01
7.584782037953728961e-01
7.591160484843521017e-01
7.584660211677247688e-01
7.572266212775333738e-01
7.594174027325574228e-01
7.586469492553891136e-01
7.592609650221622264e-01
7.569409207294264252e-01
7.582535875203447739e-01
7.581124416294136026e-01
7.599499703181492594e-01
7.593832810228953178e-01
7.588381620663176008e-01
7.588671556438753019e-01
7.586003142256810827e-01
7.585013646777852836e-01
7.579527360044637785e-01
7.579392872127468372e-01
7.587075682194687198e-01
7.578114666921016429e-01
7.590955679851609794e-01
