8.053028898628873389e-01
8.055955705190406269e-01
8.057976041076545526e-01
8.059822420995065295e-01
8.057641554775740733e-01
8.053713881069007874e-01
8.043680436026248159e-01
8.062968234728034034e-01
8.062001896824709801e-01
8.051213815704808541e-01
8.047869726098293430e-01
8.049971140981164730e-01
8.054602637937571252e-01
8.054160671186956222e-01
8.065009984810309618e-01
8.045577276690660806e-01
8.046248788336474167e-01
8.052903552098527040e-01
8.060981209176522055e-01
8.061355262319291892e-01
8.056683036093805761e-01
8.046288644914916244e-01
8.063239519218492468e-01
8.053380394028859524e-01
8.051084550186701216e-01
8.057767006091199891e-01
8.067012473822562368e-01
8.046978959959359967e-01
8.064408791023586209e-01
8.062979059313746255e-01
8.050331982290593880e-01
8.053232546059780894e-01
8.054129045157057964e-01
8.057042443496196249e-01
8.055736189183186902e-01
8.048319756127679803e-01
8.050134356769222954e-01
8.043776181164454808e-01
8.039292833830657958e-01
8.061517197248633249e-01
8.049092490782505660e-01
8.050831872923891464e-01
8.062644772618786648e-01
8.047958333994877922e-01
8.053956130823950454e-01
8.052229385245710525e-01
8.053653118696516566e-01
8.055906222472482003e-01
8.049279637408517374e-01
8.054184576257391592e-01
8.039616630243717754e-01
8.051853207594668049e-01
8.055609152524692007e-01
8.060685305805060930e-01
8.052997133588658540e-01
8.045211762672719313e-01
8.044319639860167959e-01
8.064322744477138150e-01
8.055281772818931874e-01
8.059700547116284142e-01
8.057034159386409211e-01
8.059379826371334543e-01
8.064654860986886220e-01
8.071348141343304139e-01
8.060386248627995354e-01
8.053271828902495155e-01
8.062175722953001111e-01
8.041136453565638220e-01
8.053311282392991988e-01
8.067071691568317160e-01
8.055549962121276719e-01
8.049061935155199521e-01
8.047809306089045434e-01
8.055334337756707708e-01
8.059203109096156892e-01
8.055117063352752460e-01
8.047157986253938855e-01
8.054650061534609495e-01
8.054674670308362705e-01
8.047692059817397325e-01
8.054476153299617858e-01
8.065107924823354812e-01
8.053777676925688578e-01
8.046666703262341791e-01
8.062844673426168285e-01
8.054545609572958398e-01
8.062816026585778451e-01
8.048214068844672386e-01
8.055519643289068554e-01
8.050355700213005505e-01
8.064136880718875133e-01
8.045434945726467335e-01
8.042846815317091780e-01
8.053798221429672166e-01
8.057772281246786683e-01
8.055511250484834740e-01
8.052622394869586309e-01
8.057403153073876556e-01
8.056558847381447563e-01
8.064214118791663832e-01
