5.022407022200058302e-01
5.039564747301532588e-01
5.033690247626344538e-01
5.030888307048040353e-01
5.036651268102334544e-01
5.034447424668498927e-01
5.039160645599449762e-01
5.033989016191180443e-01
5.041114049419683774e-01
5.029359798929292635e-01
5.033713223716603791e-01
5.050710446738928550e-01
5.034373043787990776e-01
5.027308414708344664e-01
5.043425781031696253e-01
5.031977359227675084e-01
5.043857172212482531e-01
5.035334257079628895e-01
5.034754454082344122e-01
5.025944115285256864e-01
5.034766991583026208e-01
5.038318737637712541e-01
5.032559259888915726e-01
5.041871434919160677e-01
5.041813837601575310e-01
5.035422896834329531e-01
5.019505147194869288e-01
5.026443928989836607e-01
5.042894038431187109e-01
5.031353193527043910e-01
5.025316036541207509e-01
5.026435370402011493e-01
5.036619028987352475e-01
5.037120102575514125e-01
5.041446818386261519e-01
5.034284772965126331e-01
5.025796133084698969e-01
5.046306059504230834e-01
5.035600418423207270e-01
5.033133673761125415e-01
5.034422700252081384e-01
5.033946344877500145e-01
5.031169703290956363e-01
5.040910510776250852e-01
5.029484805072335085e-01
5.037445953219369388e-01
5.027486196506700811e-01
5.041297872513236245e-01
5.048467182003034681e-01
5.035588246975174487e-01
5.045691623052062091e-01
5.042742983472957574e-01
5.024358193417076679e-01
5.036842472644856850e-01
5.038722073476026297e-01
5.041738736242011854e-01
5.050813396903606201e-01
5.037524725469940678e-01
5.042192941564682673e-01
5.041220343651899860e-01
5.040037208159465765e-01
5.028206011188136593e-01
5.045541566273236134e-01
5.041527049204838073e-01
5.041936861299498585e-01
5.040929080641134430e-01
5.034917639088157815e-01
5.032662497217084141e-01
5.027111438635024632e-01
5.032247984516656780e-01
5.046039940617677022e-01
5.041747852531008878e-01
5.034215512986429664e-01
5.043057537731225892e-01
5.047426327408921498e-01
5.048329795189272495e-01
5.036234884594950056e-01
5.042651921200269616e-01
5.041347724889546633e-01
5.039311200823727299e-01
5.043711297382198477e-01
5.033574249008487822e-01
5.037392431614724497e-01
5.043770388853155984e-01
5.041404239328552972e-01
5.030571980129737719e-01
5.050358905811578314e-01
5.037409280602973549e-01
5.030208021922225603e-01
5.042495852587356442e-01
5.036421743372802018e-01
5.042162503400874352e-01
5.042157982164702235e-01
5.037423221692887143e-01
5.032769546151032447e-01
5.032798795870234709e-01
5.038835433715361800e-01
5.038318269790877935e-01
5.047519411458154526e-01
5.040546783227115579e-01
