8.837169922516681098e-01
8.835727935065151861e-01
8.837861130531414755e-01
8.835713958124311596e-01
8.828844841473888483e-01
8.840293732011506034e-01
8.829304346204714937e-01
8.841569912189666258e-01
8.834769529541108835e-01
8.835591571552369183e-01
8.841621875755550919e-01
8.835169563633521461e-01
8.841446107751044226e-01
8.846400046170663778e-01
8.833186948964852903e-01
8.841748221002233565e-01
8.838560080820463405e-01
8.842348241008259890e-01
8.832490019223628863e-01
8.839381475936995969e-01
8.832136650395026045e-01
8.841516645528418872e-01
8.839688087451348375e-01
8.846093131590386793e-01
8.835584748510996178e-01
8.842386746559818267e-01
8.835959575956979783e-01
8.852300871683652650e-01
8.849158928915756839e-01
8.845831632620217988e-01
8.839049690384669367e-01
8.845087036770129529e-01
8.845482582268220373e-01
8.837123560831944280e-01
8.842090525211554475e-01
8.835847441964617133e-01
8.848557272132301366e-01
8.845230060333240107e-01
8.844743318647143582e-01
8.841453464954680541e-01
8.833076075878432132e-01
8.840391226917821976e-01
8.847075121230953965e-01
8.840286601122151477e-01
8.840249386442045054e-01
8.840918998646231097e-01
8.846176622563866054e-01
8.834810266868590167e-01
8.849735466835253472e-01
8.844359484297668050e-01
8.828244864650018897e-01
8.841601119594328928e-01
8.843928849789571833e-01
8.836009437157099633e-01
8.835902905497852178e-01
8.836902198324766422e-01
8.835286220252528411e-01
8.848676255644480904e-01
8.848660520179255640e-01
8.850437159888175920e-01
8.840538755950464456e-01
8.840290147965174095e-01
8.846857589568357660e-01
8.840110750089456015e-01
8.846856949835223416e-01
8.853002539371315205e-01
8.854193049064339460e-01
8.845718544448626375e-01
8.847884796387881501e-01
8.841470157398548801e-01
8.843689852932958839e-01
8.843310235763810478e-01
8.834130183408248627e-01
8.841422843205637427e-01
8.837897721945490170e-01
8.845496817686255842e-01
8.845963042408322430e-01
8.844506469721036268e-01
8.844264569446320667e-01
8.847866483330414367e-01
8.833741286932813574e-01
8.845164587100200482e-01
8.831096589689653165e-01
8.840701827801874524e-01
8.845789227750235906e-01
8.839340375214626011e-01
8.831209012706080497e-01
8.839083673585141909e-01
8.847310204098669528e-01
8.835807122478641640e-01
8.843022462416143537e-01
8.850292707162126238e-01
8.829999768673155724e-01
8.852955982702490623e-01
8.844490714326573855e-01
8.836769751322627320e-01
8.853341280213568032e-01
8.844116014388467839e-01
8.835173348370022328e-01
8.842220237016225060e-01
