3.627468979308216546e-01
3.655526962015652748e-01
3.636351886986292081e-01
3.644566452117055100e-01
3.646824807449593475e-01
3.639211258629622137e-01
3.645094957686792481e-01
3.639545283017451283e-01
3.647610929980719119e-01
3.653407700617611886e-01
3.641811323507293530e-01
3.648145726847359382e-01
3.655917951758238527e-01
3.639902428306572291e-01
3.648558436120216131e-01
3.635738630037606001e-01
3.640606777079912204e-01
3.655662627983693458e-01
3.649166300484564252e-01
3.641086694692620140e-01
3.639162692865639537e-01
3.630768429297805411e-01
3.651716836629655960e-01
3.646682264158001008e-01
3.638789470447979513e-01
3.634046757029458785e-01
3.634387453690977043e-01
3.637852202070077090e-01
3.641783319610893965e-01
3.639806454001822678e-01
3.646424033301733370e-01
3.636797199625244614e-01
3.648679100468409375e-01
3.645594991092208081e-01
3.650897371183128293e-01
3.647224185756188786e-01
3.641088133102499125e-01
3.642818163770116247e-01
3.656330560734018520e-01
3.651267245216266999e-01
3.642115557090036537e-01
3.651618176458966136e-01
3.641843726309940688e-01
3.647209965410189714e-01
3.636869228865887704e-01
3.647036197923655410e-01
3.640917917908594870e-01
3.657743023828032292e-01
3.639874860519966004e-01
3.644086994620372999e-01
3.659390945244604398e-01
3.642458339420348024e-01
3.650130503902656587e-01
3.652465514057312568e-01
3.642185682020300797e-01
3.627278166955782979e-01
3.638663979494217160e-01
3.643420485955496946e-01
3.654788849689720731e-01
3.644626779076853840e-01
3.647362881147473979e-01
3.651743323921334827e-01
3.650431565972229730e-01
3.648219098649470027e-01
3.642157704564215059e-01
3.646794942681855778e-01
3.642876129668898288e-01
3.640394970434868704e-01
3.640870600690230274e-01
3.659040972362627153e-01
3.652089569361558485e-01
3.643561318339751387e-01
3.633948360177912673e-01
3.637112564526586156e-01
3.639169584434427396e-01
3.643554840679801843e-01
3.648475536958213361e-01
3.643651150765331304e-01
3.632761165873028553e-01
3.641273398100243752e-01
3.655992580075919096e-01
3.642664471701219653e-01
3.644050207740762160e-01
3.649648604903302784e-01
3.637265299314326739e-01
3.640027476656246264e-01
3.637153826666140177e-01
3.644399488313180280e-01
3.638780770387692320e-01
3.642639894707788706e-01
3.632908851540541662e-01
3.639222293828257015e-01
3.652245988427829104e-01
3.648752250312011780e-01
3.638531531233764049e-01
3.641917323199920786e-01
3.645507222811552595e-01
3.640648087676228162e-01
3.640442711798163034e-01
3.647522612896958449e-01
