3.397928009849059405e-01
3.415872687093847171e-01
3.406199067797034408e-01
3.410834774250636192e-01
3.413078258173753987e-01
3.413573246019405705e-01
3.403956184545813279e-01
3.406265932990594214e-01
3.425225743471985163e-01
3.420005639949312837e-01
3.418229847435023672e-01
3.412167222506569120e-01
3.419802676077895454e-01
3.422511203154161574e-01
3.410669816004497923e-01
3.412767254295915320e-01
3.422410336713872514e-01
3.414886833080789663e-01
3.415856637016918551e-01
3.411703807945517530e-01
3.412885708163891918e-01
3.418467844922790100e-01
3.400349107599574539e-01
3.410147360584681042e-01
3.425417051704490179e-01
3.415692710736921156e-01
3.418693705818277584e-01
3.413511678439007380e-01
3.420844526158921539e-01
3.409676531572673475e-01
3.412496835354779101e-01
3.408563379344315969e-01
3.411845501575030415e-01
3.402460476374523091e-01
3.409919026870200653e-01
3.418301736103995236e-01
3.417637383384289906e-01
3.419342615924473305e-01
3.412838032463312854e-01
3.416348669663444304e-01
3.426747645985983581e-01
3.404849786722772276e-01
3.404840215897536049e-01
3.415653906794677286e-01
3.407801122903430513e-01
3.413434263478713482e-01
3.412263725836389150e-01
3.420973524542080813e-01
3.424119024666223421e-01
3.410222027319254612e-01
3.417585503363667065e-01
3.399070333481026274e-01
3.414858467134229136e-01
3.412560815282518201e-01
3.412525356402237864e-01
3.419043902982493721e-01
3.407069086521417045e-01
3.415339333069000727e-01
3.401615067434397011e-01
3.410982002482007003e-01
3.413194084304120857e-01
3.408661843849641881e-01
3.420757989739650062e-01
3.418674209102693373e-01
3.416294844808174802e-01
3.402320972480718519e-01
3.414272664625815912e-01
3.418372861707741350e-01
3.410432789025638622e-01
3.418611201918164144e-01
3.408467517716630146e-01
3.410310860173941805e-01
3.403279074686503258e-01
3.425954829482231734e-01
3.409135004144659975e-01
3.417547224362955660e-01
3.405624158242556709e-01
3.420084412594276424e-01
3.422464034338653649e-01
3.407296101357875640e-01
3.418903977623299895e-01
3.417319843745827423e-01
3.417795297107832919e-01
3.416913608592946350e-01
3.415551453824710038e-01
3.418698768778060115e-01
3.412731806895701325e-01
3.412181272116489583e-01
3.414149831017803116e-01
3.421184788003556743e-01
3.412223282894566445e-01
3.411726541457258399e-01
3.416203107010765128e-01
3.420536667972303158e-01
3.415865975148265621e-01
3.418567620937033036e-01
3.412946659719277021e-01
3.416824044426761686e-01
3.411776065446933681e-01
3.421903138936287503e-01
