1.257787690126972446e-01
1.270443516132423456e-01
1.274952655525889711e-01
1.277617733021440272e-01
1.280939129649434904e-01
1.270151628703090063e-01
1.278903764559655709e-01
1.275853839058875283e-01
1.280722525260512556e-01
1.271508814648879271e-01
1.275657331680082329e-01
1.271239591684521497e-01
1.280680377044082774e-01
1.265405075584169203e-01
1.277775007621642644e-01
1.276850665871184232e-01
1.274481560319613016e-01
1.282544777827125393e-01
1.267992270542055988e-01
1.276634176324909775e-01
1.275569816305472670e-01
1.279114506363326353e-01
1.273113189309489079e-01
1.270853525794620187e-01
1.269738007436231331e-01
1.271303995261715003e-01
1.270458579798685594e-01
1.280386838725481868e-01
1.277538553161162160e-01
1.271362539218969245e-01
1.273996428938153902e-01
1.285272378539432381e-01
1.270782362802795329e-01
1.275923510218720247e-01
1.281315984605430613e-01
1.281350281444346706e-01
1.273810509574507810e-01
1.280001637654830104e-01
1.280113977070023445e-01
1.273118295356280294e-01
1.270980353765687187e-01
1.274801307281344109e-01
1.280402267867514210e-01
1.275030973614049712e-01
1.268724943922382720e-01
1.287089751803384696e-01
1.279785552433942986e-01
1.265332174092378970e-01
1.268873572222570523e-01
1.285313435713752173e-01
1.269923974182210480e-01
1.275468271228278883e-01
1.279993802899249133e-01
1.270369620151513834e-01
1.273896602183255400e-01
1.275142866845286882e-01
1.276358307455069119e-01
1.270683413816921514e-01
1.280638630771308850e-01
1.258987848337823068e-01
1.278969919560922486e-01
1.281891417273824385e-01
1.276435103969789653e-01
1.277342167611063839e-01
1.289458917385390702e-01
1.282016303667476986e-01
1.280045238524421536e-01
1.276150397759450161e-01
1.265088968008505899e-01
1.285385088064106007e-01
1.278138838760410623e-01
1.272854357169112272e-01
1.272914785021057316e-01
1.279354089089296265e-01
1.276603215121305535e-01
1.274833249907476040e-01
1.277403957822342284e-01
1.276340665526630724e-01
1.282484382044740134e-01
1.279554576112983955e-01
1.288678677785209947e-01
1.282392175588356054e-01
1.266678875169569285e-01
1.272017414480782760e-01
1.280294623331491577e-01
1.274594815129138081e-01
1.280360244745440690e-01
1.281640558402807328e-01
1.275206915096355476e-01
1.279522184980236288e-01
1.282574720047561789e-01
1.287095036283268656e-01
1.267018004906187434e-01
1.280456238841568561e-01
1.272595841182480036e-01
1.283800335645167434e-01
1.278637721985937115e-01
1.276561078693164153e-01
1.271857153882494096e-01
1.278041586881617786e-01
