1.207313293135119509e-01
1.225333065481551686e-01
1.228458640106900035e-01
1.233878884229804296e-01
1.212793787634111331e-01
1.209214741386738790e-01
1.215071368051506423e-01
1.218040477246108422e-01
1.220143774642507978e-01
1.205748676771591643e-01
1.222664713381437507e-01
1.214027584216438443e-01
1.207537595983275980e-01
1.215190469248226407e-01
1.213297238396335298e-01
1.214264752280769938e-01
1.224002348985764876e-01
1.223581058501913010e-01
1.213810085238381381e-01
1.221622197398311155e-01
1.215453800317994743e-01
1.205747663345154153e-01
1.216708593355288748e-01
1.217701819883763303e-01
1.215608734855971179e-01
1.227216621991653323e-01
1.221695618003652561e-01
1.213747429866846445e-01
1.214544592056742978e-01
1.213576020630683094e-01
1.204796426084264044e-01
1.216809996093133062e-01
1.227604945741657128e-01
1.211605082700659142e-01
1.216145175754954344e-01
1.217681093968304984e-01
1.209158377002503143e-01
1.214432685772277865e-01
1.227349398470604924e-01
1.225570474744920868e-01
1.224929693701412026e-01
1.209063275322015685e-01
1.212615025362484000e-01
1.207378435995069554e-01
1.221212417366248915e-01
1.214580106346882238e-01
1.216404685701158728e-01
1.224688227294059850e-01
1.212165959689288364e-01
1.219739040717906509e-01
1.224967823320241844e-01
1.216285937618476198e-01
1.221387396832254585e-01
1.218689808056344914e-01
1.208534922595726202e-01
1.210337156990068386e-01
1.220350851552889915e-01
1.222759914496442946e-01
1.220272339803185613e-01
1.216279940180764602e-01
1.228211189513143953e-01
1.213127995514723390e-01
1.222351939188964093e-01
1.216854904544603377e-01
1.208673851707694480e-01
1.217363268507250795e-01
1.212360896704809121e-01
1.223373080563031207e-01
1.227405719312512217e-01
1.226796543555738195e-01
1.214620492108601513e-01
1.214069437100054327e-01
1.223105923282767071e-01
1.216232401365358873e-01
1.220343976729413443e-01
1.227605266813531354e-01
1.219748465210729327e-01
1.206387263764845119e-01
1.210910184227635689e-01
1.219467516913089189e-01
1.210589490831806975e-01
1.219009515868585969e-01
1.220617367402383469e-01
1.218566652995747845e-01
1.211538832709452701e-01
1.225981475947430371e-01
1.227681831336222829e-01
1.209875787084781912e-01
1.215671886579619138e-01
1.220694682096504502e-01
1.209129060792293875e-01
1.220268738022953631e-01
1.219091823573264510e-01
1.212709085875881415e-01
1.224515147622239619e-01
1.221830083386610116e-01
1.214395236976250347e-01
1.219941720361709669e-01
1.223773837961589506e-01
1.232039726138945412e-01
