8.699456163472601977e-02
8.817627004854891593e-02
8.889531781215895268e-02
8.845036452050883402e-02
8.814917447477249590e-02
8.799139631612140633e-02
8.759100043411724434e-02
8.874237484955962985e-02
8.779456935425256070e-02
8.923470672642834500e-02
8.778471497558093528e-02
8.805734833659939476e-02
8.816975609083696486e-02
8.858102443810864091e-02
9.002032187870784297e-02
8.817274670714762841e-02
8.649649585188938505e-02
8.946720643871043654e-02
8.824922562138536042e-02
8.734251405541999802e-02
8.901437691715152756e-02
8.791483665392374469e-02
8.872138164505652402e-02
8.863687403310609170e-02
8.821742107430610713e-02
8.914869059919479366e-02
8.883141924286649949e-02
8.950458420237986101e-02
8.775408846770951787e-02
8.898895313364796333e-02
8.804735196640001149e-02
8.893799110165800936e-02
8.809078157071692505e-02
8.809432804137802553e-02
8.758888751605117817e-02
8.758628017195559112e-02
8.813661994740309980e-02
8.827931192052967946e-02
8.840478642138172027e-02
8.729651580640998554e-02
8.936694753185285556e-02
8.838010462118320310e-02
8.855989392441247776e-02
8.902364116333685851e-02
8.869556389640248506e-02
8.909837072774727529e-02
8.968472038323881124e-02
8.738704668194263725e-02
8.818346866920159788e-02
8.871682089171434304e-02
8.846082088756410111e-02
8.692100390120530151e-02
8.838183807278372772e-02
8.970603846631408640e-02
8.740997605685388305e-02
8.835593781158454507e-02
8.786498256409128182e-02
8.774287781285339261e-02
8.762877805155619426e-02
8.887049264686423811e-02
8.874286858715155213e-02
8.832196244299375665e-02
8.843844911974954592e-02
8.935179888126112968e-02
8.819936174811743301e-02
8.868200852342282559e-02
8.816486866701239711e-02
8.783513799966687075e-02
9.047793339370902022e-02
8.910272700319009365e-02
8.834255196181091396e-02
8.726097431498133772e-02
8.744697003676414615e-02
8.788951171683681562e-02
8.896316421124714213e-02
8.785395565343739888e-02
8.897428695361631057e-02
8.849672411244276227e-02
8.936102346272704888e-02
8.878500723246172954e-02
8.727443273406856883e-02
8.785576046227044911e-02
8.850276252530267507e-02
8.924121979788335324e-02
8.828170847846730784e-02
8.815431929547361267e-02
8.951690584215515889e-02
8.845233105849559241e-02
8.911182565208702888e-02
8.908147405129292207e-02
8.882703522654501749e-02
8.805667186877183528e-02
8.801563548401999948e-02
8.809672428970963254e-02
8.810755030925973563e-02
8.828854925948700916e-02
8.970536449413898938e-02
8.799563345445113316e-02
8.816126817285729889e-02
8.881565033514381147e-02
