4.531885675431477356e-01
4.543738099254407414e-01
4.553158946460946765e-01
4.544600623061761380e-01
4.540438608285614075e-01
4.550818809635760465e-01
4.542034189200732097e-01
4.550236504408891602e-01
4.543999116809505079e-01
4.545158394985041039e-01
4.557395677785937571e-01
4.547621782218972397e-01
4.554247128175394899e-01
4.537124889099491964e-01
4.549572702214925157e-01
4.538496647733742395e-01
4.549409237999454403e-01
4.540502145493349739e-01
4.537205488895543759e-01
4.551883096464965917e-01
4.547411999537116500e-01
4.537814929319455848e-01
4.549829775780047658e-01
4.548684567953176217e-01
4.544786668838693422e-01
4.551418723396735699e-01
4.538069792642840383e-01
4.548310030799898596e-01
4.543145953447318419e-01
4.541365968475301051e-01
4.548546042282455848e-01
4.542175170059110645e-01
4.548210100205558049e-01
4.539796054317710161e-01
4.543563778756295468e-01
4.547782150044606952e-01
4.550432630209677032e-01
4.544829950485654857e-01
4.551482977395392426e-01
4.539719784391325619e-01
4.551506964602762273e-01
4.545616489599679788e-01
4.546217313381146763e-01
4.549620501263973993e-01
4.548531135881186405e-01
4.540423877786716744e-01
4.536712529370098279e-01
4.539038951192757576e-01
4.545729956617899914e-01
4.544485453596874835e-01
4.535931058486759593e-01
4.546093889857518722e-01
4.549047229762646638e-01
4.548089994208897036e-01
4.538050487293515123e-01
4.539716686637931820e-01
4.541277046896685654e-01
4.532111502663885294e-01
4.544393125926258215e-01
4.542232945940845035e-01
4.545949376132920605e-01
4.551547642202649069e-01
4.532598869987797263e-01
4.546995855448267010e-01
4.530154253101551509e-01
4.550315732158296544e-01
4.554684404937914266e-01
4.543985583190075506e-01
4.536886333430784068e-01
4.541332565223257234e-01
4.548111575789544059e-01
4.554424675013139523e-01
4.545252986742717161e-01
4.545666087786821019e-01
4.548391802572352427e-01
4.546471616785574543e-01
4.538866066168687485e-01
4.538853130862506302e-01
4.541698751658609368e-01
4.552578934210982364e-01
4.554965993790183187e-01
4.553212400352091294e-01
4.543726343924845423e-01
4.538476365080854613e-01
4.551584360292538767e-01
4.539508377813009643e-01
4.541720271463519643e-01
4.542998115964738681e-01
4.547774443980079906e-01
4.544038373997948965e-01
4.549889028210246655e-01
4.543900640615238240e-01
4.549056086904493257e-01
4.544494938492197322e-01
4.543575403725026440e-01
4.545954963689039507e-01
4.551635066756333781e-01
4.544424814726200079e-01
4.547771398826825351e-01
4.542463082097341620e-01
