4.181054835627338040e-01
4.186702661122229108e-01
4.173314387309965401e-01
4.185212062788015164e-01
4.178501321173432870e-01
4.177905114006493781e-01
4.187481251400743121e-01
4.185159712411370969e-01
4.177094044762336145e-01
4.181444912637916067e-01
4.183434061814388927e-01
4.189230623565610712e-01
4.189980677385857222e-01
4.188558526245433344e-01
4.191279887628546197e-01
4.194284191652122296e-01
4.188853513408587470e-01
4.183481817325334085e-01
4.198405984753149633e-01
4.176619193920709794e-01
4.184694230507988166e-01
4.184617170711577017e-01
4.188455314564304421e-01
4.172513014264451758e-01
4.179435744935294239e-01
4.186464894620754995e-01
4.180053853526794483e-01
4.182078442550863917e-01
4.177051800481484944e-01
4.177313578887361101e-01
4.187918712657336950e-01
4.194581268673479579e-01
4.197174727471602584e-01
4.180374981295301717e-01
4.182490359502843980e-01
4.176235400425047373e-01
4.189433889890578633e-01
4.175998719977593865e-01
4.184370463596391310e-01
4.183843094040320953e-01
4.181372006362972238e-01
4.175908114873292387e-01
4.178969552024698331e-01
4.179063455123381288e-01
4.195757379957170130e-01
4.200046779892022131e-01
4.184750966730919064e-01
4.179672544377737164e-01
4.192076754854894283e-01
4.191310893915342617e-01
4.179497207153186622e-01
4.189239914024168177e-01
4.181591549606861191e-01
4.188604275443852387e-01
4.194091119164116144e-01
4.176820440976508619e-01
4.192520821140344189e-01
4.182016429451369532e-01
4.183733316128097623e-01
4.181436018138613431e-01
4.182891625715010608e-01
4.178767440661061983e-01
4.182510594597977360e-01
4.179891374849210584e-01
4.177011033146555419e-01
4.188176148376371311e-01
4.187869242797027103e-01
4.178157848154514520e-01
4.182322556048236883e-01
4.192351701697745181e-01
4.193190082650931627e-01
4.187637578179359554e-01
4.188028924498458094e-01
4.188340109148101509e-01
4.186061880680397862e-01
4.183229691588382648e-01
4.197107363702877181e-01
4.192285097090909796e-01
4.177978123428049972e-01
4.175532314047086246e-01
4.192240500500256095e-01
4.183130531795909435e-01
4.189357734513601828e-01
4.177796506453135272e-01
4.187140846020672158e-01
4.181305440631924997e-01
4.188626489769654015e-01
4.193008271094312289e-01
4.183156876044251682e-01
4.194442128947984960e-01
4.177982779745159636e-01
4.184274174170866667e-01
4.177184283091548989e-01
4.177759353711539836e-01
4.186829911300425922e-01
4.186978934443696954e-01
4.178251931241362960e-01
4.186734853095642750e-01
4.188707263021256288e-01
4.185851366910764426e-01
