6.113944698000429723e-01
6.112601332714326929e-01
6.118752156582968338e-01
6.111985594355197060e-01
6.124867061506846788e-01
6.120173447658876498e-01
6.105986760476667108e-01
6.121891211595670290e-01
6.119856023840253290e-01
6.123003629009670101e-01
6.114188086886886975e-01
6.119627535897034232e-01
6.111974371097170788e-01
6.112379275047135074e-01
6.108570245081013095e-01
6.113370470124468437e-01
6.111628721314621426e-01
6.120971122516261076e-01
6.106482539259402431e-01
6.120022898309628312e-01
6.116256951927070418e-01
6.121511512035624492e-01
6.122965038873190435e-01
6.116672496990680497e-01
6.113140379063084495e-01
6.104084309405857223e-01
6.117208913983493979e-01
6.116512557172159026e-01
6.112117877362974738e-01
6.110283310719607508e-01
6.115919868034319640e-01
6.117209618317909214e-01
6.112821829150905106e-01
6.114662161165915766e-01
6.113416142504929374e-01
6.097655038676801365e-01
6.104479951003518590e-01
6.106552107438307786e-01
6.122527000980794165e-01
6.118314633437514916e-01
6.110026514452602253e-01
6.120181987599387918e-01
6.117583759862097459e-01
6.122114232967071912e-01
6.119130150187402917e-01
6.118838149166048179e-01
6.118276468230859910e-01
6.119570995651387735e-01
6.112949181188116476e-01
6.114607796388219496e-01
6.112492766138288847e-01
6.119206307404689849e-01
6.124697526129110337e-01
6.118310598928199395e-01
6.114172585179630248e-01
6.112195564013821469e-01
6.113939945825088706e-01
6.104567691228890425e-01
6.122259840721011592e-01
6.102156846939830181e-01
6.108988967257760194e-01
6.114083739209767998e-01
6.116593473634386324e-01
6.105456670167078714e-01
6.107231412265488046e-01
6.122604742050019588e-01
6.111400919304230683e-01
6.109564801318856375e-01
6.112857490236689451e-01
6.116230924078398523e-01
6.107856058062206550e-01
6.108498778005304608e-01
6.128599700261647687e-01
6.110248223821577174e-01
6.109645108183356932e-01
6.108507783217513865e-01
6.108464765712504629e-01
6.121016580505503901e-01
6.110392916097865390e-01
6.108945854451619528e-01
6.105896296942172619e-01
6.126784863239189693e-01
6.108890470701939801e-01
6.117821352310428562e-01
6.118030782340769802e-01
6.112653098898054305e-01
6.118309453204962001e-01
6.108924030644706793e-01
6.117565385529732946e-01
6.114792869533092201e-01
6.118668148658201744e-01
6.107260217678682768e-01
6.105103941260565659e-01
6.109660296639793930e-01
6.115111197053693104e-01
6.107970682014941533e-01
6.109668387734681350e-01
6.120780571728932085e-01
6.125904179350751821e-01
6.118762398997736884e-01
