2.874008098452310311e-02
2.920261458309426211e-02
2.922333019939500620e-02
2.952670257286588162e-02
2.901994944855737155e-02
2.870257412154698234e-02
2.898340239126138626e-02
2.913271853582113241e-02
2.863497329192619956e-02
3.021361394554271385e-02
2.962451724026576166e-02
2.970221318298417804e-02
2.901388893258151705e-02
2.937512709875072028e-02
2.995899385352345998e-02
2.951703770703222041e-02
2.963279178006289483e-02
2.885204371237444498e-02
2.914349941326765947e-02
2.940009891251997229e-02
2.846308728420364476e-02
2.974010775827963179e-02
2.847679306890704698e-02
2.969743019717291377e-02
2.970005425004107816e-02
3.062135583697006211e-02
2.872310480888516648e-02
2.844032440747480683e-02
2.920429151070615126e-02
3.017736600079710951e-02
3.001470923855454470e-02
2.887762764633102289e-02
2.856241702585743392e-02
2.992055923600860437e-02
2.901279710845755880e-02
2.996938376439262086e-02
2.922030701845022144e-02
2.978332579670277258e-02
2.870286928479853783e-02
2.943746265338291479e-02
2.950803959265486942e-02
2.982911071234612549e-02
2.949043117679227624e-02
2.951061738211599450e-02
3.058860186170188344e-02
2.902758617603688751e-02
2.900887885742842523e-02
2.987690367551822102e-02
3.056269891611945733e-02
2.917113054397386246e-02
2.921947475886668699e-02
3.007516030745695235e-02
2.956432723046684141e-02
2.960100265950020917e-02
2.957359733166844973e-02
2.905735477390625210e-02
2.942394678604797614e-02
3.015397761296498627e-02
2.916588597333910973e-02
2.922997945552340340e-02
2.964872548929373824e-02
2.859452257590370736e-02
2.986541823357996908e-02
2.914610304994037435e-02
3.018621930541626197e-02
3.030687093669105769e-02
2.958531944162882954e-02
2.941211956560095542e-02
2.945517218715965058e-02
2.972277975780579506e-02
2.954195909413687149e-02
2.907645959980739714e-02
2.914657175497436387e-02
2.931743099891728419e-02
2.986427548030568674e-02
2.935184352413389847e-02
2.965264577515141012e-02
2.900894329244892156e-02
2.834039645599336493e-02
2.859402029233327341e-02
2.942769880269579391e-02
2.921311773058093975e-02
2.961235008280260761e-02
2.917942361873373386e-02
2.941346715050469768e-02
2.954179628570560712e-02
2.871017724505921243e-02
2.946700456416255151e-02
2.931515865555987810e-02
3.038021929080191030e-02
2.947566559700599831e-02
2.978972949466677025e-02
3.034535978828181366e-02
2.870868528045073323e-02
2.987497583834728548e-02
3.050640686306750962e-02
2.924647562362715780e-02
2.903372746568710916e-02
2.913422050169970842e-02
2.975511706443328963e-02
