9.466429279366078697e-01
9.478788157508692969e-01
9.484604449761582234e-01
9.481187769496989270e-01
9.475701094907307276e-01
9.492061562223850224e-01
9.475736615711638500e-01
9.469151291321236119e-01
9.479881430461021274e-01
9.482796224660643425e-01
9.476660050214862352e-01
9.477642580987817311e-01
9.486285359457763411e-01
9.474226774748184532e-01
9.478328635555904880e-01
9.478168884654497583e-01
9.486608637435194336e-01
9.474206559591731303e-01
9.480109566280119360e-01
9.471098032854654569e-01
9.485636392652098126e-01
9.466018834122427172e-01
9.466553164713225055e-01
9.478208478430916184e-01
9.469205036007246612e-01
9.476033091926141516e-01
9.469655884441383620e-01
9.475220612952494070e-01
9.468594311863887114e-01
9.479398115497247312e-01
9.476215337423248286e-01
9.473866088070813651e-01
9.464464199640056918e-01
9.473442667400094885e-01
9.471145427113020210e-01
9.470096999352953793e-01
9.475910163516940710e-01
9.465980969639821163e-01
9.479310368697264622e-01
9.475097242564247679e-01
9.470502297802636527e-01
9.468299064392027287e-01
9.477810067784930848e-01
9.467254158217253135e-01
9.466050381602549857e-01
9.472585689454297020e-01
9.463959810011428608e-01
9.467554247323473060e-01
9.472986742232277768e-01
9.481242619100404001e-01
9.486852095494102688e-01
9.480372594957734433e-01
9.470344517537085949e-01
9.471518258857744010e-01
9.465046190332763176e-01
9.468517003170586754e-01
9.474575940060161461e-01
9.477621684831244453e-01
9.461709083774241247e-01
9.470373609666958847e-01
9.468878374429829936e-01
9.473849819448627585e-01
9.462761297753634615e-01
9.476290704976735313e-01
9.471178230762924422e-01
9.471157859968317716e-01
9.478342273039963573e-01
9.482001412853964251e-01
9.475081177258009024e-01
9.467307337437584902e-01
9.472794748941992804e-01
9.468237076215142434e-01
9.477127727679743874e-01
9.477144651840248013e-01
9.474278145448697952e-01
9.474528676447533382e-01
9.468102710792567489e-01
9.459078194183527799e-01
9.483069501337841878e-01
9.479648870724315390e-01
9.468267608671445679e-01
9.464014473702365704e-01
9.477337247792054775e-01
9.474829227502962192e-01
9.468570312451722870e-01
9.476306195688336542e-01
9.483511308663918893e-01
9.468479377022036569e-01
9.477684713191427690e-01
9.472461417806420370e-01
9.484205034479934460e-01
9.471184389144634563e-01
9.473834161918023300e-01
9.467374104756396402e-01
9.475978324243587991e-01
9.478452807157240478e-01
9.465315893302297390e-01
9.479928702145278274e-01
9.472088295957596937e-01
9.476323024320134625e-01
