8.748228339829215994e-01
8.752564847854200636e-01
8.749561770230004365e-01
8.750049771205439253e-01
8.768553831902272666e-01
8.747626762127410638e-01
8.748019339235202363e-01
8.752430944207021390e-01
8.761477382345148612e-01
8.753935748221692847e-01
8.754426840906384122e-01
8.758576352470326398e-01
8.757704303351824260e-01
8.754583684956654954e-01
8.758963414537871417e-01
8.765308989831531727e-01
8.754482759127257818e-01
8.757051645714957200e-01
8.760271365211727002e-01
8.757427630294050136e-01
8.762759476945398696e-01
8.749264154973084295e-01
8.763876817722608958e-01
8.755436763016760660e-01
8.753409499424320561e-01
8.753451016945006380e-01
8.759392947656675643e-01
8.754418539041393110e-01
8.763569731755712633e-01
8.752989732285405555e-01
8.759382314438427519e-01
8.749323536642135135e-01
8.747605179139762432e-01
8.763395615617888268e-01
8.766563547935843914e-01
8.763530314859492298e-01
8.758897275545999284e-01
8.755116652766372631e-01
8.740788179147638282e-01
8.750437057167077537e-01
8.753512387557735863e-01
8.760484642489663187e-01
8.765683619233419765e-01
8.755908380121351087e-01
8.751871702501414774e-01
8.768853624667913849e-01
8.761034180250879544e-01
8.767102800839169374e-01
8.754178383476608483e-01
8.761794118181460700e-01
8.766167099859609735e-01
8.768067564526064173e-01
8.775261620396729301e-01
8.758840951941122555e-01
8.767052704006332853e-01
8.759235231609454608e-01
8.762884853244301553e-01
8.759896575687589060e-01
8.758390932500765835e-01
8.760210834101969102e-01
8.752821138187365513e-01
8.767732301569344244e-01
8.753654190292875503e-01
8.755028978074879120e-01
8.761896472962011906e-01
8.762554067018502035e-01
8.757265508652044561e-01
8.763736465741818193e-01
8.755004929992757923e-01
8.769083464548337314e-01
8.745303142119439377e-01
8.759550585716662230e-01
8.763002985064303196e-01
8.756161284648211751e-01
8.758434872612579358e-01
8.756390950503794013e-01
8.767316051384734799e-01
8.770171725238810057e-01
8.758353069685056447e-01
8.749983768345356294e-01
8.752511730805705437e-01
8.756011475661591437e-01
8.749020893885461891e-01
8.761434927895139779e-01
8.761517466635693197e-01
8.765833581057007606e-01
8.750432128694329847e-01
8.762587960669750986e-01
8.769923753433856994e-01
8.755370668408593016e-01
8.751483515704906457e-01
8.755648675121876501e-01
8.750599741360056694e-01
8.754441136113964017e-01
8.759086074380083575e-01
8.753517056466624258e-01
8.765396292214764351e-01
8.752937955130982717e-01
8.760114009242865318e-01
8.755455717066062959e-01
