1.760888303400770516e-01
1.769623879481798112e-01
1.778897075866446298e-01
1.776668567019976108e-01
1.778987026455845777e-01
1.769678479654029912e-01
1.770090260128897308e-01
1.767601060022078729e-01
1.776256934226801976e-01
1.766662085080877576e-01
1.769173542369955887e-01
1.770468480367717867e-01
1.781442982389021823e-01
1.773031995104984715e-01
1.765259957042740746e-01
1.764448029304589438e-01
1.764839929781826244e-01
1.758545795799421607e-01
1.763415828858432843e-01
1.762264393109390093e-01
1.776954244972425712e-01
1.766363453641951464e-01
1.762177462687784524e-01
1.775771344687780418e-01
1.765377389145453002e-01
1.776753539325051645e-01
1.766343258247287940e-01
1.767012397565990711e-01
1.761837306158995919e-01
1.763837746484137048e-01
1.762349425547852233e-01
1.767125810947884623e-01
1.777412168688578264e-01
1.777102426820877379e-01
1.767135310608788645e-01
1.767742389465067898e-01
1.766275063261125156e-01
1.773644391978995705e-01
1.770682518708773800e-01
1.769779694807084025e-01
1.774656208531228130e-01
1.769068507489549580e-01
1.767579665770079023e-01
1.770061521034196617e-01
1.770828108121725863e-01
1.761367172831336259e-01
1.761678338593931914e-01
1.772880816088270584e-01
1.766994258575611543e-01
1.767145884868626948e-01
1.766851130087997990e-01
1.764470033842715502e-01
1.765103733882134596e-01
1.782868201503323147e-01
1.769044070712997851e-01
1.776235117491097582e-01
1.768761138033363434e-01
1.774412225044768032e-01
1.765650880948892443e-01
1.758724118010072945e-01
1.757498877797596393e-01
1.767479832689929087e-01
1.767098056876066359e-01
1.766639785240315674e-01
1.764397275090835437e-01
1.768018887965673025e-01
1.769539874715621575e-01
1.762169490100125024e-01
1.772402805735097397e-01
1.763897731220187559e-01
1.761899994270954284e-01
1.772759669178075315e-01
1.770753130041905765e-01
1.779625599592838670e-01
1.772811233983471457e-01
1.779142177463213792e-01
1.785559704486686106e-01
1.770915042708294806e-01
1.755035437443603907e-01
1.758539025716842619e-01
1.764277012268307132e-01
1.765526235625821116e-01
1.761158547037015576e-01
1.771407634101920814e-01
1.766024167516424270e-01
1.763704548037315356e-01
1.765960744212435041e-01
1.777634713190230087e-01
1.766957931804536419e-01
1.771111871726520626e-01
1.776960645224017199e-01
1.768962730694145224e-01
1.757795511207340955e-01
1.766240908538753984e-01
1.764466619461258212e-01
1.766192790383238620e-01
1.761955926517999871e-01
1.775713225090540526e-01
1.771544826446791732e-01
1.764663646038663880e-01
