6.402695629134362854e-01
6.402588160451133659e-01
6.400951127679299635e-01
6.400480442430191985e-01
6.411958005802426142e-01
6.409925675505615539e-01
6.401147524831555247e-01
6.400997916200459326e-01
6.416367673464734578e-01
6.398210146843124058e-01
6.397291303122447648e-01
6.405600564732413238e-01
6.401547730147065796e-01
6.404965906389467056e-01
6.403775183544573313e-01
6.419884153064157051e-01
6.403742942912757918e-01
6.404543612447991530e-01
6.405353643894413640e-01
6.391465791122727946e-01
6.404866995702912513e-01
6.400558861557790191e-01
6.408313478502171145e-01
6.407149566110479366e-01
6.412582389436021213e-01
6.415574768085019475e-01
6.396396175168661546e-01
6.402108320562027721e-01
6.406470079194968026e-01
6.407395873130661279e-01
6.404746681900741478e-01
6.399833185494627763e-01
6.403349638576152358e-01
6.404498133581691954e-01
6.407771504005712604e-01
6.404903968853912222e-01
6.399749663381821829e-01
6.408357128842097072e-01
6.407163730666869395e-01
6.399291395080655143e-01
6.408718733283755853e-01
6.397349120473845296e-01
6.403062720442291855e-01
6.407004419313682142e-01
6.403268004579016903e-01
6.406334038389833729e-01
6.413749304617184510e-01
6.405098133170397112e-01
6.407061966468470260e-01
6.408657398595135612e-01
6.404735113048574124e-01
6.405644269837025284e-01
6.412579636079694945e-01
6.410573066006035603e-01
6.394081259421149355e-01
6.401138369610301915e-01
6.400110229558231278e-01
6.395495411334697344e-01
6.409488948137942455e-01
6.400367427358154560e-01
6.405246196067834186e-01
6.407813994355506804e-01
6.411723847040811108e-01
6.408942918981748171e-01
6.425105436750896404e-01
6.399301518682801726e-01
6.410529712196326724e-01
6.411114945636781082e-01
6.400835554454437082e-01
6.406837157114158021e-01
6.407771384692778627e-01
6.410132395258583138e-01
6.402393530017300716e-01
6.404540975185997187e-01
6.396063693358994273e-01
6.399977471659781258e-01
6.394269316087710653e-01
6.400078089129146441e-01
6.399067175526229612e-01
6.408903187300648563e-01
6.398699087893238158e-01
6.411722324376476490e-01
6.405302311260101522e-01
6.397929010258910365e-01
6.400034096102660275e-01
6.410984877286208805e-01
6.402670231670802847e-01
6.408157953286688358e-01
6.415036630514608929e-01
6.407525791137392845e-01
6.402917711257563038e-01
6.396696651511430964e-01
6.390030748916809555e-01
6.402829112287190538e-01
6.397755846492618748e-01
6.396709829614893872e-01
6.408884833270256376e-01
6.403582597185093483e-01
6.403875622933563605e-01
6.405764548140342463e-01
