9.350483826620289429e-01
9.363058550583960304e-01
9.365104203929222049e-01
9.356574501901677721e-01
9.350747577043776460e-01
9.352722049561253970e-01
9.347657620730153161e-01
9.359577037473192362e-01
9.356016790329038102e-01
9.371727447274332823e-01
9.357777942567291340e-01
9.348050187840306613e-01
9.357119905013641104e-01
9.361762523311187856e-01
9.354798674381712420e-01
9.359122038174271241e-01
9.358464924183834688e-01
9.362966510597692249e-01
9.358207303791468146e-01
9.359379026235160604e-01
9.352882907461437245e-01
9.356059872834164848e-01
9.348464320353773171e-01
9.350753651613339379e-01
9.351674316301981094e-01
9.357514311060117773e-01
9.353962450582427035e-01
9.352445018983088776e-01
9.357451965991110399e-01
9.348922902748628694e-01
9.357565464543238232e-01
9.351225573805639346e-01
9.357134015011109307e-01
9.351712162800027706e-01
9.360732749289011334e-01
9.354178354920416050e-01
9.356865116127458526e-01
9.351771542599951470e-01
9.353821238133669391e-01
9.368791650929186865e-01
9.361979361740597749e-01
9.355339503734909634e-01
9.352835582670445680e-01
9.356322666798937426e-01
9.364763701690660413e-01
9.359182127727622147e-01
9.354203952850237425e-01
9.356545049245474921e-01
9.352469525780275905e-01
9.354683950177231644e-01
9.356152875817180803e-01
9.353321275110895172e-01
9.364384564215693096e-01
9.363083200758810509e-01
9.356645383461239529e-01
9.349266485029348317e-01
9.344791080391754434e-01
9.359281237648910956e-01
9.348946506892028552e-01
9.358111054949812546e-01
9.354594888417000487e-01
9.368354894601911287e-01
9.359293143935601966e-01
9.354065740193933109e-01
9.359490358440489821e-01
9.351642670944049218e-01
9.363807535018167094e-01
9.355311117895888096e-01
9.363850130236777147e-01
9.357105539646743964e-01
9.351090745495165280e-01
9.365476259701429607e-01
9.359225560427346657e-01
9.361568488681510924e-01
9.345587633130822969e-01
9.356449702251541378e-01
9.363130424933095997e-01
9.362336934245547582e-01
9.356817593078103901e-01
9.346294942457802346e-01
9.350300363903367717e-01
9.364406307254889983e-01
9.355487969453604169e-01
9.357855076532555216e-01
9.350659449373932564e-01
9.360020801676636193e-01
9.349345144499692228e-01
9.356750422666960665e-01
9.356047031558376581e-01
9.358606118833431298e-01
9.353324119229022848e-01
9.354953650362354267e-01
9.361728297110945007e-01
9.358056692317218150e-01
9.356339881237742961e-01
9.356299293136037809e-01
9.358288229088835841e-01
9.353211081425607532e-01
9.357629309701576137e-01
9.361719353937176802e-01
