9.344291558048360979e-01
9.353707951182348435e-01
9.346933932648474608e-01
9.344497386992101085e-01
9.340922506151875249e-01
9.352432960504731829e-01
9.352894388400566639e-01
9.327404154505176681e-01
9.350681218217057333e-01
9.339704672594583146e-01
9.336697221552500148e-01
9.349806382380336789e-01
9.346229305290769673e-01
9.345752480358562320e-01
9.336820916881127808e-01
9.342438226438780635e-01
9.350125746857780307e-01
9.347986365041152101e-01
9.358511257495971680e-01
9.343034331368985645e-01
9.343387113845524894e-01
9.344028421374284132e-01
9.342306733056419121e-01
9.347128612298196693e-01
9.347065832771046523e-01
9.335806205498489163e-01
9.347880692428361948e-01
9.355170863949675564e-01
9.351160529887303507e-01
9.334964086704009567e-01
9.344099796834903771e-01
9.348849172167609245e-01
9.348461418052891325e-01
9.338908644515908630e-01
9.347183338460118840e-01
9.345250325465381813e-01
9.343076917473802645e-01
9.350747012080911080e-01
9.343010738096619860e-01
9.347846192788369368e-01
9.351857633463771524e-01
9.340362309171309496e-01
9.353405916734709447e-01
9.345500645837463427e-01
9.340872069740677741e-01
9.353360000923061079e-01
9.349454330774985555e-01
9.353313852641762516e-01
9.340703695255860861e-01
9.345786130257374147e-01
9.352607073563954376e-01
9.351217497828765435e-01
9.359584066165803629e-01
9.347044604783250055e-01
9.347735523953186743e-01
9.352752147228666768e-01
9.341322588321891995e-01
9.347744643943524112e-01
9.331942372979746825e-01
9.341478298100736044e-01
9.343428390652155358e-01
9.333652654441004781e-01
9.347277348940933317e-01
9.344178787645680551e-01
9.340543424790006544e-01
9.341595417544279467e-01
9.332536043661709968e-01
9.350470700704034410e-01
9.352938324081166988e-01
9.350581877585686374e-01
9.344153397601997479e-01
9.336237506171833900e-01
9.346218402349417698e-01
9.346924567231646996e-01
9.354380136291686743e-01
9.347584678677542946e-01
9.339696988931365240e-01
9.343619410289840665e-01
9.347827730359461462e-01
9.353913642341129542e-01
9.349990466888260521e-01
9.339565758532590856e-01
9.345047238086123809e-01
9.346871243269219143e-01
9.342845432482494994e-01
9.339091143886369961e-01
9.341460608712061076e-01
9.351359994662685748e-01
9.342950225636734718e-01
9.347988025598867878e-01
9.347138331230846475e-01
9.351907288656048367e-01
9.351865825293421697e-01
9.344534114797293789e-01
9.354314104895529169e-01
9.349458221430801963e-01
9.343576799048478598e-01
9.340707422422486195e-01
9.345301566789974146e-01
9.354264866738473128e-01
