2.906567591139303519e-01
2.919159531503659477e-01
2.926962936596156362e-01
2.922909302624165928e-01
2.920971216638681422e-01
2.917724993599986050e-01
2.923893014269533519e-01
2.921802803851933361e-01
2.924976916489903100e-01
2.916313026444838918e-01
2.931730952506275689e-01
2.929845987275991326e-01
2.926050543228295719e-01
2.923639361140210613e-01
2.929618996198186665e-01
2.923743071488603684e-01
2.920986394467507408e-01
2.929405738721829744e-01
2.943366261700821052e-01
2.929452458406566762e-01
2.919029910022337693e-01
2.926324524721432563e-01
2.916668017030222271e-01
2.912668108301669778e-01
2.919052829979367214e-01
2.929530288132096150e-01
2.927552789938527300e-01
2.922851918533821980e-01
2.928260303467224990e-01
2.907449325668886586e-01
2.928194051954861599e-01
2.933016675380133442e-01
2.920427529428458735e-01
2.921251792905785183e-01
2.919563113768066653e-01
2.920501750305132260e-01
2.910222595856881145e-01
2.926868606864923006e-01
2.919574639114775327e-01
2.934822837327149547e-01
2.917741906298449983e-01
2.921702217931457790e-01
2.926317603530190770e-01
2.928033505832851602e-01
2.924354870443219845e-01
2.930670906934353948e-01
2.917283942121442486e-01
2.936207244953765172e-01
2.935370140313824372e-01
2.924683529210706512e-01
2.922260313716216196e-01
2.924245716060057121e-01
2.921526561165945779e-01
2.924563498273185513e-01
2.919426989666694672e-01
2.915316765510155839e-01
2.915618878893817545e-01
2.921108854840882563e-01
2.917479125990772304e-01
2.928942709063723226e-01
2.920921297011547235e-01
2.924840021304244142e-01
2.918871575702830512e-01
2.927932867035830666e-01
2.929161425232980620e-01
2.930041783416388324e-01
2.927528664636386835e-01
2.926041823222509386e-01
2.929510492848516057e-01
2.920481034680381671e-01
2.929346336384904825e-01
2.909843290868517340e-01
2.913942932323393409e-01
2.933545533824844509e-01
2.917748509745929919e-01
2.919986917809525573e-01
2.938624725672781546e-01
2.919644560633183339e-01
2.927213848136583363e-01
2.922201891860303213e-01
2.925016725154874209e-01
2.917154917153414462e-01
2.920210049880369585e-01
2.927459757433173992e-01
2.916818366577811905e-01
2.915684100212346253e-01
2.916162278211127945e-01
2.930324655599534367e-01
2.930324209585731254e-01
2.917405629651355081e-01
2.914486845770046242e-01
2.935843298838625159e-01
2.911259960526086377e-01
2.939018093903081885e-01
2.920441752968078730e-01
2.912587299999361834e-01
2.923978681512087729e-01
2.920025862784127457e-01
2.909705525010788385e-01
2.917153292977467394e-01
