6.296773866067275627e-01
6.306459648210309687e-01
6.298849050587341791e-01
6.302027923882389526e-01
6.309440858317002521e-01
6.310490386874784141e-01
6.313263374079973733e-01
6.309400074265671954e-01
6.298021206170185682e-01
6.320848918144085227e-01
6.315666113813325211e-01
6.312142286620915366e-01
6.302867378418358646e-01
6.322075786524099517e-01
6.312991972781729633e-01
6.309143750766827985e-01
6.310965489630028236e-01
6.300083782233805163e-01
6.302814239706611144e-01
6.310891054170695291e-01
6.301479145445183505e-01
6.304226700694591790e-01
6.311149194914154048e-01
6.308941854756215939e-01
6.297220310427009693e-01
6.313592145037129066e-01
6.296374575116616690e-01
6.298111754864685885e-01
6.298093721681725654e-01
6.304203393300876757e-01
6.310423306837641411e-01
6.305009131875695116e-01
6.296749752118423471e-01
6.302981230360544807e-01
6.300777266975616797e-01
6.297811623138038772e-01
6.298431303676577109e-01
6.297840531992516810e-01
6.299100513357940301e-01
6.314240308685180603e-01
6.306912963873447797e-01
6.304799397946655448e-01
6.304893362733978712e-01
6.295231178567084473e-01
6.315595305940213677e-01
6.303626784651267245e-01
6.298556961239787366e-01
6.307374992104779476e-01
6.298134625123817942e-01
6.310447929822262658e-01
6.310571954531267735e-01
6.310081421930991974e-01
6.305905357689516322e-01
6.310519532682651311e-01
6.303650904896400675e-01
6.302216574009269490e-01
6.309023544035907705e-01
6.297878005779803390e-01
6.301150077314616738e-01
6.298866449305449144e-01
6.302890375077115914e-01
6.305864636829267011e-01
6.298350768367904084e-01
6.298890615545776894e-01
6.308324903572934961e-01
6.311745686515158882e-01
6.305340430695860476e-01
6.298865173436114517e-01
6.312136017190613790e-01
6.294757621557632854e-01
6.305018007346949727e-01
6.312638085503520236e-01
6.300434463717788924e-01
6.304139904545152939e-01
6.299131536262116970e-01
6.313540461476279120e-01
6.294872169318301847e-01
6.294396710881035029e-01
6.303640354971962179e-01
6.302841121042932482e-01
6.306724076110543642e-01
6.296494231444983436e-01
6.300170671824927293e-01
6.311284488091095657e-01
6.300134368178412769e-01
6.304039988147880358e-01
6.295964516656435972e-01
6.307084420477013786e-01
6.309362427248417227e-01
6.314154767408938218e-01
6.304124339600093441e-01
6.305054571635216876e-01
6.308628874087158778e-01
6.302958904712027133e-01
6.291826669486952905e-01
6.313580810654626507e-01
6.315445470913987336e-01
6.299859628876101070e-01
6.294745851269951675e-01
6.304559782014879099e-01
