4.942410525992830816e-01
4.955227938031691037e-01
4.941667055315782653e-01
4.942285653804012746e-01
4.949093047384245381e-01
4.944761432078861318e-01
4.941636058223790040e-01
4.944520697351239003e-01
4.951896086297588040e-01
4.949754844187807534e-01
4.947985560078883016e-01
4.948473399843464904e-01
4.959821349324302076e-01
4.935565739268052976e-01
4.944066071317714250e-01
4.943373456973176872e-01
4.930099054109875478e-01
4.946388765175845914e-01
4.948548054042649080e-01
4.944100965055645003e-01
4.937163397734907755e-01
4.943285413033794429e-01
4.950944709620169193e-01
4.943328768959531772e-01
4.947388687310687594e-01
4.937631587329028848e-01
4.948569761940678213e-01
4.958136170092772854e-01
4.941328934414513929e-01
4.942185023691053058e-01
4.942546413544036676e-01
4.936055673853327885e-01
4.939342054271501636e-01
4.944952908514090861e-01
4.953934249358621367e-01
4.947166402233809657e-01
4.948028890939176749e-01
4.949194578988489468e-01
4.948016858954081276e-01
4.938716597990576718e-01
4.949406470278885917e-01
4.937621448449741601e-01
4.940048113218387105e-01
4.946427945703404383e-01
4.942957494759403492e-01
4.946344589727421082e-01
4.946613509187153257e-01
4.949444234677985444e-01
4.953224522125138085e-01
4.953776809364781597e-01
4.948457274285803509e-01
4.956140905144851283e-01
4.945065153632953736e-01
4.956612259051406122e-01
4.944150426091482586e-01
4.942197416832263546e-01
4.947114868120668363e-01
4.933239634518782335e-01
4.953041910859683483e-01
4.942119797281481208e-01
4.938067535424148224e-01
4.955964495272333070e-01
4.938790699990042166e-01
4.935375491493223521e-01
4.940540909671987668e-01
4.951371541942243271e-01
4.944386172518792089e-01
4.953914838654465136e-01
4.936728109033744483e-01
4.952866079596629501e-01
4.950901928434899846e-01
4.935042440106311989e-01
4.944500954737639509e-01
4.960584362132600678e-01
4.939965365263888630e-01
4.955905319889808425e-01
4.946486043454069170e-01
4.941535118281845662e-01
4.941180184156236388e-01
4.944110461564291126e-01
4.948913002092680258e-01
4.949284084312033372e-01
4.942705224152277310e-01
4.941889099538868679e-01
4.937036320489877061e-01
4.932808739858139946e-01
4.941440539841267521e-01
4.939207938867218317e-01
4.952307053123208291e-01
4.951449054903739322e-01
4.942960878810927494e-01
4.942451552973117224e-01
4.951602649196604755e-01
4.941687396460079373e-01
4.947645088893989906e-01
4.953196691436501098e-01
4.949623902562632627e-01
4.946800603188622469e-01
4.957240439855000735e-01
4.935102427397147773e-01
