4.603811189028172990e-02
4.777394423539932378e-02
4.732727311535711578e-02
4.794947112991101296e-02
4.851311634698327740e-02
4.784961250019843793e-02
4.717128639459920725e-02
4.727059667508740071e-02
4.722011404506877563e-02
4.747176321060096738e-02
4.763806081635169054e-02
4.769904528650711212e-02
4.671781031337682993e-02
4.783198743518649043e-02
4.761173042440571684e-02
4.724456401286823704e-02
4.720943189445978017e-02
4.811401366712532435e-02
4.699059474056183766e-02
4.640448096857757027e-02
4.698295939425968515e-02
4.766588103513698382e-02
4.806590598214931231e-02
4.784186154711095318e-02
4.730353178585443297e-02
4.736292664692556831e-02
4.656294110319452589e-02
4.778597991649119470e-02
4.779876825936956591e-02
4.742437982050957956e-02
4.762992809375160563e-02
4.743384334011783304e-02
4.701724451147554912e-02
4.695679094509289803e-02
4.704640552714567381e-02
4.774567834459505361e-02
4.685517567997782296e-02
4.692009180234859439e-02
4.693699672885531804e-02
4.655367337249614185e-02
4.656915627839424560e-02
4.779564095829769849e-02
4.799681277001529439e-02
4.755229237250109542e-02
4.642215545964643864e-02
4.700821147021032320e-02
4.707183055385677495e-02
4.693812426484168798e-02
4.746373220446942903e-02
4.682556257237423941e-02
4.772328428975952663e-02
4.791399844201331415e-02
4.765765726413570547e-02
4.795402848986724670e-02
4.843556854386554117e-02
4.734037227099850004e-02
4.691901944299335658e-02
4.635740194453714935e-02
4.782362306919785144e-02
4.800816954619510635e-02
4.770863362231399923e-02
4.692199750881212439e-02
4.816362397171872201e-02
4.807431231435579932e-02
4.795453568434644709e-02
4.768317039323589912e-02
4.774842708372246253e-02
4.806998631104367203e-02
4.695589572403087442e-02
4.804417003702639993e-02
4.733713759014510081e-02
4.773308610940787261e-02
4.751168440298018242e-02
4.651470244353304861e-02
4.776430842199713006e-02
4.781808397194288462e-02
4.727985402612013000e-02
4.807217876602114248e-02
4.682758442853724584e-02
4.721645059312559733e-02
4.733050010102714256e-02
4.707969695457027426e-02
4.772711595556848596e-02
4.679766996021261088e-02
4.767323247760932997e-02
4.793903293215559525e-02
4.665189272237378615e-02
4.840626286213745022e-02
4.763138523957485826e-02
4.690676245281873852e-02
4.761612169038649534e-02
4.771802615177133527e-02
4.819312613049195337e-02
4.838130098316895805e-02
4.704330944163076511e-02
4.728765429282441590e-02
4.772843683517623281e-02
4.721401686101012185e-02
4.879864361734448375e-02
4.765176832771592097e-02
