1.271408775273103961e-02
1.322307429269946322e-02
1.439959264054738869e-02
1.318789745242517596e-02
1.294467768548979505e-02
1.201377470287647367e-02
1.273041848451096809e-02
1.322550368514938818e-02
1.216978989071679229e-02
1.341696580422719470e-02
1.227007698131944019e-02
1.263177982348539195e-02
1.318018195941971990e-02
1.226719441047094059e-02
1.318154663511048388e-02
1.267219982885910839e-02
1.265954243613160585e-02
1.349002248507566448e-02
1.252395859830251340e-02
1.405216816371387262e-02
1.265249653710778278e-02
1.332368810303117407e-02
1.292003637031962152e-02
1.348071268265374663e-02
1.332022803654523899e-02
1.346284651869747093e-02
1.265445956643916972e-02
1.248561303484883173e-02
1.265030135168630776e-02
1.355186862874748800e-02
1.257437328071523211e-02
1.309965192115948758e-02
1.367879816064843622e-02
1.323837342887013158e-02
1.383725304615618032e-02
1.249734609204633008e-02
1.317055508299858242e-02
1.423295099935093996e-02
1.271122979472991479e-02
1.236159670060849730e-02
1.287825959124447653e-02
1.308912654629467570e-02
1.274696402644556574e-02
1.275124403014863197e-02
1.248482887737768950e-02
1.379426725683951041e-02
1.327025350121705319e-02
1.221387963919556841e-02
1.385174934864803753e-02
1.374020935341235469e-02
1.333776523883958842e-02
1.230149591279547545e-02
1.271934418690600331e-02
1.356867727693225611e-02
1.292660917645702123e-02
1.318604452849098455e-02
1.310084312720988242e-02
1.327962954316767863e-02
1.382408424164949592e-02
1.342764812168986341e-02
1.372798843161760970e-02
1.313582672858244760e-02
1.197690312856145023e-02
1.333911826145037227e-02
1.387712322156520184e-02
1.288247587642710364e-02
1.235567291458035052e-02
1.334133354420383166e-02
1.324489481206063760e-02
1.276226915651144239e-02
1.335237381993020084e-02
1.323106680103719110e-02
1.318764869194117423e-02
1.333941453076636224e-02
1.377729442257430090e-02
1.337577159218661729e-02
1.301473093503732227e-02
1.327671826559044879e-02
1.202480491249097519e-02
1.266071329534561134e-02
1.347594686117416750e-02
1.223291101463600504e-02
1.331180899639878082e-02
1.349974088437086786e-02
1.244668367041985510e-02
1.244906845098350118e-02
1.369896790661052563e-02
1.227461906592476268e-02
1.259796040495789540e-02
1.269366524598724427e-02
1.265690810345179197e-02
1.264655400201617624e-02
1.310900927895672363e-02
1.295243312577453246e-02
1.258078837472401644e-02
1.335931417303925367e-02
1.321037247739109341e-02
1.284583987391568240e-02
1.227063511222950022e-02
1.255245743967451505e-02
