4.439891089242640754e-01
4.447719806534120579e-01
4.454977434149720583e-01
4.449464412077234199e-01
4.455404551162209237e-01
4.464512805109690508e-01
4.457110231502310338e-01
4.457799001419666673e-01
4.452996456087019439e-01
4.464048460543800223e-01
4.464801137940858089e-01
4.469956836877441164e-01
4.460124206946538550e-01
4.447534599952033263e-01
4.460184458409811592e-01
4.454689915082178375e-01
4.449289244155930634e-01
4.451864497363440254e-01
4.455411479787295126e-01
4.456307918162779602e-01
4.448793112470064148e-01
4.456476320611445496e-01
4.458510540094070551e-01
4.450156109774211499e-01
4.447273124039780590e-01
4.465230123722194744e-01
4.459084702389675137e-01
4.464891375320923506e-01
4.461833083046384818e-01
4.452029213006916675e-01
4.463436632583659414e-01
4.458053677046527330e-01
4.458721806202206039e-01
4.455859749307967688e-01
4.452689435939588547e-01
4.457481665978885177e-01
4.460460419807081855e-01
4.449947346684727245e-01
4.460618388089522823e-01
4.455709157121165997e-01
4.467063247570538520e-01
4.450701414403794853e-01
4.451056517083695763e-01
4.446521259616532662e-01
4.451592928672021832e-01
4.450863170376145872e-01
4.460728903351267038e-01
4.444521265788061171e-01
4.460345669561966986e-01
4.450997914933167987e-01
4.455374275250932881e-01
4.445052053878250087e-01
4.452920915443757677e-01
4.442672486185503256e-01
4.457630807443306864e-01
4.450776403714190588e-01
4.449778479023803746e-01
4.450721953763211447e-01
4.454109991563681703e-01
4.451810370389573945e-01
4.448783085255786363e-01
4.454366463564140011e-01
4.459972502293799712e-01
4.443778561422331297e-01
4.459030065951178901e-01
4.448094193351590508e-01
4.454582347210921944e-01
4.448733423754066552e-01
4.456972700875372340e-01
4.452763707890042832e-01
4.460783120584308481e-01
4.458296658936771184e-01
4.440471727465199470e-01
4.448606836842838308e-01
4.464963730058819635e-01
4.458265265372467478e-01
4.455238577848348314e-01
4.461997915386609614e-01
4.456416847249448088e-01
4.448687412990443013e-01
4.447188525878760790e-01
4.436741884478008768e-01
4.449025840605411730e-01
4.452127521132952515e-01
4.443087572927675866e-01
4.457326261482066898e-01
4.449602402584466043e-01
4.463593558590131516e-01
4.443141276115650795e-01
4.454593359199465752e-01
4.462758507524591245e-01
4.452017121244211673e-01
4.449692085038668976e-01
4.456317929657356847e-01
4.451327896884473834e-01
4.458610286081029495e-01
4.467962742325441994e-01
4.452780225472600106e-01
4.460728101887239117e-01
4.464670414624530848e-01
