5.506979569686558662e-01
5.508110408484848675e-01
5.511872165289453118e-01
5.504335177017899428e-01
5.515433163423215657e-01
5.514140265979275979e-01
5.511239341913821699e-01
5.534571402335646262e-01
5.515105426212951745e-01
5.504029543975580419e-01
5.518986619430890084e-01
5.512767724271930847e-01
5.508414149305251861e-01
5.518990682037139273e-01
5.514955951198955431e-01
5.517466652734878130e-01
5.507507545177001695e-01
5.512643843887657935e-01
5.507044580344458984e-01
5.519481358228313095e-01
5.509404035534706257e-01
5.512451842581105321e-01
5.511526833191734420e-01
5.519637725906565429e-01
5.517677871528998690e-01
5.519807476726852347e-01
5.509152609075205209e-01
5.507218035161498548e-01
5.518177696214181527e-01
5.516400099526770351e-01
5.526223539745717117e-01
5.518508884636896816e-01
5.516735930328942050e-01
5.511660590892186740e-01
5.510736631616665049e-01
5.519797657700790117e-01
5.510727724107139514e-01
5.511901975696964495e-01
5.521298626802546572e-01
5.524078587963774378e-01
5.512809805773416505e-01
5.515634731399848834e-01
5.516561356019942242e-01
5.514117989051238178e-01
5.505422089050225898e-01
5.527390788477866135e-01
5.518477014820595272e-01
5.511761919343878269e-01
5.516734531350323545e-01
5.519234517561726339e-01
5.519469912086163443e-01
5.508306553857638121e-01
5.518172871063697915e-01
5.515591297518981362e-01
5.520541942097393351e-01
5.525534058035955765e-01
5.519843780396946897e-01
5.515544890217733975e-01
5.523447149492446417e-01
5.516440423988644426e-01
5.513686158641685209e-01
5.510471852995857400e-01
5.520582689978043023e-01
5.517984376378637368e-01
5.517133336865924775e-01
5.520610363933593501e-01
5.514051810682147892e-01
5.519131763400293433e-01
5.512398373652809269e-01
5.517567998666089713e-01
5.517922229761031971e-01
5.512263194440695235e-01
5.512336608766796875e-01
5.508788628021883405e-01
5.508074799066247085e-01
5.504662747279015500e-01
5.511759807714743387e-01
5.506893661050624722e-01
5.521157650502444003e-01
5.513562634499598047e-01
5.513584039522849700e-01
5.519727024222100820e-01
5.517328120793505430e-01
5.505653059690109874e-01
5.515551905475555294e-01
5.504181904559505289e-01
5.516796400374562870e-01
5.507932859455331176e-01
5.518983816868735515e-01
5.514183314995140250e-01
5.513296663183537838e-01
5.528055561215554636e-01
5.520443944657047464e-01
5.529259656076477292e-01
5.516963437090456335e-01
5.516951903349132103e-01
5.524285765444918450e-01
5.512426219512046588e-01
5.507182508302888024e-01
5.519223451479271514e-01
