2.644619057307429633e-01
2.654442201345396657e-01
2.647462769369114954e-01
2.649870366141802158e-01
2.668355969396488669e-01
2.651047630757389362e-01
2.652505351179390014e-01
2.668201668624754497e-01
2.660945471343689750e-01
2.639227994808563404e-01
2.655436849776825481e-01
2.657478581113539851e-01
2.650657618108337998e-01
2.653121256249018067e-01
2.659220555939411090e-01
2.653177663856850499e-01
2.661719153879473221e-01
2.656002099668671734e-01
2.654773342730333274e-01
2.647453712600129627e-01
2.658896885397005749e-01
2.653546628654782635e-01
2.651602701403169560e-01
2.642389227931116746e-01
2.661587457372758259e-01
2.652717194951458302e-01
2.649477931193534586e-01
2.641377531124175504e-01
2.640218782340447712e-01
2.650754991272010197e-01
2.647627710180475713e-01
2.662976892921432581e-01
2.657230404858638706e-01
2.636786481054853581e-01
2.648662319301576806e-01
2.653815757951294430e-01
2.648862885145789603e-01
2.646896578284539392e-01
2.651528812415226422e-01
2.653251476935925557e-01
2.656276150287342763e-01
2.654168932492022570e-01
2.647799140225109427e-01
2.663161389547050173e-01
2.655338766123148675e-01
2.643045829939544289e-01
2.660304516333989455e-01
2.657987163326177571e-01
2.656800201872183687e-01
2.648606437347682530e-01
2.656779836601326217e-01
2.649027682644125026e-01
2.657454679039837342e-01
2.669106277719079379e-01
2.652591370234291812e-01
2.652438345637115336e-01
2.642595936313750782e-01
2.651353891114538452e-01
2.641597301183964408e-01
2.655399664836351481e-01
2.653369777395364060e-01
2.652536893043530020e-01
2.645118845721249334e-01
2.641881313207306570e-01
2.651705070248570606e-01
2.643688950623642731e-01
2.652960891919805553e-01
2.642516553856475992e-01
2.659048685331711348e-01
2.652685763160392840e-01
2.654107201484682821e-01
2.657571924147424935e-01
2.650567181814637019e-01
2.658487819383230089e-01
2.650969222939574821e-01
2.661411171877045012e-01
2.655048545364516732e-01
2.646299218302567979e-01
2.644925073756599909e-01
2.653251731226538568e-01
2.658255170679358348e-01
2.649815259391587463e-01
2.660857343624223881e-01
2.651027326322056288e-01
2.654126617936554133e-01
2.652687920111768682e-01
2.639456799404588661e-01
2.653548010340729957e-01
2.658744288546969758e-01
2.636716941094255917e-01
2.654349174142874301e-01
2.657759958076639228e-01
2.648945562677365029e-01
2.647999030305770995e-01
2.655863420094545235e-01
2.656133570844323444e-01
2.657108315617000560e-01
2.652926208233577499e-01
2.655720475100866174e-01
2.649594299609526749e-01
