6.906247864897308020e-01
6.910984000140217853e-01
6.928095360397836799e-01
6.917990135604636937e-01
6.918415158463699921e-01
6.917574534203969616e-01
6.919168330837466296e-01
6.924335208100047545e-01
6.918749295558385137e-01
6.925838907422146029e-01
6.903932225077289431e-01
6.917628671077811209e-01
6.917686667052473926e-01
6.913576164771692012e-01
6.922552614971058116e-01
6.916639146913867719e-01
6.907746640352742107e-01
6.914780473886598111e-01
6.913265483983548343e-01
6.921654800419321241e-01
6.917286674285395565e-01
6.911456118087480061e-01
6.913276205419793818e-01
6.904888136428318779e-01
6.921549537715760980e-01
6.917015113050075659e-01
6.911364449796200127e-01
6.913917146491650456e-01
6.921910188271283015e-01
6.917039687744553911e-01
6.923571529190077900e-01
6.911130624348655882e-01
6.924375629266396048e-01
6.910724031790282940e-01
6.917429292151122677e-01
6.918961947467290319e-01
6.916313514411548402e-01
6.923078604720106499e-01
6.917386902013296091e-01
6.919998455284035455e-01
6.915486964175131535e-01
6.923246943543095444e-01
6.922350603957965198e-01
6.915118733273474261e-01
6.915487309155331497e-01
6.910439084018290545e-01
6.927910052212410408e-01
6.910181383465525684e-01
6.916507557727913369e-01
6.913097261260306992e-01
6.924575060208619792e-01
6.904545131837704908e-01
6.911124470535395803e-01
6.915456712395422478e-01
6.922847797891761301e-01
6.919594563623867600e-01
6.906514179071412407e-01
6.912006665258544347e-01
6.902663192722822139e-01
6.912171183365758420e-01
6.909739725567045632e-01
6.928506019359890189e-01
6.914533803236203591e-01
6.924669278137079997e-01
6.919839327297048204e-01
6.921066142790526232e-01
6.906749883865656026e-01
6.915227757281114940e-01
6.910485944949235071e-01
6.924804514127236299e-01
6.915979135163945468e-01
6.920142564359337278e-01
6.901333121276567173e-01
6.901598231304308939e-01
6.907628332442693475e-01
6.922510578596280384e-01
6.922664427521165731e-01
6.908319553887822817e-01
6.903173949102868745e-01
6.916337402036001336e-01
6.914546445296861910e-01
6.914799879049697839e-01
6.912972981453238130e-01
6.910840802533200211e-01
6.913253893149114981e-01
6.899902335839018797e-01
6.912126721722168243e-01
6.914943501889825317e-01
6.930815870695717917e-01
6.913383817761444838e-01
6.915155545210818211e-01
6.909368536730144950e-01
6.909524043907693258e-01
6.912184353451344965e-01
6.898719932888091044e-01
6.914325923511703831e-01
6.915161859854163096e-01
6.919414000198061965e-01
6.917286904112340817e-01
6.907002134391446724e-01
