8.879268219545429774e-01
8.881434760976287812e-01
8.873488517386625141e-01
8.887433799541598622e-01
8.869565152322177459e-01
8.869084930081710949e-01
8.874412141502687756e-01
8.877490605400326640e-01
8.872118999269638095e-01
8.884878620796308191e-01
8.881671076253860875e-01
8.885139691773835668e-01
8.875938174033002337e-01
8.877032279227210498e-01
8.886267257730506852e-01
8.880623053384755217e-01
8.880371119603576169e-01
8.888828556720185237e-01
8.892787638934178673e-01
8.887488356918749055e-01
8.890335247549561171e-01
8.890973058490463377e-01
8.878859269988392811e-01
8.885660441609979365e-01
8.892131072580795603e-01
8.880010170541708936e-01
8.890254462794797696e-01
8.873190199277621870e-01
8.878522724356602280e-01
8.879193284599700142e-01
8.882613926205349397e-01
8.879704090100914993e-01
8.878850073516985075e-01
8.875596632374802564e-01
8.885983189326757126e-01
8.872644510575131704e-01
8.870286844431913842e-01
8.877194294475723169e-01
8.879364721663678406e-01
8.873132269241786885e-01
8.883102399959934559e-01
8.877291520809993397e-01
8.879107437912090450e-01
8.876938379629250031e-01
8.879878089609403169e-01
8.898867446189251407e-01
8.882004456904659673e-01
8.875730128272081298e-01
8.891049970078701570e-01
8.874017882531803902e-01
8.878622480812599083e-01
8.877440380477777948e-01
8.879888273335576621e-01
8.869299457599300052e-01
8.871039197589426495e-01
8.876094547503926568e-01
8.888881849882499520e-01
8.882614330811141601e-01
8.885809626479796997e-01
8.881784763694815510e-01
8.879388868330901907e-01
8.882326028878493318e-01
8.870128358185689343e-01
8.883888420597148006e-01
8.884177822354105691e-01
8.888076361306540552e-01
8.892775951496072473e-01
8.890034752213061831e-01
8.871712896380159474e-01
8.890318529970195893e-01
8.876724168097449574e-01
8.895886432436155289e-01
8.873998103275552163e-01
8.877958888340951038e-01
8.880692786134686267e-01
8.886522152503731897e-01
8.894857946755256872e-01
8.881309247041857535e-01
8.874975765112218529e-01
8.874853830592084325e-01
8.887083899251781993e-01
8.891833843965675221e-01
8.877523437201975121e-01
8.886971655051435492e-01
8.890526433623668900e-01
8.885351246100356981e-01
8.874848850736332118e-01
8.887623676380396187e-01
8.877429584055109846e-01
8.884621076534969797e-01
8.883616478424203322e-01
8.878606512442044352e-01
8.879291558641190241e-01
8.885768164320069218e-01
8.877615661675066772e-01
8.883335082959533668e-01
8.888115774498065447e-01
8.881543798371775988e-01
8.886630969949642633e-01
8.886152069751356297e-01
