5.186680480891113498e-02
5.307608925009597162e-02
5.364613289216053904e-02
5.411201974459644432e-02
5.497780830288903631e-02
5.357223086286512503e-02
5.367746892619451593e-02
5.335385036281117821e-02
5.358357440128976024e-02
5.502174194973940419e-02
5.382230493328465232e-02
5.366625525883414460e-02
5.471369709381235236e-02
5.415205095780351724e-02
5.282577986768136058e-02
5.385816335966463198e-02
5.479049828769513852e-02
5.391413905065185752e-02
5.256877369066810524e-02
5.404128215744325586e-02
5.398412276750778893e-02
5.500960295898008057e-02
5.273285322196559488e-02
5.328251597702730880e-02
5.352495246147545571e-02
5.525611322488100524e-02
5.377388236594926596e-02
5.465978675408476872e-02
5.429560518144488368e-02
5.434374413266344905e-02
5.438467013527924915e-02
5.421964040857600586e-02
5.352262605327795519e-02
5.353504799768261935e-02
5.356676056123278046e-02
5.416556546410439960e-02
5.409675574755887228e-02
5.379261234670899838e-02
5.483412683482046662e-02
5.415150315860743635e-02
5.466311098552374681e-02
5.452964554393815999e-02
5.360362749111917402e-02
5.393168167904363597e-02
5.333803441720003091e-02
5.391649861948856481e-02
5.433458584333501762e-02
5.365078961827079995e-02
5.500412213737394806e-02
5.507674078155404968e-02
5.396768911801679697e-02
5.480478949189213078e-02
5.448819521832153762e-02
5.376728656731373512e-02
5.403230023399913096e-02
5.442889233640127444e-02
5.326313082031824270e-02
5.425866684323365358e-02
5.339332503873876756e-02
5.398020117659810269e-02
5.411581399440370393e-02
5.421176363215155641e-02
5.362568112736224024e-02
5.319429699719602223e-02
5.354230636236889662e-02
5.408860293750954173e-02
5.439778640670931559e-02
5.299200965040077455e-02
5.427195005460626331e-02
5.408528892357272744e-02
5.360534307391462416e-02
5.380428366838215654e-02
5.425296106831362097e-02
5.445192134996525157e-02
5.400981365497579262e-02
5.410174631157425862e-02
5.412697355206155803e-02
5.395681529742046151e-02
5.450308372839365173e-02
5.395153315189706728e-02
5.395462108470550078e-02
5.500141965604518624e-02
5.477874836091499444e-02
5.423172849030303416e-02
5.447162251261911114e-02
5.431152645692426117e-02
5.304741936947270087e-02
5.337987954437149046e-02
5.361011920939179332e-02
5.313906864324001444e-02
5.398637086015445341e-02
5.294329866745819957e-02
5.337131540706328142e-02
5.470994384727602411e-02
5.356126737757292006e-02
5.414587901752890287e-02
5.485837864631424449e-02
5.344180614593461998e-02
5.482597095083764638e-02
5.269124758961219596e-02
