6.924143047605193502e-01
6.934484267974680982e-01
6.926098524079817853e-01
6.920503908309276753e-01
6.935133629787280096e-01
6.929049258443283899e-01
6.934625110529378800e-01
6.941854456487948077e-01
6.934279943287079417e-01
6.950935399822386618e-01
6.930272798809553603e-01
6.925912342535134325e-01
6.933959655089758645e-01
6.934795346620481471e-01
6.932895693788981850e-01
6.940638410081120258e-01
6.941473336484067502e-01
6.936596352805496357e-01
6.932627211709395665e-01
6.930753799936972825e-01
6.929096172449213942e-01
6.922509788076229853e-01
6.924182517130179626e-01
6.946046408806456629e-01
6.944617109184231252e-01
6.942380548120056227e-01
6.951464464459107262e-01
6.939860605629832868e-01
6.938870161702700434e-01
6.935610183253235750e-01
6.930687516211915256e-01
6.932280491163057556e-01
6.938667170013534946e-01
6.940054359555717367e-01
6.940039547114154050e-01
6.938452382489443959e-01
6.937198175155651070e-01
6.931932563173945905e-01
6.935000205088790448e-01
6.942432398060596199e-01
6.934571178714432627e-01
6.934064916487105990e-01
6.940215534338309844e-01
6.929252008771514815e-01
6.937870426688020897e-01
6.934876080909045948e-01
6.929367035703737354e-01
6.935900246782404910e-01
6.941416124109445196e-01
6.928842863930747553e-01
6.930652737801048513e-01
6.932082229429608056e-01
6.938278079571443824e-01
6.932862712651406412e-01
6.934888857432706111e-01
6.939230813811039233e-01
6.940487871881371174e-01
6.925548892230604103e-01
6.934969326561686298e-01
6.930965488359057680e-01
6.943817114473872509e-01
6.932826573180801422e-01
6.929156071726270127e-01
6.938284830646265222e-01
6.925006380345803958e-01
6.934729633388349024e-01
6.936976690889393726e-01
6.936340410372530130e-01
6.946916774246646442e-01
6.944540131849874509e-01
6.938932519235968543e-01
6.928337763692966611e-01
6.943381650366726721e-01
6.936849382785493789e-01
6.945786762147930782e-01
6.942575403284174662e-01
6.937079851872600678e-01
6.932690434472761343e-01
6.939943848772480717e-01
6.934825014558305689e-01
6.936931388906431017e-01
6.933667689406266543e-01
6.937998089269638013e-01
6.938157759454157691e-01
6.928237619100281464e-01
6.930616093143231460e-01
6.929837114066673687e-01
6.935829796786182611e-01
6.936779613936415734e-01
6.933945627496296282e-01
6.934868367922896182e-01
6.930729939050179755e-01
6.929485847229703843e-01
6.932532228691355991e-01
6.944464087300196153e-01
6.938238891951569176e-01
6.932274908486011356e-01
6.927777508323111899e-01
6.938261968962233794e-01
6.932569306910997264e-01
