3.560642122132796072e-01
3.554101956860979961e-01
3.554458342553989403e-01
3.564476914284352427e-01
3.561877966113742300e-01
3.562033424346530142e-01
3.559100319409535529e-01
3.567363290372932427e-01
3.561825760217533499e-01
3.560907040085643516e-01
3.561100790608811573e-01
3.565615208649347556e-01
3.566707275928398535e-01
3.557961799052794527e-01
3.551391944998386063e-01
3.556987321972666094e-01
3.559999363569825159e-01
3.570480699467624697e-01
3.570888008994113072e-01
3.566862093020354840e-01
3.554167189605310639e-01
3.567219898486480023e-01
3.554321504606490212e-01
3.565019132984478256e-01
3.560425722945800286e-01
3.569266676100406044e-01
3.557099044129113929e-01
3.550839695546939567e-01
3.570678455148464381e-01
3.562887167182369197e-01
3.563574695565353001e-01
3.568364245300581494e-01
3.549267549292104973e-01
3.550879877660590433e-01
3.563721703444565625e-01
3.559170439351049264e-01
3.569321361995392294e-01
3.565617128666951352e-01
3.576935445750571430e-01
3.564406694580096735e-01
3.564374984811097269e-01
3.575359540040933815e-01
3.568189067526562619e-01
3.553312631987879944e-01
3.553215398764929533e-01
3.560394413164080230e-01
3.558932424407028061e-01
3.561067577543062246e-01
3.555279652188355621e-01
3.578865950601822221e-01
3.557857308738691660e-01
3.565697602448157366e-01
3.567097896270430279e-01
3.576740770202224695e-01
3.562163373116420395e-01
3.565994727375197404e-01
3.564494327714904376e-01
3.570043590670697875e-01
3.546584071628016144e-01
3.569284710292974783e-01
3.576392294377297443e-01
3.571919769290425872e-01
3.571095324929506876e-01
3.566490601350010836e-01
3.564654148189383975e-01
3.560087251647607864e-01
3.563953575984545319e-01
3.568488776742322899e-01
3.571765544729868513e-01
3.568811585518639196e-01
3.569939817807422644e-01
3.571332353942240911e-01
3.569055670242792799e-01
3.563149250909607990e-01
3.561289716912094394e-01
3.575770936439673919e-01
3.562674229321987629e-01
3.562930606320035554e-01
3.565464521786076424e-01
3.568524781609509477e-01
3.564517776572148078e-01
3.562802281789346215e-01
3.569211119653501463e-01
3.572278014459052131e-01
3.551924773967799487e-01
3.569201802447384275e-01
3.586259599785224794e-01
3.576821211197082628e-01
3.561702846460002014e-01
3.574371146686296519e-01
3.562433902971903765e-01
3.564849214936520183e-01
3.556756678006761097e-01
3.561532682363877655e-01
3.575036146546322069e-01
3.558922477723995281e-01
3.561332041482434541e-01
3.568689421034748621e-01
3.563343505703843728e-01
3.559927976491533141e-01
