6.527527417054910241e-01
6.526434900737437816e-01
6.534759346424123816e-01
6.537361573245388247e-01
6.526909755340183361e-01
6.525290881361421880e-01
6.535280622197723321e-01
6.542614130161868990e-01
6.544706128594239836e-01
6.545665285437632930e-01
6.532860365985083684e-01
6.533870205501308703e-01
6.515677472506040679e-01
6.540004545476689746e-01
6.539502869247746375e-01
6.535790623808965805e-01
6.538733230377282712e-01
6.542707169440566961e-01
6.538474501377777859e-01
6.539734805559975772e-01
6.536968785654597713e-01
6.547476961523808203e-01
6.537018695059827467e-01
6.537443186933004080e-01
6.530831541476092017e-01
6.541113112229792748e-01
6.541641569008287416e-01
6.533800147252792900e-01
6.531320150676549474e-01
6.532502183564804499e-01
6.542746509345862549e-01
6.537757337069708408e-01
6.542190981123403581e-01
6.539900391060483598e-01
6.524756983200517002e-01
6.533356744902111268e-01
6.540457844054712311e-01
6.532950159162451698e-01
6.544950730477906431e-01
6.538841928837398898e-01
6.537629889182248188e-01
6.532834099848243703e-01
6.544034652643317962e-01
6.530526564013687807e-01
6.531348552348517078e-01
6.534571630571276435e-01
6.531322671764299148e-01
6.528810471351754741e-01
6.538017474390219741e-01
6.517977748313861230e-01
6.537975664412551957e-01
6.522806190818837280e-01
6.532552556688726586e-01
6.533962450841137581e-01
6.530233487493510847e-01
6.531914084438343870e-01
6.518667315426541764e-01
6.536942896973434447e-01
6.538054664043366770e-01
6.533248280269398078e-01
6.538500229669003128e-01
6.535728877498783174e-01
6.544885735936947224e-01
6.530722647550388782e-01
6.533119907477649146e-01
6.539945693201802968e-01
6.531208258289469271e-01
6.542498892802903754e-01
6.535052715310205596e-01
6.533737346425543269e-01
6.531273374497879036e-01
6.535738789731730947e-01
6.540823111482296781e-01
6.531845436072194477e-01
6.536641287317856985e-01
6.540453602279483469e-01
6.537284078753770045e-01
6.529707040151528918e-01
6.524940974786450631e-01
6.532533802759954433e-01
6.536405929611558419e-01
6.535579235280295496e-01
6.549279757523244205e-01
6.528904425696846481e-01
6.528898111182155350e-01
6.530206685095520935e-01
6.520119102526176214e-01
6.530025840368548495e-01
6.531022985388391655e-01
6.542157828393565522e-01
6.528731519724222387e-01
6.528503352297501117e-01
6.536526335373038510e-01
6.543632814222499761e-01
6.526756338105949018e-01
6.539022120021971141e-01
6.518869807617867496e-01
6.516587498569927916e-01
6.529729439979483629e-01
6.523985561300238434e-01
