2.258940541643180144e-01
2.261993033156750876e-01
2.263609898875794946e-01
2.265264389428365832e-01
2.263804279458625501e-01
2.259608525989929562e-01
2.252423511248581589e-01
2.244685285474160574e-01
2.262921938831702062e-01
2.261097359081367664e-01
2.266048921685132611e-01
2.269291538711739054e-01
2.260787888603943141e-01
2.250558883974738966e-01
2.266497971441852888e-01
2.266018955019943049e-01
2.250374116325803142e-01
2.267339889325968860e-01
2.267908827024425478e-01
2.261334821064515943e-01
2.268507170913872106e-01
2.266828755642738835e-01
2.262761838033875983e-01
2.254091500779563106e-01
2.256614193544317915e-01
2.246831477005670763e-01
2.273296872424018789e-01
2.261529125199381873e-01
2.273460956716099601e-01
2.270265487088606871e-01
2.254541566658865015e-01
2.256058688846167837e-01
2.250200185550595422e-01
2.270503001650796826e-01
2.258161359208600838e-01
2.258089035073205797e-01
2.256023490546897881e-01
2.257671974983629926e-01
2.257395764318492204e-01
2.269532471120229711e-01
2.266520174486847949e-01
2.260618325515689198e-01
2.261258239958844340e-01
2.261499381191969804e-01
2.264106912450145614e-01
2.265752042730836413e-01
2.263151456864005429e-01
2.272206229715119652e-01
2.256733707971372294e-01
2.264529872257008414e-01
2.255823310527213243e-01
2.247996585005667125e-01
2.250846743895520974e-01
2.261673009168759796e-01
2.257697050188021692e-01
2.269968380806415831e-01
2.258992078848952589e-01
2.257127602235187991e-01
2.267131207973497875e-01
2.252337441146725627e-01
2.255588268755938930e-01
2.273688266026152038e-01
2.255792947211784638e-01
2.271947189869862882e-01
2.271201241346247901e-01
2.256239578789804578e-01
2.258056270697096912e-01
2.266734086425846728e-01
2.261029772411057848e-01
2.264386681312837157e-01
2.253071942483965140e-01
2.257929045522165667e-01
2.277590293129085619e-01
2.260015130203435474e-01
2.264881715908331761e-01
2.261659026147281315e-01
2.255507820667510543e-01
2.258842643025403274e-01
2.264012783679342777e-01
2.258408036377789752e-01
2.264641650518431082e-01
2.263885698209309738e-01
2.267261977409477103e-01
2.266680633460107230e-01
2.263748003122028063e-01
2.263555500556583833e-01
2.268141906833888721e-01
2.270634245745173641e-01
2.254028531963234716e-01
2.258250113540751225e-01
2.261727564548843827e-01
2.258168989954445760e-01
2.260063880689066329e-01
2.254665526514209595e-01
2.266171632040236139e-01
2.248516522631556769e-01
2.264808741266729764e-01
2.269022693131022839e-01
2.268434154564746286e-01
2.263418102819947098e-01
