7.326128971764414022e-01
7.336697414867496825e-01
7.323600743462763685e-01
7.334085790354418766e-01
7.325384366420971682e-01
7.341314567322811957e-01
7.340364680800673947e-01
7.334928538102797324e-01
7.340118137156332878e-01
7.332107245417569530e-01
7.330565476070121100e-01
7.340005660754902461e-01
7.335766750335859232e-01
7.336793831192028881e-01
7.346175503829270870e-01
7.341675185450726726e-01
7.332332390932327915e-01
7.340508795694358213e-01
7.337529913058290498e-01
7.335735152130582470e-01
7.336955345824787145e-01
7.329770871011416222e-01
7.336438547251724618e-01
7.332298451105546677e-01
7.340045313582957975e-01
7.323704423496800731e-01
7.333851031118238106e-01
7.339329018838037788e-01
7.340018213532900626e-01
7.340930287803917320e-01
7.322381388194576513e-01
7.330740456731263954e-01
7.335889915477166179e-01
7.351626497893214429e-01
7.323954339842557726e-01
7.340732331198933647e-01
7.336722493430721803e-01
7.335986055594976296e-01
7.338550970625251635e-01
7.338298609455465860e-01
7.328858928373327419e-01
7.337766973335360099e-01
7.337419585490261298e-01
7.332953944693745285e-01
7.333522068105312597e-01
7.338432193989563590e-01
7.329298277667548600e-01
7.334605693578855057e-01
7.334899672069986609e-01
7.341560006676268735e-01
7.347488188318804792e-01
7.341295826480243036e-01
7.333900400498241101e-01
7.336901059391304214e-01
7.334763791139241595e-01
7.332566284444301807e-01
7.340249065755577451e-01
7.339858978095290531e-01
7.330430979474883424e-01
7.338226955876427926e-01
7.345862029910944502e-01
7.337519634327517304e-01
7.327591262614964185e-01
7.340951193308125067e-01
7.335015782286922192e-01
7.330706614099595786e-01
7.334220256110298708e-01
7.329035430140308227e-01
7.327149933526556635e-01
7.328496485764165458e-01
7.335002369118011067e-01
7.340118317710705442e-01
7.338534570888637365e-01
7.341109344191187880e-01
7.331955376088900023e-01
7.326102377952561362e-01
7.333038263908486787e-01
7.335094850510098796e-01
7.336033891567083076e-01
7.332983679090947504e-01
7.322670992193267558e-01
7.327365865386652466e-01
7.344275614997824997e-01
7.334282486226454401e-01
7.338121959434367181e-01
7.338407585133339683e-01
7.337854778001799971e-01
7.340525107841828767e-01
7.335593556780815039e-01
7.320864030436280423e-01
7.327737365345916576e-01
7.331768444743553825e-01
7.337728644165661951e-01
7.335357878692714273e-01
7.332361535292906130e-01
7.334419588670415546e-01
7.327499024505751413e-01
7.341953010220831910e-01
7.335340219144285134e-01
7.335677411094818634e-01
