3.246722167125751235e-03
4.500740902194327528e-03
4.992274406482491433e-03
5.815550595765342501e-03
5.052968288787487543e-03
5.549091512102970192e-03
4.916515457754839016e-03
5.364139364567732313e-03
5.067920501588650886e-03
4.637039266140083847e-03
4.786342054975155358e-03
5.466497888480039390e-03
5.463680823496927172e-03
5.407971278344771843e-03
5.255534758889613550e-03
5.877644192838498219e-03
4.850925525485135295e-03
5.574522792546081004e-03
5.326825388959132573e-03
4.894552346992491962e-03
5.216676694789658050e-03
5.925022123885985946e-03
5.804492960436294369e-03
4.691861861412190138e-03
4.696985236886136450e-03
4.613629349476334324e-03
5.065118177257610030e-03
3.664066734254375728e-03
5.905819185961181869e-03
4.624352048382707539e-03
6.226181672258020855e-03
5.763709408914960593e-03
5.185318854812026243e-03
4.643876472528478058e-03
5.761349425156831426e-03
5.194188970633535976e-03
4.611085033128135661e-03
5.732531378972482647e-03
6.095449731238678295e-03
5.183430150385680626e-03
5.013477673723458657e-03
3.899165129732077521e-03
5.072008463629444977e-03
5.017591559870492046e-03
4.513724738331961750e-03
6.298149339263551562e-03
6.471043163199039459e-03
6.836465927624631525e-03
4.859240545931469216e-03
6.269364462121456913e-03
5.822258519493669730e-03
4.999118548186628347e-03
5.203764287054379011e-03
5.889802780834840767e-03
5.575471048180544870e-03
4.278573770707359836e-03
4.535289746452978062e-03
5.277056411767305603e-03
4.383555320564276429e-03
6.486786876674844292e-03
4.749348701275128704e-03
5.154978767513841709e-03
6.154925616207397934e-03
4.701465828772274924e-03
5.090990998544337592e-03
4.783346661808835984e-03
4.043596583502079983e-03
4.351038843972632880e-03
4.309799401108526176e-03
5.482755881547430286e-03
5.600400399616350597e-03
5.370566368202850382e-03
5.214169821033601618e-03
5.413837229758813006e-03
4.505977235846222312e-03
5.758207560121020308e-03
5.761981050848819300e-03
5.267791170847560892e-03
4.394723264360704887e-03
4.193562623738519672e-03
5.145773111473784384e-03
5.667939607358105959e-03
5.357737667315350984e-03
4.951489203383349982e-03
3.673444646292284982e-03
5.623815990304139797e-03
4.386672939227429652e-03
5.441311216393967740e-03
5.562228076402156093e-03
5.580490638491874406e-03
5.684673937607392230e-03
6.058532657882981752e-03
5.648631014348213901e-03
4.799173307214694983e-03
5.872376950859728960e-03
4.838135238117766308e-03
5.702988583778210649e-03
5.309904166345864873e-03
5.102897311673452140e-03
5.242487269000818684e-03
