4.924957105911632604e-01
4.934924417913600370e-01
4.931768682476312948e-01
4.931915798990870181e-01
4.930618105284955699e-01
4.949751335808759700e-01
4.936065167158087963e-01
4.931599157972700875e-01
4.937203843187485397e-01
4.928622636760550124e-01
4.934762808966807190e-01
4.927750483010157057e-01
4.920966808405248250e-01
4.951478147626688919e-01
4.940500864479485665e-01
4.934932250606431925e-01
4.941438953206452878e-01
4.929713562983258912e-01
4.938705784006345856e-01
4.930671424521296808e-01
4.925158283346814381e-01
4.939121027423299393e-01
4.931428763804517335e-01
4.925934833303609039e-01
4.937290700478698668e-01
4.939501038361935326e-01
4.926674187722300813e-01
4.928233813614684156e-01
4.944819869624899056e-01
4.935992744657543563e-01
4.923042275331919182e-01
4.930538006511587801e-01
4.937683667427584799e-01
4.937501930441433595e-01
4.929112715681748802e-01
4.946142101777004640e-01
4.931166360329348741e-01
4.947101630622264268e-01
4.933745709970998039e-01
4.931350759508197346e-01
4.929309566763675488e-01
4.935047902913918261e-01
4.940379840501960551e-01
4.932154094481607798e-01
4.937913678711470800e-01
4.935508007629770266e-01
4.941134353316430916e-01
4.928677192373175364e-01
4.947813780899671388e-01
4.942657201438845349e-01
4.929596934178778200e-01
4.937122636747709459e-01
4.932255734325642349e-01
4.944068792573034221e-01
4.939590959211520027e-01
4.938958076174048140e-01
4.929470904258772546e-01
4.948353446720131221e-01
4.938480814968863042e-01
4.930681714269662952e-01
4.934331194972855217e-01
4.930043678831680376e-01
4.930302685343994629e-01
4.921972092979613467e-01
4.938131217047910249e-01
4.930221689149689168e-01
4.924437843585699470e-01
4.938629356273760429e-01
4.931208759985081791e-01
4.924209746119279640e-01
4.933784578750218253e-01
4.939121891714728374e-01
4.934202675312666653e-01
4.930389140812026505e-01
4.938818220720255781e-01
4.941206693068820321e-01
4.924070117704548166e-01
4.937575641578877406e-01
4.934827438669203703e-01
4.932214467793548662e-01
4.936704315906614293e-01
4.938010182889949751e-01
4.934570356829928173e-01
4.934714799866188883e-01
4.932385769531493769e-01
4.925443757633286568e-01
4.938792854105417129e-01
4.932580987673183537e-01
4.936930095564092680e-01
4.935331595389975123e-01
4.931751753734252564e-01
4.939129681289607943e-01
4.931690814290988212e-01
4.933904994308928593e-01
4.938045489494712337e-01
4.937841472295201317e-01
4.930991775110881714e-01
4.938936316523508951e-01
4.944892071216856477e-01
4.936107027876447395e-01
