8.151615140295283002e-01
8.168500332556372090e-01
8.158216018319250917e-01
8.160451701354477505e-01
8.174758882020738415e-01
8.174367262319979233e-01
8.164379876313987427e-01
8.175746682279749766e-01
8.167338391296699029e-01
8.175809582830204647e-01
8.155599441278811312e-01
8.175532558189460008e-01
8.158528835844690574e-01
8.163065498147736854e-01
8.161128976354987685e-01
8.175177846005287075e-01
8.175157678456739241e-01
8.158333879467438710e-01
8.181273358526099937e-01
8.160369927039117233e-01
8.156148542354308972e-01
8.167568295173557313e-01
8.160350025943893248e-01
8.157286492271103029e-01
8.150454132349097547e-01
8.167928825680073057e-01
8.168577362767622807e-01
8.173670796145596773e-01
8.162439065948097205e-01
8.163671427002183734e-01
8.160881117805336427e-01
8.152131713229152643e-01
8.166284621819756007e-01
8.162204403414922149e-01
8.173312159576455738e-01
8.164177968263635066e-01
8.166739616272722380e-01
8.175512369875753693e-01
8.158956273071491516e-01
8.171354330766824603e-01
8.166635401813022721e-01
8.166764362696451451e-01
8.171607305543799882e-01
8.166540687878369731e-01
8.169610476753366157e-01
8.167613923534979836e-01
8.161001204106628215e-01
8.159642066216479250e-01
8.169234087871475314e-01
8.168167748271257800e-01
8.171293667769288227e-01
8.171294787592596753e-01
8.177472181877156743e-01
8.162773814186746746e-01
8.158637128241612579e-01
8.169308242421040589e-01
8.172656750005596882e-01
8.167923477751086736e-01
8.159562083444532599e-01
8.164377819356652966e-01
8.161206215689831289e-01
8.157458025787981404e-01
8.161304968159815987e-01
8.155076810782269092e-01
8.166036783571030133e-01
8.169863238028656216e-01
8.165447975644517520e-01
8.154755546837769709e-01
8.152802862344679102e-01
8.168588452863310145e-01
8.173190378011424562e-01
8.168099622481037603e-01
8.167587313147465222e-01
8.173070834615178137e-01
8.172724881948949527e-01
8.172335579676326400e-01
8.175869063929221969e-01
8.158989141181244298e-01
8.162614710349986868e-01
8.160802026572053780e-01
8.162082817591873596e-01
8.164360720866774557e-01
8.179532980013142218e-01
8.166042810608246105e-01
8.167500355038912474e-01
8.160858731086038098e-01
8.164571082494948007e-01
8.169241996918281679e-01
8.160681604427588720e-01
8.164741603280805116e-01
8.163157440778316953e-01
8.176048043951762434e-01
8.172587279744847333e-01
8.175352079670843430e-01
8.172405120381975863e-01
8.160652979466853640e-01
8.163060096473087057e-01
8.171918947253639098e-01
8.164601736989741676e-01
8.157206919378361398e-01
