2.317775471309857505e-01
2.322249316373364847e-01
2.325393556481056279e-01
2.336048810124434216e-01
2.337381318026475752e-01
2.325220906449898539e-01
2.335883946112396470e-01
2.340739691898647556e-01
2.329013473434998205e-01
2.335851549558847495e-01
2.329524408911952671e-01
2.326079876168260230e-01
2.326578852326727231e-01
2.339890102342911393e-01
2.332761917850018074e-01
2.333921168173644367e-01
2.331720987488839492e-01
2.322599986248821691e-01
2.331197554154527396e-01
2.334635580554225986e-01
2.337460085131876641e-01
2.331561113691233422e-01
2.323832306493486821e-01
2.341733695199488818e-01
2.332182970516705200e-01
2.337130434253109623e-01
2.332290766446811214e-01
2.326886970295786450e-01
2.337049092403410133e-01
2.331165516397679105e-01
2.332788237489809569e-01
2.336157208663242613e-01
2.326623731178278920e-01
2.347623943984648576e-01
2.340212468961759829e-01
2.335536962849252274e-01
2.340897269640526690e-01
2.333614129759485345e-01
2.328999079375237424e-01
2.330425381773957305e-01
2.329489406839926890e-01
2.328388807816067496e-01
2.339965367811746022e-01
2.338149363814892023e-01
2.325263683259929659e-01
2.333614728449073805e-01
2.329064978724341706e-01
2.324559379007876125e-01
2.326735094337110676e-01
2.334166769832354826e-01
2.325471407933584755e-01
2.339523410327249975e-01
2.325765472220027719e-01
2.336492717716578960e-01
2.328704638443306330e-01
2.337152898348264229e-01
2.315406580704191808e-01
2.336633090850992744e-01
2.331401797658513297e-01
2.323323385315508027e-01
2.331668849360117590e-01
2.335278555994935168e-01
2.323078359546720262e-01
2.340954517726561157e-01
2.316988825189704171e-01
2.333306463658488816e-01
2.337006363867403236e-01
2.327955677960439340e-01
2.340214945469383245e-01
2.327141499227610710e-01
2.337764691728936306e-01
2.340522397753190542e-01
2.331835348916186657e-01
2.328347718219566653e-01
2.331853750755706334e-01
2.327054480005965598e-01
2.337997521214602581e-01
2.338008998562710328e-01
2.334382970158922488e-01
2.326635521033699749e-01
2.342507110731971709e-01
2.330426073208309301e-01
2.326143145395741796e-01
2.335565725797099090e-01
2.334481410208533725e-01
2.330850785893213151e-01
2.338060246630114247e-01
2.324026009591931563e-01
2.334071228980864887e-01
2.343074091195850861e-01
2.326430216014594987e-01
2.324645306821109259e-01
2.328358616979657458e-01
2.336536577112305890e-01
2.339768630147503470e-01
2.338103870155116004e-01
2.323855178941436894e-01
2.332796133395606542e-01
2.338107736169285633e-01
2.324258198929742003e-01
