2.210875925054975322e-02
2.434297509325438619e-02
2.300102992832758417e-02
2.375192263420215777e-02
2.186485580798301631e-02
2.352052192385241380e-02
2.250293169792996761e-02
2.301793840122765694e-02
2.340767540515651529e-02
2.230419718470767754e-02
2.273602240482278797e-02
2.411644307187937181e-02
2.324432898813645620e-02
2.213246738576949910e-02
2.249108836638388093e-02
2.248050920662071628e-02
2.364078922028575377e-02
2.254968065931166332e-02
2.379543204290738428e-02
2.296880428807508007e-02
2.264432968367955518e-02
2.306956183409123243e-02
2.175222418810619091e-02
2.376699461308110981e-02
2.326516204263553989e-02
2.369308410306350879e-02
2.238743741183711611e-02
2.297395836192770227e-02
2.230622284505507855e-02
2.219593138843049124e-02
2.246827382118100208e-02
2.231974195851281484e-02
2.335371146969452555e-02
2.288535897978948019e-02
2.299224156167407190e-02
2.309705003055803618e-02
2.225075271328555773e-02
2.296414349353534390e-02
2.288808854567718834e-02
2.292724292605317904e-02
2.316013778292373704e-02
2.400480975788710572e-02
2.186704303294404600e-02
2.168233639849724559e-02
2.171720530746824168e-02
2.331114603615688091e-02
2.223924494879891273e-02
2.313603451387505686e-02
2.272300534896052812e-02
2.374268185221475522e-02
2.234038388568468370e-02
2.271162118519315723e-02
2.405723111151506638e-02
2.219191317356595736e-02
2.235056243083273497e-02
2.326637775712745576e-02
2.262173580583396598e-02
2.210106198787834680e-02
2.325945446996195015e-02
2.264070921313231233e-02
2.388547892497299915e-02
2.359867960175980606e-02
2.346083358623481108e-02
2.254336392549779328e-02
2.278666596301793384e-02
2.386575760836843335e-02
2.250121110237129213e-02
2.299920124080608724e-02
2.306604247416872699e-02
2.335010662724244443e-02
2.435335300197337752e-02
2.262871168024893978e-02
2.381911485143305141e-02
2.303712976615737013e-02
2.267234617104550709e-02
2.249154626374594290e-02
2.327271704198346364e-02
2.244219443353374227e-02
2.330450727943544562e-02
2.356192532656179936e-02
2.361058365165714934e-02
2.401966787687151092e-02
2.235872486776955409e-02
2.305245219245488295e-02
2.274644968147998547e-02
2.395396339826497828e-02
2.288651022809422980e-02
2.315522381216916434e-02
2.351565845228258470e-02
2.173860009722557163e-02
2.344911436483433642e-02
2.207736951673163264e-02
2.315395854883559729e-02
2.346220619362203094e-02
2.350833613181416148e-02
2.282919996609556954e-02
2.233489002658333583e-02
2.195606220749389895e-02
2.286882273155924072e-02
2.341237656869785133e-02
