6.789853220852490323e-02
6.941629327564431684e-02
6.924795230413327563e-02
7.116854380865156315e-02
7.014307596892715990e-02
6.966786226125570858e-02
6.936923905535877233e-02
6.929477780150578026e-02
6.986135367200307922e-02
6.778828922378969668e-02
7.019725492474182538e-02
7.017479278037741519e-02
6.961622014716821460e-02
6.906943557946543244e-02
6.968816933694825522e-02
6.932833565461493652e-02
6.921930710473478410e-02
6.988064749466216252e-02
7.016525036471901733e-02
6.992937253899164651e-02
6.996498480270464670e-02
7.012479819137348858e-02
6.996523685037606133e-02
6.959747131603517822e-02
6.862621147494965546e-02
6.991155333607287914e-02
7.028584724651147642e-02
6.894806615580670317e-02
6.970519383316395312e-02
6.886594915202508271e-02
6.968691976573765379e-02
6.940630376717699113e-02
6.974463636083272355e-02
6.954270862791304963e-02
7.026777740277698192e-02
7.013111847753987493e-02
6.992489453708353175e-02
6.949418960071959694e-02
7.030199271793360905e-02
7.000826220482081474e-02
7.062857968995886471e-02
6.889999804835886255e-02
6.927772482267645360e-02
6.934415237813072730e-02
7.044742823571328860e-02
6.920233294282611414e-02
6.908318218291747970e-02
6.975290065878936296e-02
7.017564102600154508e-02
6.914132914851678358e-02
6.924417560209998601e-02
6.910135275388604170e-02
6.917623900140126847e-02
7.007627308414439427e-02
6.832030936299772483e-02
6.940548379588072636e-02
6.979397497701350650e-02
6.997026992996860373e-02
6.979644798834393205e-02
6.988671760580099368e-02
6.965167350518700062e-02
6.963872439955115512e-02
7.010415350283540070e-02
7.115658886548192896e-02
7.003636249152414561e-02
6.933979477124521673e-02
6.876080195589627519e-02
6.856968817084128920e-02
6.974301426821130634e-02
6.984958760292603319e-02
6.965620799012460507e-02
6.985634954954583753e-02
7.026758098793801921e-02
6.895911381539557294e-02
7.056743764112380357e-02
7.007642388475732176e-02
6.921737007399439423e-02
6.940273873923349934e-02
7.033967524713462260e-02
6.890098870416574983e-02
7.033388394772487062e-02
6.944269460956503659e-02
6.985567913369307436e-02
6.989029530843721139e-02
6.977740276871116643e-02
7.011206314640348880e-02
6.930470277119732403e-02
7.007453753155211407e-02
6.993437742668437429e-02
6.964419700426227600e-02
6.862636497154928072e-02
7.011939602732644716e-02
6.920878500381796861e-02
6.955238851630558827e-02
6.921434120234115639e-02
6.865589538012051296e-02
6.995906658903930375e-02
7.012221429494919223e-02
6.895466998021135274e-02
6.867111683351401208e-02
