3.020614026218577663e-01
3.050912745525234948e-01
3.040760902555851297e-01
3.050749085691374929e-01
3.035538332843585319e-01
3.038138256205080712e-01
3.039432030871708768e-01
3.045153808427973896e-01
3.035537489817164980e-01
3.047056279457261985e-01
3.050801399828818039e-01
3.032266759402403866e-01
3.042166276309478667e-01
3.053832297693905296e-01
3.042297572589539589e-01
3.036745797017394999e-01
3.035327856050707429e-01
3.040049440015645810e-01
3.043039493743736057e-01
3.043810684678989742e-01
3.039467938985559448e-01
3.035826587084927697e-01
3.050692544119399940e-01
3.038122397657673779e-01
3.038159237009478986e-01
3.043023585610840076e-01
3.045678893048349711e-01
3.050114158659302799e-01
3.047803159415183871e-01
3.038706765653610975e-01
3.044231902980084614e-01
3.043360247596051948e-01
3.045816985293919865e-01
3.039482720807762384e-01
3.041571211351064563e-01
3.033417073732649905e-01
3.035021852509673934e-01
3.049028729705340335e-01
3.044685701227524133e-01
3.038454335435425979e-01
3.043786433936336855e-01
3.031407648712900471e-01
3.043161068808510894e-01
3.044398959969516483e-01
3.048092264166197274e-01
3.054651074457385707e-01
3.051281005237804766e-01
3.025739357852689215e-01
3.043751234318076704e-01
3.039420584508337186e-01
3.043834109197887106e-01
3.043459976092859898e-01
3.041205214949717073e-01
3.052049620127854634e-01
3.049551701068996534e-01
3.045972664011342701e-01
3.043006365727711215e-01
3.052582058852612024e-01
3.040101565856914156e-01
3.044126363605973995e-01
3.043203757336723214e-01
3.051156605954967183e-01
3.037448177212016542e-01
3.045525743535513197e-01
3.033553688607989463e-01
3.040824596524190904e-01
3.030008913321190489e-01
3.049491582371359200e-01
3.052340906786934482e-01
3.037506491572632417e-01
3.038151856230430492e-01
3.050849792631600277e-01
3.045521593825497031e-01
3.043809980706429497e-01
3.043992431386979280e-01
3.043178879533092185e-01
3.033029135171829704e-01
3.040290734885803814e-01
3.045035225217421204e-01
3.036897040613883436e-01
3.047778974095434745e-01
3.043933284514098170e-01
3.050100803074724531e-01
3.043662711287896672e-01
3.039549070897244465e-01
3.052399644593276617e-01
3.050824761908044747e-01
3.041971728933808850e-01
3.049605871708015448e-01
3.036398124891243056e-01
3.049224705183321005e-01
3.047559502490818639e-01
3.041067445818250170e-01
3.028906777071284639e-01
3.046833049278862005e-01
3.036866366193383682e-01
3.042339183069703856e-01
3.046568588885907314e-01
3.051234482805660342e-01
3.036553195626656709e-01
