3.871425713234942223e-01
3.865502042556870910e-01
3.865184817863932532e-01
3.880608017016118905e-01
3.873482081613863759e-01
3.867479325685220237e-01
3.863605108426384493e-01
3.862797353932534428e-01
3.866311951444198480e-01
3.869926401617421741e-01
3.881280945420455541e-01
3.883865381956461693e-01
3.870560737110480543e-01
3.880873152961994421e-01
3.870955475417557912e-01
3.865852554629158333e-01
3.881241185167825236e-01
3.878674286829733031e-01
3.867963700068267618e-01
3.890658711377725232e-01
3.880720840440997632e-01
3.884480893085105468e-01
3.874976400083182115e-01
3.877606337659762481e-01
3.869641949487928057e-01
3.863530092282547734e-01
3.875789458257032916e-01
3.868580047782376741e-01
3.875668049113756286e-01
3.875197588697258944e-01
3.874485576636510498e-01
3.870720388526441291e-01
3.867205075472673337e-01
3.881714539554759758e-01
3.883665622421025310e-01
3.878387521979465569e-01
3.873976555917377218e-01
3.873177135750133782e-01
3.869336560725881724e-01
3.874006149578139713e-01
3.869552338073649622e-01
3.866198062053568529e-01
3.880160289970585596e-01
3.871519640212180424e-01
3.876331181162684381e-01
3.875583297042700659e-01
3.876296458745527862e-01
3.883643202027378116e-01
3.881820152258450562e-01
3.876834418637561952e-01
3.875055934328559548e-01
3.875113980147751325e-01
3.861788368712550934e-01
3.872420178891274323e-01
3.868099389495924800e-01
3.859159446380139302e-01
3.876760061555968306e-01
3.875772100442562706e-01
3.871972111962163066e-01
3.863250682425803384e-01
3.868987370870304310e-01
3.868872226883217080e-01
3.874315098909837385e-01
3.874538940582656910e-01
3.883945132164561276e-01
3.877346443682654353e-01
3.873655944773704007e-01
3.874726775850632077e-01
3.874198798029523383e-01
3.875552794448389182e-01
3.872814800562937587e-01
3.879074963058816161e-01
3.879111948887824513e-01
3.878129398298254538e-01
3.874206327488022295e-01
3.866623556348896540e-01
3.871247922352500925e-01
3.872468917035837288e-01
3.881648117026083034e-01
3.888938630369319638e-01
3.875213294370746797e-01
3.867776671062234661e-01
3.883367186897438428e-01
3.882770391244097508e-01
3.866953730123947608e-01
3.876671103369155880e-01
3.884708836291660972e-01
3.875817510342616234e-01
3.883903147768257291e-01
3.867989270214814423e-01
3.879867008993200805e-01
3.870354443730623650e-01
3.868248252929964437e-01
3.877743325819656972e-01
3.870915066824271999e-01
3.882597056135217439e-01
3.884788716412917453e-01
3.864586018159216207e-01
3.869424119672562057e-01
3.885856990108399467e-01
