7.519515852964189229e-01
7.530784460106945133e-01
7.532346000772963679e-01
7.534753424239697406e-01
7.533924625892738369e-01
7.540364058189542584e-01
7.543529949881280228e-01
7.536757630536704555e-01
7.543313893729438613e-01
7.539818668536647506e-01
7.538347662595217269e-01
7.531775791491460703e-01
7.526792085269381483e-01
7.540702376197443435e-01
7.533788720192476918e-01
7.534953832664389450e-01
7.525128583994129539e-01
7.542594147505785607e-01
7.532296876274787722e-01
7.534001386289399527e-01
7.533903671656573264e-01
7.536922451043477356e-01
7.528243767780787854e-01
7.535155398539947758e-01
7.539907222823103439e-01
7.525126016953557206e-01
7.527080879499797872e-01
7.536734627869715597e-01
7.535098167540400516e-01
7.541124196577810856e-01
7.535203241911322403e-01
7.542365125900662992e-01
7.526650082509360740e-01
7.548037969378931233e-01
7.546105580350104258e-01
7.531403804539965607e-01
7.532984340791548661e-01
7.526735542820992553e-01
7.543886059662552324e-01
7.527807290181760536e-01
7.542162684954980545e-01
7.529100740107367296e-01
7.538755194360944323e-01
7.532886279114356931e-01
7.538418611570258943e-01
7.523859671688243322e-01
7.532430016354558777e-01
7.531007256311703646e-01
7.528893670628430401e-01
7.540516716495009319e-01
7.537870105731702131e-01
7.531568350154749236e-01
7.523410622289637972e-01
7.530093522982164167e-01
7.528698210952730063e-01
7.529034739333931858e-01
7.523522141597621671e-01
7.539545980295253580e-01
7.536962158793829580e-01
7.538733372281454237e-01
7.531522628452653745e-01
7.536749599527242660e-01
7.525573631199313773e-01
7.540481861801416885e-01
7.536245924227920057e-01
7.537427064227397722e-01
7.534079857240584266e-01
7.545056266860075134e-01
7.536643018317089604e-01
7.525807178934322828e-01
7.534131942293909034e-01
7.534196121600227336e-01
7.528588765025808760e-01
7.534764635682820177e-01
7.531049749627380940e-01
7.542038449477330708e-01
7.543870785967727866e-01
7.547214159199975292e-01
7.524864290247577081e-01
7.529350793068827485e-01
7.521734082877853389e-01
7.531957316231268074e-01
7.533429265238853478e-01
7.529866660969792846e-01
7.535673544991022821e-01
7.535998528350564829e-01
7.532275317551158089e-01
7.535675709120581711e-01
7.535601307542540983e-01
7.533180504953899126e-01
7.533887703416199955e-01
7.521786771531246973e-01
7.524316600004727906e-01
7.530138083768636026e-01
7.545870746036595911e-01
7.536667847986826541e-01
7.537982568882690693e-01
7.525588083833566477e-01
7.529623564500997901e-01
7.539049466468331628e-01
