1.512363896299057098e-01
1.518800399772877174e-01
1.517457966393184754e-01
1.513927526815618263e-01
1.522000073966717215e-01
1.509756708371241540e-01
1.530190132520707069e-01
1.523620697270576807e-01
1.516811216771826731e-01
1.513866452812085428e-01
1.507222263761773262e-01
1.524746569263751017e-01
1.513804506564415120e-01
1.518677826035612910e-01
1.519674192383029809e-01
1.525963902723203591e-01
1.510199715628878780e-01
1.519759743765067839e-01
1.523368048385713436e-01
1.509621362511113785e-01
1.527463922308553712e-01
1.520144710390060050e-01
1.523133765886752478e-01
1.515050426154966323e-01
1.521758474077311574e-01
1.514046074498531236e-01
1.520877534579541113e-01
1.514864241044647786e-01
1.520442769907774938e-01
1.511804034867206825e-01
1.526896764604691037e-01
1.518613463651071194e-01
1.521002995551119508e-01
1.511111205000061075e-01
1.520347190754416933e-01
1.527460903058517894e-01
1.505954979607420641e-01
1.524568560736069833e-01
1.518458291309149888e-01
1.515154769341463814e-01
1.519754142766286398e-01
1.518473640936386371e-01
1.521889422445281970e-01
1.516599943427131558e-01
1.526064084728286363e-01
1.520165899009273125e-01
1.513382135263877659e-01
1.512056051790159339e-01
1.521464083651819510e-01
1.527103708172825591e-01
1.523565771656223145e-01
1.523020684234990818e-01
1.524689788731495854e-01
1.520752729035415307e-01
1.511127626055339956e-01
1.513983014476179279e-01
1.524272069630078774e-01
1.536139790187482368e-01
1.526362664476847986e-01
1.525208556983859709e-01
1.524343715904321050e-01
1.525336979807026261e-01
1.537303295183517771e-01
1.541391702156981180e-01
1.540990007984545107e-01
1.562935514317680408e-01
1.582387354217716924e-01
1.593371892242090859e-01
1.610307416683811610e-01
1.612318121836359697e-01
1.614841192900678957e-01
1.620826128091956142e-01
1.608059667643654822e-01
1.622572528484436394e-01
1.613649832339731915e-01
1.607958287723630919e-01
1.626396810294939155e-01
1.639232997029864414e-01
1.634158955575001348e-01
1.616684896109323866e-01
1.621019698426355293e-01
1.612798204635884081e-01
1.621897265625064644e-01
1.614426789723116262e-01
1.625939758861504880e-01
1.622271396889173878e-01
1.623233212671095216e-01
1.616083454992439938e-01
1.620346344817977235e-01
1.624431883755208250e-01
1.617313856830132623e-01
1.614458099685969483e-01
1.605470090472161382e-01
1.624120518858363782e-01
1.618873170093215186e-01
1.617089215776866817e-01
1.610545914586901661e-01
1.619739569866512352e-01
1.627718144667511246e-01
1.605692216067928224e-01
