4.473993919701165778e-01
4.478058217989185352e-01
4.481507100665593768e-01
4.476294186032839240e-01
4.480934822568998221e-01
4.479370804025139541e-01
4.483979684370043572e-01
4.488406530723350052e-01
4.480375998974349128e-01
4.496908422138402583e-01
4.480023421751804236e-01
4.483866271169322237e-01
4.480758536397636549e-01
4.474532654745633220e-01
4.488395878876971778e-01
4.492877179032320756e-01
4.488962959248313789e-01
4.479248103394154468e-01
4.488872491237647644e-01
4.491190780590000875e-01
4.483208357182318360e-01
4.480419121678106964e-01
4.486696843472182117e-01
4.480055739334494191e-01
4.482698556950559521e-01
4.478646695385728460e-01
4.476881809818461511e-01
4.486917091204696284e-01
4.484034166332568905e-01
4.487419214824988623e-01
4.490997254194097899e-01
4.496564378707035847e-01
4.497153381810647943e-01
4.481640228468611875e-01
4.468851288339259487e-01
4.483908974368906453e-01
4.490576654520059829e-01
4.497301027592180978e-01
4.485383462129712839e-01
4.483191023262182440e-01
4.477172503565994277e-01
4.485870508233291698e-01
4.487385580519933637e-01
4.486303841120777847e-01
4.483583076410558865e-01
4.474975857703016313e-01
4.497512228978096660e-01
4.488305425997818343e-01
4.480550614066537429e-01
4.489105195265198356e-01
4.489901276243487005e-01
4.493881472042494662e-01
4.490990927612710237e-01
4.483565969278461294e-01
4.477944165985507929e-01
4.488998207071365765e-01
4.486029639695714444e-01
4.505509544886504569e-01
4.483409617901440436e-01
4.488224689278462742e-01
4.481484215136226634e-01
4.481222528643386549e-01
4.491688251181539804e-01
4.495557945148461187e-01
4.486203436026626745e-01
4.491260950262583318e-01
4.479317496738076110e-01
4.471477753425271429e-01
4.486769414075006956e-01
4.491812931443948109e-01
4.481080435933375572e-01
4.491206330421541604e-01
4.480877502872160356e-01
4.492023346754631108e-01
4.494486845043011991e-01
4.483325549069790417e-01
4.480808020611384279e-01
4.470209187691110975e-01
4.492903368696414823e-01
4.482527407304436329e-01
4.478071062746472597e-01
4.481974015739892403e-01
4.488715433118199982e-01
4.486391850796015435e-01
4.490410440752882759e-01
4.481576623564318407e-01
4.480074305441011928e-01
4.477172821437659378e-01
4.487409802385109447e-01
4.482355809766145338e-01
4.492957664247012595e-01
4.475206358692945807e-01
4.469547346986135761e-01
4.484726802288296899e-01
4.489919755232126830e-01
4.482517262361165877e-01
4.475038439837459858e-01
4.487956581875869322e-01
4.494834694957241528e-01
4.482662003570139220e-01
