9.029081593269910888e-01
9.031562942402934224e-01
9.033250705125853708e-01
9.017277506393739372e-01
9.040214660985045336e-01
9.033047705405008454e-01
9.025721694923207750e-01
9.038414718641686330e-01
9.035940204042617330e-01
9.036849214090852955e-01
9.041568421269055023e-01
9.023415181569982568e-01
9.027910786623318806e-01
9.043481434961379017e-01
9.042310210023042361e-01
9.029489886824558775e-01
9.032608952658214285e-01
9.028802580114779763e-01
9.049227428940604945e-01
9.041139255654484508e-01
9.032743326447598697e-01
9.036463699386056980e-01
9.039980446271884684e-01
9.029532100561975527e-01
9.045559744309061845e-01
9.026359870719637968e-01
9.033061285526430284e-01
9.034423705500824742e-01
9.031238461631904135e-01
9.027734393783901634e-01
9.033353830021386699e-01
9.035835906675253604e-01
9.044573091471033166e-01
9.035209700285465884e-01
9.036463631807016839e-01
9.042984625194063764e-01
9.045615194648539692e-01
9.034128780643196910e-01
9.029570330949423518e-01
9.048680057225870765e-01
9.043295106033975017e-01
9.036501009110422533e-01
9.033012732858378691e-01
9.044306022610205664e-01
9.040833651945850979e-01
9.030560326798549031e-01
9.038917342881798156e-01
9.029729801788739518e-01
9.029468257852241164e-01
9.040553891335293413e-01
9.039095974936781630e-01
9.044022756797696072e-01
9.048840667832994678e-01
9.034083219634907458e-01
9.044343206958472825e-01
9.050389074836818759e-01
9.046823071659748638e-01
9.047597430712734923e-01
9.029870494192765440e-01
9.028026087759787321e-01
9.028825869799721460e-01
9.037039539199506200e-01
9.037197938096312999e-01
9.038740376823082290e-01
9.052585527928027620e-01
9.046865832062928048e-01
9.039936532372153666e-01
9.042822487731712044e-01
9.047015415065999822e-01
9.044883785817947608e-01
9.034910066817225527e-01
9.037944745258648105e-01
9.039397063464289506e-01
9.027033682672789272e-01
9.036419118738141520e-01
9.033061096486602048e-01
9.042704610917824404e-01
9.031793219360042535e-01
9.027381027223311261e-01
9.031482333643028326e-01
9.032082817182380818e-01
9.032596132872117156e-01
9.037495485020132779e-01
9.035480196139594744e-01
9.028594482580798442e-01
9.039804168405640716e-01
9.038563765539057160e-01
9.038451797945659116e-01
9.047607951465093112e-01
9.050395177112335876e-01
9.038120463527954396e-01
9.032995376321956149e-01
9.044715556522971989e-01
9.036555013806100156e-01
9.023759771476751457e-01
9.029102985811986448e-01
9.031650425141398708e-01
9.025950505579238836e-01
9.030467968725923722e-01
9.029800966161025677e-01
