9.755652395247423059e-02
9.874041918003005625e-02
9.913053660300522041e-02
9.745629106078471104e-02
9.799269013427738817e-02
9.705983336304957465e-02
9.790560709288634311e-02
9.860570409286564808e-02
9.861677770796632714e-02
9.722163278620965521e-02
9.723086838322206327e-02
9.777915119455886372e-02
9.761004340424173087e-02
9.819058074443394457e-02
9.811704119140125802e-02
9.800347318810331831e-02
9.734603271972003258e-02
9.708743420102267097e-02
9.851500378721832207e-02
9.869735403846283117e-02
9.713447567912675273e-02
9.909437828661760150e-02
9.724603024329009360e-02
9.836270000675070846e-02
9.838847540946715764e-02
9.779476396453963549e-02
9.770266473002373053e-02
9.716189682636872105e-02
9.877224151145681807e-02
9.678641819871136587e-02
9.773548038330602539e-02
9.794366227624624888e-02
9.780888084645396330e-02
9.702978853853082286e-02
9.894079516435824728e-02
9.768816140674305148e-02
9.786460442299693696e-02
9.812000597597236862e-02
9.779722826141140635e-02
9.823195261977951676e-02
9.711267286786849640e-02
9.765665636561887686e-02
9.984220944618880933e-02
9.880056443908825925e-02
9.861351665924983356e-02
9.780154953335823409e-02
9.620799145525216201e-02
9.724798997290347302e-02
9.769172167974445042e-02
9.816984131433481586e-02
9.805724639067063542e-02
9.876499252461314049e-02
9.735634993477101928e-02
9.681401039052622837e-02
9.866751960683320388e-02
9.855318397496032334e-02
9.857690044812586483e-02
9.774700270226793775e-02
9.870216528103600839e-02
9.865842540753427814e-02
9.784954348055718842e-02
9.759819129365743251e-02
9.780418042618965746e-02
9.917895590131289851e-02
9.817894177705627223e-02
9.826838940974733094e-02
9.773733862127939598e-02
9.747546135543198875e-02
9.876957334610414474e-02
9.821163882577231552e-02
9.784549609608586551e-02
9.755825087534408802e-02
9.853355644692789184e-02
9.733998863097874377e-02
9.807890699720023253e-02
9.765997881483071130e-02
9.805234868812939819e-02
9.783540110332220041e-02
9.815746419056622929e-02
9.818105336188880095e-02
9.729165507947096225e-02
9.814708035199573577e-02
9.897640564709880850e-02
9.831637003262788665e-02
9.797678247632089776e-02
9.971533744973527791e-02
9.822612284528493831e-02
9.822534899967783062e-02
9.790214208054030809e-02
9.683669736684813456e-02
9.814612938388225793e-02
9.728701921112420381e-02
9.885345147942466160e-02
9.828417797606188444e-02
9.829346026593782648e-02
9.744199944238782218e-02
9.794693151434463729e-02
9.776405003032101471e-02
9.749993349623901906e-02
9.814938527345934416e-02
