4.100522352567955581e-02
3.958925902352505161e-02
3.941981427475964306e-02
3.965587338014980867e-02
3.971128948843033468e-02
4.088056523976779655e-02
3.883622186818515287e-02
3.909950730390103490e-02
4.022173940619564597e-02
4.020825821527118649e-02
3.963010629635503601e-02
4.028890883911956378e-02
4.082783828116719194e-02
3.890323700299694321e-02
4.135284434919832275e-02
4.084468967763222463e-02
4.075721396458346218e-02
3.953441266487262018e-02
4.021600828562180846e-02
3.995057298985345284e-02
3.907477845429432883e-02
4.052474542860885764e-02
3.982930847137150510e-02
4.090707776624891157e-02
3.982678649279237926e-02
4.013532394009239335e-02
4.070213518884485682e-02
4.025862912593027726e-02
3.924633401130493693e-02
3.972275089730223363e-02
4.010587768761658678e-02
4.006391410441134671e-02
3.959781567938489011e-02
3.973080042844568532e-02
4.018450061777083249e-02
4.004692099615622669e-02
4.106250071681682989e-02
3.951101827573749031e-02
4.052564697980311215e-02
4.026840764312187432e-02
4.045230390601135817e-02
3.945673404273464940e-02
4.025022701283866022e-02
4.126694951996197347e-02
4.045945151408184698e-02
3.993452248726050979e-02
4.120202622741227227e-02
4.075071527376498970e-02
4.125066106157911083e-02
4.032197202927698815e-02
4.038977255191344290e-02
4.062283161798405789e-02
3.923984674081824192e-02
4.058118192437071281e-02
4.058348857637794627e-02
3.997059374146263305e-02
3.980304366763508239e-02
3.974361377724126843e-02
4.139535074775495260e-02
4.043870247749765945e-02
4.003245871393942834e-02
3.954580525597702068e-02
4.046231482529120266e-02
4.032935081051478021e-02
4.073897714545917509e-02
4.135865236564804232e-02
4.055384504892836639e-02
4.044092855335940789e-02
4.144429230802808284e-02
3.990875479112807739e-02
3.993905335023984621e-02
4.022125900863174341e-02
4.040610478282379014e-02
4.038209147298117696e-02
3.988173610774434913e-02
4.155442708236053995e-02
3.983970024788097142e-02
4.010287969145816950e-02
4.003375460522529128e-02
3.997566416155401425e-02
4.051262158311723371e-02
3.993826014893336884e-02
4.003157789094195784e-02
4.080891957952503812e-02
4.001522360550870128e-02
4.079251813731731013e-02
4.045552007372900383e-02
4.051604157586505273e-02
4.082062610197212393e-02
3.958625439639555654e-02
4.014821688521864190e-02
4.134877387211674526e-02
3.970765313674234909e-02
4.128885512913899047e-02
4.047865186006707749e-02
3.949643856301458811e-02
4.050003378600516152e-02
4.067803535478940746e-02
4.064905204701627084e-02
4.036872871245810596e-02
