3.799336670732941235e-01
3.803872508035062161e-01
3.805854368703613932e-01
3.803893447322921340e-01
3.806076648261873530e-01
3.796447015466831720e-01
3.809286229247749733e-01
3.812304449539019591e-01
3.821328051938955306e-01
3.804628270850453076e-01
3.794463830726760856e-01
3.797677239023591333e-01
3.815994371512446692e-01
3.807474051444666441e-01
3.805602633672992008e-01
3.791499276737539392e-01
3.811518670012665200e-01
3.812911738367472103e-01
3.807011206063156683e-01
3.802236923787002398e-01
3.812392008064797166e-01
3.799596257584916814e-01
3.798097823880062229e-01
3.810709843262374275e-01
3.806707277599430395e-01
3.800740563503125502e-01
3.795660290500226797e-01
3.800063145420381483e-01
3.813083217884814524e-01
3.806039192251582381e-01
3.800633198366722421e-01
3.792244145732848182e-01
3.801209556737920048e-01
3.804250996297871001e-01
3.803939804810009817e-01
3.810183358961052313e-01
3.803193069435151230e-01
3.807992747598109018e-01
3.805126640988783504e-01
3.803773062186772136e-01
3.799326398044735598e-01
3.804180366785573364e-01
3.806599608589155692e-01
3.813017823466752221e-01
3.810044595838610881e-01
3.803757588440302984e-01
3.802693724692662869e-01
3.804485493261405837e-01
3.813826443176792091e-01
3.806693705119422733e-01
3.804929529496103857e-01
3.808930894724553706e-01
3.815229843973602097e-01
3.808177592539641054e-01
3.806861192341585154e-01
3.812777728430002400e-01
3.801649073825553726e-01
3.806204658870659951e-01
3.803096315280486417e-01
3.805588546731802913e-01
3.807207982546640945e-01
3.791363443550179735e-01
3.800310743721502793e-01
3.797472329229240051e-01
3.804981246349028456e-01
3.801393700182470470e-01
3.799818888578779252e-01
3.805023984137800852e-01
3.817404264468652331e-01
3.807786812250490427e-01
3.804279773241737717e-01
3.799585332426604900e-01
3.817663394203810734e-01
3.803293991823980535e-01
3.811656524132085444e-01
3.811194970333201537e-01
3.801070725464625322e-01
3.809009910598368243e-01
3.804429000365111002e-01
3.810092534421387622e-01
3.804813762531462640e-01
3.797927605606961632e-01
3.798697115195578955e-01
3.805020309568606929e-01
3.805487032092130795e-01
3.813966809113046308e-01
3.809474801126245813e-01
3.804554901489418106e-01
3.815792205421308925e-01
3.801568112488052931e-01
3.802304402858301957e-01
3.792035935866208129e-01
3.800327929559612072e-01
3.806084823315993293e-01
3.801868712597878952e-01
3.802142404625641348e-01
3.797590817765391646e-01
3.811016678156474713e-01
3.805914168285622345e-01
3.800195250734449970e-01
