9.086756660771508898e-01
9.092473522492789950e-01
9.083749206105228291e-01
9.093823033389811794e-01
9.096286431157905028e-01
9.092257963183358882e-01
9.079733389420625578e-01
9.090591959246439036e-01
9.091668596878879072e-01
9.089246961223605981e-01
9.084131488183939673e-01
9.079034516977375624e-01
9.090903663942337953e-01
9.089773556054802084e-01
9.094890377408622051e-01
9.096249967645838597e-01
9.086743792172300438e-01
9.074227476556522287e-01
9.090740967814072704e-01
9.089168318648637168e-01
9.100697008915412667e-01
9.075906187617724941e-01
9.082931842096939601e-01
9.077292177722735556e-01
9.088622264430179509e-01
9.085866065278092041e-01
9.087735935385178321e-01
9.083986195280416842e-01
9.088888905784924255e-01
9.092198533260381632e-01
9.096646639808418922e-01
9.091152745089838838e-01
9.093469561471969609e-01
9.096864170652174675e-01
9.094452160284560716e-01
9.096796414847374557e-01
9.085409655940290818e-01
9.093069938957742959e-01
9.101929402688310189e-01
9.097690050011612017e-01
9.089493970369042497e-01
9.090883138904755079e-01
9.074509268756802971e-01
9.082204449555235648e-01
9.101146672354772926e-01
9.092254955338203715e-01
9.089439976894353457e-01
9.089045802532484952e-01
9.103025211802205918e-01
9.093808614163552129e-01
9.092218713606519120e-01
9.091953563890564638e-01
9.100664966004362588e-01
9.097094469721409560e-01
9.085374441467655160e-01
9.094005096934607568e-01
9.093707313138948978e-01
9.104783701793897066e-01
9.097759735968962147e-01
9.083924700518907214e-01
9.095230681733783573e-01
9.089304047989386071e-01
9.095122426559287820e-01
9.081719802140056919e-01
9.089308549618961841e-01
9.094542596203553098e-01
9.088162496020454340e-01
9.091580407772528183e-01
9.098619277223572999e-01
9.084080199234665365e-01
9.092561178997626836e-01
9.096562519623091481e-01
9.102121852636256838e-01
9.091254885028633437e-01
9.093268489476520333e-01
9.100072602162749824e-01
9.100297168235069734e-01
9.087165770665972531e-01
9.089500715635150385e-01
9.086760052893504414e-01
9.097536254426159541e-01
9.094182966286243897e-01
9.101320586145991154e-01
9.093234069772926365e-01
9.103456958290186973e-01
9.086107891122161551e-01
9.101756241029415051e-01
9.097008964437438561e-01
9.093827330713073476e-01
9.097664630915391903e-01
9.088548545198997797e-01
9.097369488168807194e-01
9.098443841907112306e-01
9.092534976862993723e-01
9.088067109508893848e-01
9.098076427292897117e-01
9.086896412481324514e-01
9.093204036605027074e-01
9.092580536438230610e-01
9.108764811883026669e-01
