5.566099062758753657e-01
5.572443081064715198e-01
5.581781584752490977e-01
5.557874668082540826e-01
5.574309101234404817e-01
5.581043518684832838e-01
5.587088548116307951e-01
5.575063509109632331e-01
5.574314219521143698e-01
5.590099795807057514e-01
5.583057489748437519e-01
5.573734941609873594e-01
5.575950546139497588e-01
5.577400293474836790e-01
5.583050203885395746e-01
5.572705324657883930e-01
5.574842365554245616e-01
5.569127495857451038e-01
5.574237623076805370e-01
5.573244896497503431e-01
5.577644121425369139e-01
5.571085222691013472e-01
5.573250003675142006e-01
5.580511726211749846e-01
5.576435719290970816e-01
5.572236910756069861e-01
5.587853219613695410e-01
5.572947284644926835e-01
5.566133339098522370e-01
5.566632096647460282e-01
5.565935810183139099e-01
5.567712150307148056e-01
5.573138010653870822e-01
5.579572577292886137e-01
5.568165120951000802e-01
5.574121060840225850e-01
5.577096640724781285e-01
5.579887708979498484e-01
5.584515789259216767e-01
5.582573599266285047e-01
5.578149845233910664e-01
5.573224058515336976e-01
5.575529849018139306e-01
5.593771331421224513e-01
5.580133139065001080e-01
5.581332167258106214e-01
5.588235419776911295e-01
5.574992620485118566e-01
5.568202733152216588e-01
5.583764310314145440e-01
5.581328754670467074e-01
5.575873060154872274e-01
5.574375347521469681e-01
5.566102671970877269e-01
5.574689005974962086e-01
5.574595164104113598e-01
5.569763038117531151e-01
5.570514492228783032e-01
5.573325152369992264e-01
5.566012000870335097e-01
5.575924738721507179e-01
5.571387469034700946e-01
5.569002679243952869e-01
5.576368353176295312e-01
5.583453281884593888e-01
5.573839716495287977e-01
5.567117057897918997e-01
5.571394744234583474e-01
5.567528635430561978e-01
5.563883271075369397e-01
5.580082445688220316e-01
5.584392485928753036e-01
5.570432704385324119e-01
5.564339743897721569e-01
5.569703818024771547e-01
5.577082846830314633e-01
5.564627412038246623e-01
5.572765180363012938e-01
5.569843195367596422e-01
5.578742554808119314e-01
5.577609034863677540e-01
5.569467586681664528e-01
5.585408092296503257e-01
5.586924682595302283e-01
5.577346215116711914e-01
5.568859674007184957e-01
5.572769959818999475e-01
5.580547611959376653e-01
5.560628382353397514e-01
5.563463249112953202e-01
5.567483972241481505e-01
5.574829801163109222e-01
5.571138380616506014e-01
5.572900157467282067e-01
5.562354849371101695e-01
5.575113343955678813e-01
5.572414321662967351e-01
5.575084014003026667e-01
5.575066490142090991e-01
5.580981240843789770e-01
