9.301218199399490238e-01
9.304540652662690592e-01
9.320464768371169439e-01
9.299204440981445607e-01
9.308550799716930335e-01
9.297269649750412590e-01
9.315946464478895850e-01
9.313059098016041037e-01
9.304334755167257276e-01
9.314687581036370512e-01
9.313177866468242971e-01
9.318263825020198787e-01
9.301023670952260902e-01
9.313804425605176629e-01
9.299840406803505655e-01
9.312740552652405412e-01
9.307040824408392421e-01
9.320783555580682833e-01
9.311191104941679564e-01
9.316326698599838307e-01
9.321611845453516842e-01
9.315419884051936439e-01
9.309230107687990197e-01
9.317027559100213852e-01
9.306218093389406754e-01
9.312997375345187789e-01
9.310015511405123068e-01
9.312043342290736714e-01
9.312185430744870374e-01
9.306679895376450684e-01
9.315744335290886413e-01
9.301629185679320955e-01
9.313563827967648034e-01
9.304999265336544312e-01
9.318479296528066058e-01
9.309531052535851003e-01
9.302335632162486156e-01
9.317225739395237349e-01
9.307399047176229123e-01
9.315800285969225714e-01
9.315007624848995471e-01
9.306533860656126533e-01
9.309982730223345104e-01
9.305321053637140016e-01
9.301189069803388332e-01
9.309595664363385925e-01
9.318012410778500065e-01
9.313780516082166283e-01
9.314216657268057364e-01
9.311993089621835029e-01
9.303185896860308723e-01
9.312069260694237904e-01
9.313528467272130795e-01
9.315088254334763507e-01
9.310509260396193643e-01
9.306437528708855211e-01
9.305429817120102198e-01
9.305489074421666729e-01
9.309774099618539633e-01
9.307571234941751648e-01
9.309289427770092162e-01
9.314158992809552506e-01
9.307056215998688042e-01
9.307016476073303179e-01
9.313826289614042242e-01
9.309930907067623940e-01
9.315143388321230900e-01
9.316820507281210473e-01
9.308312598542484162e-01
9.301380938478351901e-01
9.307134019858924745e-01
9.310346796646874479e-01
9.307973709019865538e-01
9.304129602405412092e-01
9.306488709665832193e-01
9.306907647152239393e-01
9.311770975076250068e-01
9.311336677895160063e-01
9.308095767053412573e-01
9.300304956211222773e-01
9.312938212601380439e-01
9.308707928547776955e-01
9.308005369012364305e-01
9.313984806802186878e-01
9.310920038499257423e-01
9.307002736988194691e-01
9.302362111978397241e-01
9.312057846482967305e-01
9.304061705636574864e-01
9.302773100955568086e-01
9.306382730376594470e-01
9.302941564071727232e-01
9.331201293405391173e-01
9.311886266300295478e-01
9.312451119729781013e-01
9.307892688580375884e-01
9.318684382174744485e-01
9.319872766641290607e-01
9.309040197843241327e-01
9.315443769707733024e-01
