1.996860069679833316e-01
1.990675277315129832e-01
1.997383049800853794e-01
1.995646691685529772e-01
2.006642113352303525e-01
2.001959991423137852e-01
2.002921346376101697e-01
2.004004872577950236e-01
2.010497854718551747e-01
1.997883645810713260e-01
2.000802521934602618e-01
1.990805841599281867e-01
2.002318548038864998e-01
1.994765002781839214e-01
2.005875357730363406e-01
1.996073605527852735e-01
2.001836580906681817e-01
1.999776898286739768e-01
2.004358980121768163e-01
2.000964050148329454e-01
2.006895581082589197e-01
1.999210768098060864e-01
1.998173025749507281e-01
2.001359947857947741e-01
2.013626232373388614e-01
1.993344315511311748e-01
1.997774469426211730e-01
1.993260580541431348e-01
1.996423636903003063e-01
1.999906207330324204e-01
1.999199738354726363e-01
2.007185143599229393e-01
2.001289196357416145e-01
1.996273894009596150e-01
1.999812435440793679e-01
2.000118745207692950e-01
2.003419120199846637e-01
2.009440658784847344e-01
1.995986281684731245e-01
2.008601231349034788e-01
1.993400143186442319e-01
2.001649250799092394e-01
2.002590187086691620e-01
2.009866268235707687e-01
1.989874995887189746e-01
2.001094195270494980e-01
1.997236161459982617e-01
2.005139107636597640e-01
2.002871809777316270e-01
1.997260370297902765e-01
1.995123829862546494e-01
2.006792194817610397e-01
2.007512239604074544e-01
2.010403528365239945e-01
2.004763182109927100e-01
2.006502117582067424e-01
1.998287568541822212e-01
2.002938447226669250e-01
2.004549991057760772e-01
2.005175509031399128e-01
1.995891896883268402e-01
2.011807315094509274e-01
2.005655129556865868e-01
1.989092078400289121e-01
1.994457944663772242e-01
2.000443748323018633e-01
1.993114591848041406e-01
2.008703725947947050e-01
2.005356563311108675e-01
2.014164976843950683e-01
1.993551913184477276e-01
1.998165623475886554e-01
1.993207315539352598e-01
1.988861062768076393e-01
1.998018511788862694e-01
1.988262950605810264e-01
1.995932815834109975e-01
2.003644220415901622e-01
2.011438521833394666e-01
1.997419509386149650e-01
2.001716368710942662e-01
1.995049752878484128e-01
2.001636139347336418e-01
2.003155524149899391e-01
1.995188110017777627e-01
1.998343033187519602e-01
1.993627691995339679e-01
2.000174646967463610e-01
1.990500102897396206e-01
2.007711897201413520e-01
2.005740459084315863e-01
2.009480383037132445e-01
2.001259680384857575e-01
1.987273399680197783e-01
2.004432154963579071e-01
1.993536303887369354e-01
1.992643435009763542e-01
1.995521579290570058e-01
2.004515361631787340e-01
2.003554998868780357e-01
