4.713054142754447007e-01
4.716844749649075630e-01
4.719726838618137910e-01
4.721254235884111417e-01
4.719761078477620608e-01
4.727548008302410176e-01
4.724399742657562351e-01
4.726410268470369047e-01
4.710884659709021482e-01
4.717004401747096898e-01
4.710599388719021730e-01
4.728226377222825016e-01
4.720918126848039909e-01
4.711746846502240516e-01
4.715839618755728324e-01
4.717678586553831765e-01
4.722616469457038835e-01
4.726357267209352342e-01
4.708873425760524700e-01
4.707793012871146487e-01
4.722623938081623729e-01
4.710249844717656065e-01
4.713645335370784117e-01
4.715516585852145282e-01
4.696562330577462308e-01
4.721483619908859453e-01
4.727112256729647521e-01
4.723184759723079162e-01
4.714763164731455847e-01
4.731232467363125638e-01
4.720703708922183162e-01
4.712691775289443163e-01
4.712460790625246920e-01
4.713997380290126937e-01
4.729431377098702871e-01
4.728092251802892276e-01
4.722989679593064261e-01
4.708557549591769753e-01
4.707345508654462440e-01
4.724675653480180371e-01
4.721525226933200869e-01
4.706180366329911213e-01
4.715390151379532657e-01
4.710543215357168578e-01
4.722727639211479200e-01
4.721762153925704864e-01
4.715709211778254528e-01
4.711108011970785991e-01
4.703040511957817249e-01
4.720332733544799764e-01
4.710460432579323120e-01
4.721296864980091268e-01
4.715431826435635410e-01
4.718095228463030644e-01
4.715782296884756253e-01
4.717132295560500510e-01
4.719873072283783388e-01
4.711224354236309697e-01
4.709421571074843271e-01
4.713297456854695922e-01
4.714008907886464428e-01
4.706399011322297543e-01
4.712867652124673734e-01
4.711029601380255505e-01
4.709287777787070639e-01
4.717879439910726003e-01
4.726688416824900152e-01
4.724544181360890160e-01
4.704267059061278400e-01
4.711580153146368577e-01
4.721263158993261877e-01
4.716087592269678774e-01
4.716270365654237073e-01
4.714378829735102472e-01
4.707199439140089536e-01
4.711755411419060735e-01
4.730879687045992932e-01
4.720403168904365732e-01
4.708020866408008098e-01
4.720107063347601106e-01
4.708167231490143489e-01
4.711285627276378118e-01
4.711046183982375846e-01
4.719198933482171010e-01
4.719433762515641839e-01
4.724124457070362770e-01
4.705238849045639826e-01
4.705384333188150636e-01
4.725159884016288947e-01
4.715385831064892175e-01
4.710919267318923187e-01
4.714272809390330776e-01
4.716567193328673468e-01
4.703109583470524435e-01
4.714091635849608775e-01
4.707304659753291931e-01
4.712064200671373104e-01
4.708927316640961203e-01
4.716798275096933390e-01
4.716504170199583568e-01
