1.774765623989749408e-01
1.772422961759035631e-01
1.786009126319761942e-01
1.780858398889436367e-01
1.771841317278071704e-01
1.774220082459502246e-01
1.776079822274819753e-01
1.780342961527809353e-01
1.788284486309318355e-01
1.777568331977337768e-01
1.782063261369048468e-01
1.774318049330719238e-01
1.773127371035685407e-01
1.767798747042848007e-01
1.771460126058114204e-01
1.790931649102586176e-01
1.787264213790855094e-01
1.776623285699017729e-01
1.775086618181693221e-01
1.783142465989547287e-01
1.779981660033599367e-01
1.776287025481932125e-01
1.785944349597138048e-01
1.774160052718900260e-01
1.772214473732332818e-01
1.780928447882892673e-01
1.788184769749280312e-01
1.788205150483740957e-01
1.775701575097268781e-01
1.773277204104838356e-01
1.772095283908242114e-01
1.782601164735748145e-01
1.785854908900653681e-01
1.779949679451792721e-01
1.767939857040653762e-01
1.783231390880967160e-01
1.775031900548254271e-01
1.762510587407938312e-01
1.785345664770450758e-01
1.780348090636111047e-01
1.774669604575682125e-01
1.784642197645627815e-01
1.769066585839371986e-01
1.780017194952272508e-01
1.781893034172093437e-01
1.781897405981578419e-01
1.766786807406579840e-01
1.780206659360807353e-01
1.778999219088753525e-01
1.779428130778424322e-01
1.781357686479803082e-01
1.775653201706674511e-01
1.787137966470567774e-01
1.782714595367253518e-01
1.778973289121847934e-01
1.780578510953177152e-01
1.780901230572406735e-01
1.776833325984029377e-01
1.776484334728593573e-01
1.779707605019865413e-01
1.782583944092918649e-01
1.771927368732901797e-01
1.783531725672141965e-01
1.772027144832067080e-01
1.776069708292687399e-01
1.770654884535314277e-01
1.774607818732569509e-01
1.779558857337756872e-01
1.781893294185979415e-01
1.778190626048660739e-01
1.781318076653730098e-01
1.771656566951254064e-01
1.784812087375440282e-01
1.774236099208934825e-01
1.793391214652372279e-01
1.773277062356295175e-01
1.774257872895649013e-01
1.777614244101354823e-01
1.775829507347037872e-01
1.776241278739919549e-01
1.779176532904447328e-01
1.779076988133594661e-01
1.784701537471813926e-01
1.783096040910779889e-01
1.765550325332537751e-01
1.783975354996186202e-01
1.781046185795877590e-01
1.774947288886952190e-01
1.786992222092303184e-01
1.771096134202368999e-01
1.785072851294490504e-01
1.775410881922240280e-01
1.772339830023323959e-01
1.776784518103803057e-01
1.777187517907942438e-01
1.782831024838081868e-01
1.774324225640495356e-01
1.780468759580124960e-01
1.771097124902996367e-01
1.782658515227786289e-01
