7.473908727680516062e-01
7.477188255712114984e-01
7.481831176539236461e-01
7.486950899260003123e-01
7.489137732354891330e-01
7.487465301607209023e-01
7.488400519241760200e-01
7.487802951748898650e-01
7.482046189253512836e-01
7.488683581803570188e-01
7.482270257009060455e-01
7.479889858203704334e-01
7.471803487483186235e-01
7.488814159136207849e-01
7.496762389425110085e-01
7.487239938149401475e-01
7.497871584351869512e-01
7.478998262993519219e-01
7.495406478676815976e-01
7.486605065897289357e-01
7.479714130645276349e-01
7.483720241271719642e-01
7.478947329230853924e-01
7.472053486107326226e-01
7.477661252378249301e-01
7.491650800975042657e-01
7.478112622534123233e-01
7.484129977869569128e-01
7.472726162412166584e-01
7.471830915792831984e-01
7.482382069645030498e-01
7.490730005055783458e-01
7.478008911523728042e-01
7.491399060499649432e-01
7.487068818403639359e-01
7.493510836756038795e-01
7.489499049635284234e-01
7.485662780734270161e-01
7.481799852139083828e-01
7.490205601432038396e-01
7.483403735251342725e-01
7.488783217057711772e-01
7.488251031960098114e-01
7.494893790458626581e-01
7.493679163596543846e-01
7.489537662523959582e-01
7.484894510721007421e-01
7.498552618479399356e-01
7.492837376283454365e-01
7.479441697105025932e-01
7.472433770730493308e-01
7.490127877642007714e-01
7.491673465333479331e-01
7.484288628141928523e-01
7.494813156205130111e-01
7.496281307942641581e-01
7.479145675779472757e-01
7.492801553185897134e-01
7.500866404166259827e-01
7.483858061223420677e-01
7.467052883347167214e-01
7.487057589213143016e-01
7.486908156879603649e-01
7.478796172104718032e-01
7.501358509905514671e-01
7.497770109362889013e-01
7.497154013478678491e-01
7.493315327831486794e-01
7.483624488350305581e-01
7.480782246267720925e-01
7.473005242300444495e-01
7.493821744440338772e-01
7.485185829859415385e-01
7.492045306714695263e-01
7.484821204125743366e-01
7.487443783877268944e-01
7.486773632944851986e-01
7.484005761910559329e-01
7.491371738326635388e-01
7.484524039678956964e-01
7.482319956249674497e-01
7.495146864075339366e-01
7.473312630391262257e-01
7.495460549543030426e-01
7.484211087130521189e-01
7.481891307896650911e-01
7.489686780397731836e-01
7.482508268634715520e-01
7.481928808268494269e-01
7.487642065133636171e-01
7.489918873649310527e-01
7.478857278883237480e-01
7.492504564332721495e-01
7.487207580362540416e-01
7.475938765697061061e-01
7.483574296869578424e-01
7.476908144269311940e-01
7.475470154924767074e-01
7.485869056352854045e-01
7.489703684787680782e-01
