4.955452979034479788e-01
4.947770855633129017e-01
4.956070600571230722e-01
4.956240808115844887e-01
4.951025405327970086e-01
4.964429650439490804e-01
4.971763952955622345e-01
4.938330339535303981e-01
4.955930858131116779e-01
4.950465160092636374e-01
4.961667237559421184e-01
4.961068258050771451e-01
4.957166572770048685e-01
4.957324002403221685e-01
4.959996611653455512e-01
4.939992009962747010e-01
4.961846266965313501e-01
4.953765085589628692e-01
4.962741772931157369e-01
4.943836041601268327e-01
4.972735168347799939e-01
4.947755561944193192e-01
4.952761343438990549e-01
4.953753578964480431e-01
4.950533503869773977e-01
4.962358721270401785e-01
4.958580698010398580e-01
4.961350727990615495e-01
4.953513524726823603e-01
4.968861990260421413e-01
4.957030001211926162e-01
4.957618049426494311e-01
4.952609080744861947e-01
4.954690752253568808e-01
4.956093791788569458e-01
4.962463209775405115e-01
4.958216978811380016e-01
4.943849291734447871e-01
4.955802319433816328e-01
4.957781543184493489e-01
4.957604272880800078e-01
4.952010848478703431e-01
4.956602775681033801e-01
4.956208879790903188e-01
4.954212529533212894e-01
4.959614619686588677e-01
4.952509362291438455e-01
4.958540115387034541e-01
4.951309767772760217e-01
4.956595276424254903e-01
4.966787087619192742e-01
4.964354488819692213e-01
4.951926483114159616e-01
4.949243219773272751e-01
4.958028367835444761e-01
4.959440409767912339e-01
4.958231750373698898e-01
4.958339666787691113e-01
4.957233135491960763e-01
4.961174809177398837e-01
4.953670677968120550e-01
4.956814318360417415e-01
4.955663609603010999e-01
4.952888787747692367e-01
4.948189031676973326e-01
4.950397893884959100e-01
4.953601916664213678e-01
4.957709280331568658e-01
4.950824718874068386e-01
4.959318361644390327e-01
4.946434159460804669e-01
4.950301246669480681e-01
4.953809443117240807e-01
4.961527780228180973e-01
4.962756266209892297e-01
4.950658490619656016e-01
4.959017137644062267e-01
4.960991583703268093e-01
4.955641850925331382e-01
4.953545627877788404e-01
4.950428587845284722e-01
4.959827591888638088e-01
4.956267120330748455e-01
4.962551840993552066e-01
4.953843181883038627e-01
4.951673600066388570e-01
4.955802693786715007e-01
4.957834954865010246e-01
4.966789503399808847e-01
4.943906560031097186e-01
4.954067315818808659e-01
4.952558597227584847e-01
4.956225381035956890e-01
4.964233536413546477e-01
4.953960090901193269e-01
4.970752998713855453e-01
4.947478523870506573e-01
4.953581026610763827e-01
4.956187944736861195e-01
4.962334959180160210e-01
