7.172472442880176713e-01
7.189284018666634024e-01
7.181307171814362844e-01
7.188836526565801632e-01
7.193072184681557069e-01
7.194778945422667382e-01
7.188604818050283729e-01
7.187033382215963773e-01
7.197889245888472454e-01
7.202284913785207410e-01
7.191922852310734804e-01
7.187407610937917024e-01
7.194469219696582041e-01
7.199675846577292537e-01
7.192196753285724498e-01
7.202430787838306481e-01
7.197641307849675929e-01
7.201584425872885609e-01
7.196107872160010244e-01
7.194775046149817221e-01
7.183573699299958815e-01
7.201852678290956433e-01
7.207115578637448561e-01
7.204573243006953120e-01
7.197474527949236922e-01
7.190239947532469644e-01
7.190247922089993970e-01
7.196721984829208552e-01
7.193482201644676444e-01
7.188543328229851648e-01
7.188468000212901998e-01
7.187409250284430007e-01
7.191367579114337216e-01
7.192481852090645278e-01
7.198987959036977635e-01
7.203138243391613571e-01
7.199486591903619948e-01
7.197460637095380864e-01
7.187917696710479643e-01
7.204774954103185802e-01
7.197395044986703017e-01
7.195226817300424127e-01
7.196508851316587574e-01
7.191846973132789422e-01
7.195401204666058703e-01
7.191333963941806129e-01
7.188916068581037155e-01
7.198122611956391248e-01
7.197313815362924583e-01
7.200876139939873521e-01
7.192481142705506869e-01
7.196593923532279558e-01
7.196094520109089787e-01
7.194516622038173992e-01
7.209061247734764866e-01
7.201487371037696983e-01
7.203562453656238151e-01
7.208138083366704141e-01
7.204145478590662233e-01
7.202995743430030684e-01
7.188856610633636013e-01
7.193080809436035450e-01
7.198838607205916285e-01
7.189393123755245529e-01
7.199101755159393878e-01
7.195661745492371031e-01
7.188811653333637697e-01
7.188182234162621143e-01
7.186767218085529096e-01
7.188328517943018969e-01
7.196180554918503169e-01
7.200854190921466280e-01
7.186512126685260515e-01
7.199049805206456654e-01
7.193930395186896032e-01
7.183266274590272005e-01
7.186952172825262775e-01
7.210102656529419063e-01
7.190787361800650146e-01
7.195761291753497435e-01
7.198160091601097932e-01
7.185046659752745146e-01
7.192068912853344376e-01
7.190206473772369211e-01
7.197654435372029536e-01
7.185387415300270586e-01
7.196933411972957773e-01
7.193343815960884235e-01
7.198605623552811750e-01
7.181502207588810194e-01
7.193269238737074467e-01
7.193941905559484429e-01
7.191335140269130566e-01
7.184391012169834001e-01
7.195306711512989839e-01
7.191878742270741975e-01
7.192026288692414671e-01
7.205704230402165678e-01
7.191560886487409210e-01
7.193521114865758515e-01
