8.317043379466384501e-01
8.332167971359037972e-01
8.324749967988138710e-01
8.319079744176677282e-01
8.328862048315902600e-01
8.332720859511755229e-01
8.338978945103980855e-01
8.330590102000887676e-01
8.324527447638494504e-01
8.322907145077758084e-01
8.336473649045099688e-01
8.339021913125550522e-01
8.330035971552975926e-01
8.327259092351619874e-01
8.334502989896024339e-01
8.330535927522492168e-01
8.332921789970543225e-01
8.325811990363909398e-01
8.331975736097321228e-01
8.334314295385345517e-01
8.321564372005676447e-01
8.332335150012504243e-01
8.338939916818074449e-01
8.339860433407108031e-01
8.336651674692753256e-01
8.322933062634996215e-01
8.344382612482302841e-01
8.332213935972938579e-01
8.336405363659040724e-01
8.336006369524566750e-01
8.335849219896512841e-01
8.322687840576226126e-01
8.331127395299390281e-01
8.329715513958322326e-01
8.338396197983344305e-01
8.328223860877022044e-01
8.326752982510654544e-01
8.341970622926742074e-01
8.337927799758872993e-01
8.331006038923591817e-01
8.348376126036078926e-01
8.333783825878517959e-01
8.336287123448760106e-01
8.339977380850082112e-01
8.334615475923903283e-01
8.338638225725318875e-01
8.343064960164480182e-01
8.338304752599299263e-01
8.327649313829759148e-01
8.347890007208743635e-01
8.332913742596196327e-01
8.338267110738437626e-01
8.330137647888438135e-01
8.347182149981623445e-01
8.333716300787747944e-01
8.329671757662358011e-01
8.326335752842953797e-01
8.336565542413322261e-01
8.331760120052225105e-01
8.331299449102600452e-01
8.326158908916543311e-01
8.339411768092479527e-01
8.339876659959271077e-01
8.327518208761640617e-01
8.331126984640161437e-01
8.336061725234514830e-01
8.321096539511628754e-01
8.339049473945683300e-01
8.332798703606515422e-01
8.336871255406864689e-01
8.331867956375754725e-01
8.329556439872070062e-01
8.328851884211396772e-01
8.337774281479489735e-01
8.340130827195006979e-01
8.343743127787202063e-01
8.337589618049398021e-01
8.326629616663453470e-01
8.333474489681654829e-01
8.338320313459933741e-01
8.330288261403304695e-01
8.337400115145863211e-01
8.343412335280433467e-01
8.337535246326737148e-01
8.336979448660833958e-01
8.325175012557693988e-01
8.328159058780841839e-01
8.350379444365341186e-01
8.334755143181069581e-01
8.334139584461801586e-01
8.327957103625857060e-01
8.342920549927272944e-01
8.330760514176073217e-01
8.325360582685050748e-01
8.327720255204338340e-01
8.349100354212728448e-01
8.347251310296079918e-01
8.331250995419157146e-01
8.333181352590244284e-01
8.336861829934707480e-01
