3.612297666102731175e-01
3.621848560672669137e-01
3.626941943041287475e-01
3.621434054231241761e-01
3.621791053552392281e-01
3.615980737648775145e-01
3.618190959839954202e-01
3.624913042189997769e-01
3.631213080246044056e-01
3.641200003357729087e-01
3.631374761755223890e-01
3.621332014010591460e-01
3.627306596847604259e-01
3.619591910902127951e-01
3.626235783129278523e-01
3.609790819765748560e-01
3.620472544109572532e-01
3.623320018307842894e-01
3.615292417073483477e-01
3.619499503868663370e-01
3.627165233741573847e-01
3.626299262932917156e-01
3.626544099442410296e-01
3.630940579886124397e-01
3.623572565284240432e-01
3.637759463231755586e-01
3.625152499324031385e-01
3.622184952113202128e-01
3.626271339440035879e-01
3.628480677466627835e-01
3.609666278393674488e-01
3.620584572370440513e-01
3.630252644297674025e-01
3.619572696471450302e-01
3.611735221888773273e-01
3.614271527929570627e-01
3.613315006284707476e-01
3.624600900567577222e-01
3.611087084254725466e-01
3.631303016809600548e-01
3.628082402285018881e-01
3.613290954428775015e-01
3.619602682137230132e-01
3.618011725969611514e-01
3.631692187890943058e-01
3.619850760240571619e-01
3.619785336304539580e-01
3.627980651351752628e-01
3.623979517216303625e-01
3.625648890832850468e-01
3.634442401328197292e-01
3.637064952367950466e-01
3.626838653572063143e-01
3.619586986741224477e-01
3.626033263701367026e-01
3.624163708884554080e-01
3.620386867126820785e-01
3.617921462217459916e-01
3.620243013876884852e-01
3.626146789291029293e-01
3.631019311099121794e-01
3.626041540901771554e-01
3.620223478761779856e-01
3.624707552871900829e-01
3.635651556308695520e-01
3.620557090399239009e-01
3.627340240096877944e-01
3.632315985876520825e-01
3.626843160272613664e-01
3.626333665824804653e-01
3.625986176730864319e-01
3.627299110585903152e-01
3.632285058658122900e-01
3.620387763061209130e-01
3.616919207787501200e-01
3.631504844782557084e-01
3.617732617140710372e-01
3.614287329149371564e-01
3.636673673714151400e-01
3.626894352385590103e-01
3.620042638478571106e-01
3.617462818877089648e-01
3.627364599825669833e-01
3.628170981413489926e-01
3.629890632459839006e-01
3.625786189526197800e-01
3.621393854305337001e-01
3.609950328588885649e-01
3.629908810858594181e-01
3.634555286583259770e-01
3.629268751549161731e-01
3.627883720950302315e-01
3.626849161308033365e-01
3.630859498831698895e-01
3.620053661339134310e-01
3.613077170890551804e-01
3.617286885982627376e-01
3.621786300028955186e-01
3.619931327054493053e-01
3.627471870052607628e-01
