4.313392917440022623e-01
4.322223040552476969e-01
4.318537457961818538e-01
4.326282425490142747e-01
4.322195531354287024e-01
4.325086406871262446e-01
4.327330527742141442e-01
4.331095676217519563e-01
4.323990656940190913e-01
4.320777195031975104e-01
4.329220878237604597e-01
4.311089777105198140e-01
4.325640391795398942e-01
4.317639262616545515e-01
4.317487126124171515e-01
4.318946184830363411e-01
4.333417042310228062e-01
4.348332704322090958e-01
4.329178174533524492e-01
4.318479649210749116e-01
4.321321998007543463e-01
4.333412560353729903e-01
4.336642314974311074e-01
4.313505397166568223e-01
4.336080227896793038e-01
4.329571773345733954e-01
4.322091349817641648e-01
4.333948324732637136e-01
4.331284394925021264e-01
4.321176858175186375e-01
4.322618820846257370e-01
4.326328883858138741e-01
4.317286021370574378e-01
4.332613213633569327e-01
4.333735974315032768e-01
4.314158805792449591e-01
4.322686816319820102e-01
4.319432640399603618e-01
4.331469748516237339e-01
4.316342084461068929e-01
4.328480642930933597e-01
4.322914608292970917e-01
4.322803142773236074e-01
4.322806143494670739e-01
4.320067223646394394e-01
4.331313510381334941e-01
4.326444230135148561e-01
4.321815005042267122e-01
4.325820480777350374e-01
4.332343786515655548e-01
4.318560768048700371e-01
4.322862308939992571e-01
4.327074601881048532e-01
4.316040844921049668e-01
4.324486635853658223e-01
4.320489336029191829e-01
4.321687840886725418e-01
4.321728482257806148e-01
4.310127972408958064e-01
4.317792660637189694e-01
4.323687622085252147e-01
4.319234823256690170e-01
4.329858364009736560e-01
4.318134825515619890e-01
4.328262907833880790e-01
4.326629723897374991e-01
4.317563359634043474e-01
4.315498757760971027e-01
4.320588808192933894e-01
4.312854154135050688e-01
4.332798850432937887e-01
4.328747917740757289e-01
4.323056185583094568e-01
4.324964453235646267e-01
4.319400521651636238e-01
4.331214226482995588e-01
4.321092847544601434e-01
4.324043467164767618e-01
4.316871043085222515e-01
4.328963083244817267e-01
4.330812508280988404e-01
4.331818166836057249e-01
4.324146794511278813e-01
4.325540424919974702e-01
4.324425775564679775e-01
4.325999300265815917e-01
4.324885728134745810e-01
4.333553062874327955e-01
4.327788343827747020e-01
4.328613886318135595e-01
4.321853095147870638e-01
4.317616801168857044e-01
4.332708890528799706e-01
4.323935684953000291e-01
4.332629407577202052e-01
4.333170404796588548e-01
4.319350218569058542e-01
4.320459516427977986e-01
4.321218213099971006e-01
4.317373845882849781e-01
