3.346156003953021374e-01
3.346237567839328575e-01
3.352285288721978396e-01
3.348535839199644482e-01
3.343423317756706870e-01
3.342251962892352490e-01
3.353866232114549040e-01
3.346984317035210377e-01
3.359501283559195306e-01
3.349722645340017513e-01
3.352402863671002375e-01
3.352018804437628674e-01
3.359191145717981275e-01
3.354163145045523375e-01
3.337995128692921587e-01
3.350354923767325244e-01
3.355937935671658434e-01
3.364637251528120321e-01
3.357119451348749561e-01
3.356444743275521780e-01
3.358781362979370022e-01
3.347847901076104193e-01
3.355906699637617452e-01
3.363304422666888449e-01
3.351601106454996093e-01
3.357921372998013410e-01
3.360337795130993732e-01
3.357756700589606402e-01
3.348919601245146649e-01
3.362421698082554977e-01
3.339183371384139010e-01
3.351269402496089289e-01
3.362068265426275682e-01
3.354645032021713047e-01
3.359670356029494931e-01
3.347889958715222769e-01
3.353218218994675204e-01
3.352922485181067946e-01
3.348244546730398397e-01
3.353109372605725391e-01
3.364984158848803864e-01
3.347838768674938348e-01
3.353495089272974239e-01
3.360932409027904688e-01
3.351642713447400279e-01
3.366296691984165257e-01
3.360620658983702880e-01
3.343373320982804264e-01
3.342019924541525522e-01
3.356899000990772319e-01
3.350892728864091619e-01
3.358729404883499803e-01
3.355437745365231206e-01
3.348298401452581841e-01
3.355241248464790882e-01
3.359674105025075574e-01
3.352469280164796506e-01
3.351068366067736504e-01
3.347324899485750183e-01
3.351768438710963083e-01
3.341813967750880132e-01
3.347422390480671028e-01
3.361597821599742186e-01
3.363881134881023804e-01
3.357243830125192785e-01
3.359747158048274063e-01
3.361844201653805819e-01
3.360066903413062023e-01
3.354941614033185582e-01
3.358297390135517313e-01
3.355113934700277856e-01
3.362223472057374596e-01
3.336434943721471313e-01
3.341017854519716113e-01
3.364177032242527399e-01
3.343572053767363550e-01
3.343824261972534462e-01
3.352887486431487263e-01
3.338356460780657620e-01
3.358807483270943584e-01
3.346873041892133305e-01
3.342762410045572175e-01
3.343657916435999189e-01
3.354517526254487403e-01
3.354631890543900985e-01
3.361569096249946709e-01
3.359047383630069938e-01
3.352776658029267831e-01
3.348773069789117152e-01
3.361783765922969902e-01
3.358923831995265230e-01
3.357123973582616383e-01
3.357643818095462640e-01
3.363531238277571167e-01
3.368266534547142976e-01
3.349755578594884042e-01
3.354293472727766789e-01
3.361142411513098338e-01
3.353535101916724770e-01
3.354488788341890571e-01
