6.428959150039461612e-01
6.451246443535989528e-01
6.428964907512945137e-01
6.450173529133360617e-01
6.438661268453826914e-01
6.445774514324495996e-01
6.439094841754267051e-01
6.448565302152272638e-01
6.448680252552663195e-01
6.433470110150307786e-01
6.442119349176701482e-01
6.440419524319835887e-01
6.438959958316413656e-01
6.439755086315472887e-01
6.423205918071090981e-01
6.436416081088893737e-01
6.420548048281151665e-01
6.426083302406553344e-01
6.427287805736846549e-01
6.446277179068240493e-01
6.434629097404062081e-01
6.431910451128046713e-01
6.432566322208479459e-01
6.433254659819143129e-01
6.427246048718679994e-01
6.439218386843882369e-01
6.435759413893467062e-01
6.436961557075792095e-01
6.444194064860093718e-01
6.435094453139915682e-01
6.428996163656830465e-01
6.442841812653173905e-01
6.428088890048238024e-01
6.432251619850158919e-01
6.446285490652310379e-01
6.435255432648202545e-01
6.444224790815054060e-01
6.431083553225304117e-01
6.425935366153834316e-01
6.426083942127496229e-01
6.428392499759618683e-01
6.443048560292021776e-01
6.437327643728848470e-01
6.432090062978979006e-01
6.441202450021455972e-01
6.436985476818521956e-01
6.441619980150925517e-01
6.424772965697209681e-01
6.443474737457066670e-01
6.423703178626306576e-01
6.436786084664809504e-01
6.430063636737342048e-01
6.437738692507493088e-01
6.442183627407940261e-01
6.429331248069555249e-01
6.434332173450546533e-01
6.436709051121560776e-01
6.429538396801406375e-01
6.442324703024755461e-01
6.437508699453793337e-01
6.431658476621133769e-01
6.424495210745317930e-01
6.429427651842274383e-01
6.433344642245406586e-01
6.440260638725283648e-01
6.422378190022870470e-01
6.429783141712135386e-01
6.440470657192385318e-01
6.426068256147339230e-01
6.443856855525609273e-01
6.440546891171999855e-01
6.436789887159646284e-01
6.436000978042430987e-01
6.440299921261116722e-01
6.439895671239754815e-01
6.425440115112066586e-01
6.434072490833221414e-01
6.429913228598198582e-01
6.431526359249823965e-01
6.435601322802146917e-01
6.430534550272042349e-01
6.432787402132255083e-01
6.441575540856935289e-01
6.439396259888507945e-01
6.432493727826174013e-01
6.437011290045934198e-01
6.428912025655969531e-01
6.431661332601907866e-01
6.434496051178875131e-01
6.431369006269538335e-01
6.431264421844244961e-01
6.440586150538302190e-01
6.444106944529718328e-01
6.436871547506732849e-01
6.439727392778329396e-01
6.435915584058005123e-01
6.439820448091656546e-01
6.439504018042745415e-01
6.434647521117581315e-01
6.423521852958677947e-01
