5.544720861417976598e-01
5.562110440165414227e-01
5.545600284873992702e-01
5.566837598848145552e-01
5.569985868301159382e-01
5.567948694854688574e-01
5.564403502720863814e-01
5.568178466017686956e-01
5.569720113392949701e-01
5.572970749846763994e-01
5.568477231204196354e-01
5.557765947453683353e-01
5.567564379880172165e-01
5.567479221483935259e-01
5.566230573821939753e-01
5.567956302758285680e-01
5.561793904317353654e-01
5.575440706678971292e-01
5.566394845714313089e-01
5.566772182411399150e-01
5.564443403991233827e-01
5.557040224380164206e-01
5.561103031625781457e-01
5.553762882305064430e-01
5.571456709786795081e-01
5.559530308697810952e-01
5.563196150758670244e-01
5.571713999895573366e-01
5.559080587616713753e-01
5.562915956415084295e-01
5.546831975720888375e-01
5.553915208987798557e-01
5.554893837780889854e-01
5.554630133851825580e-01
5.553962850198431722e-01
5.567122572241756107e-01
5.564863392945657017e-01
5.561984377189201911e-01
5.564510759985723531e-01
5.571460625433453107e-01
5.569304409772546371e-01
5.557400534907455114e-01
5.568897881102828906e-01
5.573553258021926027e-01
5.569196248604617594e-01
5.565033410705821915e-01
5.563881480185284278e-01
5.557623683289771854e-01
5.557577346799686957e-01
5.565347593559862860e-01
5.572639483885379885e-01
5.565772058539928402e-01
5.566080235538324317e-01
5.567664287879201535e-01
5.571509569241381854e-01
5.558587237077173837e-01
5.576559847259056069e-01
5.570434395428073282e-01
5.570063277675405544e-01
5.578745598782474113e-01
5.564713244664434288e-01
5.564679342880478607e-01
5.577046079964018688e-01
5.560249471866938187e-01
5.567160191587592344e-01
5.568588544054158262e-01
5.567064910692332003e-01
5.561340796483762450e-01
5.560649975903093623e-01
5.572015049730808522e-01
5.564060097121588111e-01
5.566623415879062842e-01
5.578718962170716722e-01
5.566700764794451084e-01
5.564967480728035820e-01
5.557098069000109275e-01
5.558564687985703134e-01
5.561755298271762182e-01
5.563537537106524322e-01
5.568511400676890988e-01
5.564536777187136796e-01
5.565356593091876913e-01
5.555661900983028811e-01
5.567224941583488462e-01
5.554918360946704547e-01
5.554726473087474581e-01
5.567185947892894227e-01
5.558157340276785874e-01
5.566755112012458095e-01
5.568712680028535811e-01
5.567157418916457434e-01
5.568288655794447761e-01
5.567599312718185534e-01
5.557224509449114613e-01
5.564050322004930882e-01
5.570426381473497779e-01
5.557898054601443372e-01
5.571155935424436656e-01
5.559407632821828926e-01
5.563904726607485918e-01
