1.177919268839652533e-01
1.167411426553393861e-01
1.187163545556698396e-01
1.181370338834444034e-01
1.173622728435365636e-01
1.172576304241806366e-01
1.175748006223422959e-01
1.180156634737442867e-01
1.181765286191742981e-01
1.185426274420390003e-01
1.182326349976220159e-01
1.165535902710861660e-01
1.175420857182231382e-01
1.177579053432039335e-01
1.188528402098338183e-01
1.165802842180038851e-01
1.183160166748440933e-01
1.177302212527399916e-01
1.172060571113522909e-01
1.175153136327912184e-01
1.179295533040420063e-01
1.188980769986609926e-01
1.172539273441093322e-01
1.171858774513639678e-01
1.172579056997750391e-01
1.175805518779377834e-01
1.177576451377519567e-01
1.177412912637689213e-01
1.176137425380061607e-01
1.178769961583783776e-01
1.182862697604260827e-01
1.181074329799553652e-01
1.188910173528441583e-01
1.189669218358818253e-01
1.173730087874358952e-01
1.177933126047764345e-01
1.175625241875417060e-01
1.179677126053234604e-01
1.181511951545494155e-01
1.183067647212888290e-01
1.189293528350484352e-01
1.186333503329994599e-01
1.184355007112484204e-01
1.175213750666955909e-01
1.172237189974071614e-01
1.165800039770960445e-01
1.178592209018171633e-01
1.176175314245457709e-01
1.178498131508504687e-01
1.178440297876018339e-01
1.179418172192656378e-01
1.179339873406376471e-01
1.176224668525771011e-01
1.181760327307706804e-01
1.185138570123493718e-01
1.185325534604770026e-01
1.189526420261158152e-01
1.183119117872072079e-01
1.175269556747376293e-01
1.181956358640709054e-01
1.187989041007593560e-01
1.180077034506456235e-01
1.178148296361417879e-01
1.174303898624079190e-01
1.184206104968018314e-01
1.175685586282652628e-01
1.173237194019115387e-01
1.179540546359402475e-01
1.177877832552133991e-01
1.176613454987792406e-01
1.176595867183087007e-01
1.177716795850072690e-01
1.177830917571699859e-01
1.175087348053552444e-01
1.175421873393370648e-01
1.189841106765010675e-01
1.172904936337055559e-01
1.186783930489900829e-01
1.189209938422271934e-01
1.173172472851516379e-01
1.179935818619924220e-01
1.184882342844296166e-01
1.188891146331245013e-01
1.171890487888039845e-01
1.179838510236277810e-01
1.182859520711087437e-01
1.182376593260736769e-01
1.181227159755795786e-01
1.173066004753658687e-01
1.170489185204371674e-01
1.181948481884668167e-01
1.170135049279412698e-01
1.172908616224483530e-01
1.191117934661165279e-01
1.177892346437369453e-01
1.173754564186965665e-01
1.175143102892874242e-01
1.182785354893926555e-01
1.178532696948634828e-01
1.180636289582133736e-01
