8.440592653463203643e-01
8.436041901273869659e-01
8.440167650482789385e-01
8.452699760540833829e-01
8.424401770230607323e-01
8.446738748939132124e-01
8.449683917740609118e-01
8.440549671847070723e-01
8.448580562180263431e-01
8.430459091761486334e-01
8.437382258328787188e-01
8.438476024970549272e-01
8.445447803305297096e-01
8.442517737152017698e-01
8.451045976057952602e-01
8.453180160600630710e-01
8.446614295614003343e-01
8.453104228867657222e-01
8.438483996172132517e-01
8.438949122107702872e-01
8.443318413670592992e-01
8.445412050418363847e-01
8.442261267835380334e-01
8.443145352131696812e-01
8.437981804529797181e-01
8.438145713831132211e-01
8.437213991172377581e-01
8.448108513181835644e-01
8.451781296439060398e-01
8.442287040339746529e-01
8.448055159489507027e-01
8.433463010110071600e-01
8.446622724667749438e-01
8.441384048907574211e-01
8.439737530212165773e-01
8.452961984610680712e-01
8.442735222052331068e-01
8.435914196861573622e-01
8.443437120250087968e-01
8.450098863470022481e-01
8.442295592539053040e-01
8.443737817422876102e-01
8.437589232844275866e-01
8.454520774855329712e-01
8.443208459166060553e-01
8.437536249724081339e-01
8.441680125278714364e-01
8.444727195246524154e-01
8.447214356930400347e-01
8.440075982294217294e-01
8.442664496393447182e-01
8.440020772200691468e-01
8.442387593726796702e-01
8.449886442394958230e-01
8.443133137751570594e-01
8.445274956184121162e-01
8.460387510662401578e-01
8.449138732721845901e-01
8.451669887898134448e-01
8.450719680120790667e-01
8.438045797713076279e-01
8.443290758249153427e-01
8.453444069979272335e-01
8.438842448438506061e-01
8.449398012330003871e-01
8.444250262439910726e-01
8.446121277656006843e-01
8.456263846130156470e-01
8.444321365437774674e-01
8.447256949102175394e-01
8.453374399927886529e-01
8.442858024759557489e-01
8.437198003928235712e-01
8.436864467662392730e-01
8.436826021560439592e-01
8.440525092165651611e-01
8.446745828802950662e-01
8.464418927425318984e-01
8.443218822217830599e-01
8.444508055167698757e-01
8.441741801219279084e-01
8.448153947273422393e-01
8.433689687222583053e-01
8.447127458852811133e-01
8.438294131249075569e-01
8.443120316544474591e-01
8.440757481322576083e-01
8.442658950485197877e-01
8.451555976418669847e-01
8.433708388993217397e-01
8.432544975559966849e-01
8.449129072352075109e-01
8.443316431100706954e-01
8.439258907903646190e-01
8.447551151410764847e-01
8.446476933114706043e-01
8.443574455489578634e-01
8.437480744394232346e-01
8.431578779509638633e-01
8.445327305215677427e-01
