4.044045852350515169e-01
4.057020983084360655e-01
4.042418574348557447e-01
4.050004390990336045e-01
4.051078396341054044e-01
4.039394626246406439e-01
4.041358021700215408e-01
4.040532922454104781e-01
4.046251036592266592e-01
4.050535185262928994e-01
4.050925489263907942e-01
4.052088277061461907e-01
4.034463343523659873e-01
4.057262689062385297e-01
4.046897346922925798e-01
4.046043580768652337e-01
4.036669605890770840e-01
4.049772888183605923e-01
4.051592347828068541e-01
4.038729378392245661e-01
4.046440116994475256e-01
4.042874152965375001e-01
4.043969951866909218e-01
4.045193069200533342e-01
4.044544953205463367e-01
4.039429878225138104e-01
4.046735817334887741e-01
4.049605146287283408e-01
4.044738863696145659e-01
4.043342997394797633e-01
4.043177589906606917e-01
4.037166820699716330e-01
4.039180081507847131e-01
4.032283352262554521e-01
4.048041317764689562e-01
4.046598095428848296e-01
4.038839840369591316e-01
4.047056277374255773e-01
4.054754121126036281e-01
4.037529738236177446e-01
4.042229945516658818e-01
4.043128661456794615e-01
4.048735039519625323e-01
4.044036915284909828e-01
4.039639959338004460e-01
4.040138302749080035e-01
4.038688363754142641e-01
4.042181665344548036e-01
4.041940783594713538e-01
4.046444245369208437e-01
4.038591453607183190e-01
4.033975451130459855e-01
4.048594338231242817e-01
4.052268178615201499e-01
4.032354087892860983e-01
4.036086093552397891e-01
4.045262360741037067e-01
4.039762486605873448e-01
4.046784970276031124e-01
4.042034791513789971e-01
4.043873394251893405e-01
4.040907283662542593e-01
4.037685511801945015e-01
4.044493838313679701e-01
4.043548052364934753e-01
4.050954832214342938e-01
4.041261912446879045e-01
4.046795855816508469e-01
4.052615983197553895e-01
4.039844350856346411e-01
4.040178024196197648e-01
4.034111356574305862e-01
4.040446448043669148e-01
4.041647074423480035e-01
4.051201962845049076e-01
4.044628484515654931e-01
4.037881707255579489e-01
4.052570320701166517e-01
4.045806406066328464e-01
4.047568934196548729e-01
4.045269747728861276e-01
4.044492408058659172e-01
4.056202349160846765e-01
4.054541736300762977e-01
4.057814910851896828e-01
4.035286644862511318e-01
4.037332989670074923e-01
4.056425034156490028e-01
4.054022511864784351e-01
4.040375697154424128e-01
4.041023813242727858e-01
4.048764242448990025e-01
4.038374393579948762e-01
4.048739135490186936e-01
4.050123996022603201e-01
4.045041437921403915e-01
4.044700055013132345e-01
4.051261424268568501e-01
4.050629516832879862e-01
4.050076087354745891e-01
