7.750012600410851604e-01
7.770654899390591064e-01
7.768717759732178818e-01
7.772656044235914941e-01
7.755985805530024590e-01
7.771840136009560140e-01
7.766557223413634858e-01
7.760640397702209814e-01
7.773535903673715053e-01
7.753662827293905657e-01
7.772076259171345480e-01
7.764500090416333045e-01
7.765054721877834298e-01
7.751683635468070710e-01
7.758913009477541589e-01
7.771202166551872681e-01
7.766129421327947480e-01
7.760073355728448474e-01
7.769294643787517662e-01
7.765750504772765961e-01
7.764355809631235950e-01
7.761358435207983408e-01
7.766298316054708328e-01
7.772201953904934735e-01
7.768967938306672316e-01
7.761728863313375193e-01
7.757004964376532641e-01
7.771551635115405698e-01
7.762412932208726524e-01
7.761090127730729815e-01
7.758271919226833457e-01
7.774685687747776575e-01
7.761731853567488404e-01
7.765731217207171300e-01
7.770241990412558586e-01
7.762477248269994412e-01
7.767796357495768689e-01
7.768083163300313343e-01
7.760049371330357548e-01
7.769931709064575864e-01
7.765847872135094310e-01
7.776773136187007385e-01
7.771777264376826810e-01
7.762991429545489375e-01
7.763071902013793935e-01
7.759849889495763486e-01
7.771157743776812010e-01
7.766706544946714308e-01
7.772197716341913143e-01
7.766732508923395173e-01
7.763379716096288075e-01
7.769903198344589867e-01
7.761168712941217684e-01
7.767304372702699133e-01
7.768726165507683357e-01
7.786662400024544350e-01
7.767574718547716195e-01
7.771423875442746709e-01
7.764332880476383369e-01
7.766042796143322047e-01
7.762736876570903721e-01
7.765321248276468857e-01
7.760346453243711640e-01
7.765297393287792227e-01
7.750752013680121122e-01
7.767463536423179216e-01
7.765000845407916685e-01
7.770428558290551901e-01
7.764684597864821569e-01
7.767494206880332097e-01
7.760182198052316682e-01
7.751619538663443443e-01
7.765739804940314794e-01
7.762329537143501934e-01
7.761903812338932784e-01
7.761046644384608229e-01
7.764733564622134931e-01
7.763294090088335153e-01
7.768088721047535783e-01
7.769765401871979726e-01
7.771542979112415761e-01
7.767274142697140338e-01
7.757075705888858419e-01
7.770908472603937911e-01
7.757730422028792372e-01
7.770116417766287364e-01
7.773158614104485054e-01
7.768963247680599205e-01
7.755292709439584042e-01
7.761761018621498032e-01
7.763468660766144058e-01
7.758024791806346077e-01
7.763361541251572184e-01
7.768637684309420699e-01
7.762528317672728884e-01
7.762204950682970450e-01
7.778451389487279766e-01
7.754365453841027822e-01
7.773259897259422457e-01
7.766196311283521947e-01
