3.106405329311458519e-01
3.112446279455544085e-01
3.117737257558614306e-01
3.103590143759080711e-01
3.111342950102202742e-01
3.117544773140181191e-01
3.107109936628807412e-01
3.128278158627039174e-01
3.129699856067318375e-01
3.102963348552441047e-01
3.115213026921823669e-01
3.116698032647839400e-01
3.112850924643253969e-01
3.122687138610152346e-01
3.119578123532917302e-01
3.105477959735725157e-01
3.108365839940733233e-01
3.116896509969320217e-01
3.110008507102053898e-01
3.112172364569074645e-01
3.110681302592354092e-01
3.115750925020682738e-01
3.117757885676943896e-01
3.108695230848421143e-01
3.106854790016390644e-01
3.125654020772188346e-01
3.127473014724811984e-01
3.106890168288963805e-01
3.121233801567084853e-01
3.124081843940196279e-01
3.105516435707187939e-01
3.115014696143849071e-01
3.116115968764927580e-01
3.104464555792803560e-01
3.109500213358913911e-01
3.112853443298358447e-01
3.101871589813899877e-01
3.109636229369505678e-01
3.110541357073440816e-01
3.109523899164326477e-01
3.116949833434261574e-01
3.106753884689158474e-01
3.122946898116504277e-01
3.115743145178144213e-01
3.112087098436301380e-01
3.103491137652231724e-01
3.129329751125813908e-01
3.115483783252244177e-01
3.117199371364038352e-01
3.099212609748661640e-01
3.103591862452910188e-01
3.103064294898763009e-01
3.107328274868178530e-01
3.117772586141012159e-01
3.119347504741595833e-01
3.119688695131163092e-01
3.117091813186343985e-01
3.108357740150635706e-01
3.115239653142398701e-01
3.116208464272034462e-01
3.108861575186047665e-01
3.111390513991015294e-01
3.117991171658693883e-01
3.113791310506529575e-01
3.115626607968475792e-01
3.112920264512276103e-01
3.109919949004699702e-01
3.103582053195833579e-01
3.116555569957331073e-01
3.118931236668671114e-01
3.115922792120841556e-01
3.103044458168149333e-01
3.106579499182939852e-01
3.106159750026851740e-01
3.126132384646019835e-01
3.111065800517975322e-01
3.114133656560058028e-01
3.119276756633753700e-01
3.112892866500940325e-01
3.115682931806493250e-01
3.120694589243024342e-01
3.118235884357976051e-01
3.121914722033024003e-01
3.118822928774412917e-01
3.113793997812716041e-01
3.108716372153698670e-01
3.116336210159828535e-01
3.112186906731803093e-01
3.106890237486240602e-01
3.113502510376471855e-01
3.103526002901392800e-01
3.113704817330091856e-01
3.117835115931342216e-01
3.113754024423156519e-01
3.110636763843654395e-01
3.112831920581071721e-01
3.124552947851113038e-01
3.113824987920266185e-01
3.098745718510330094e-01
3.113856728081009773e-01
