6.291368185086245735e-01
6.296653146081722108e-01
6.296160897579927695e-01
6.295929911832292003e-01
6.298444562226803711e-01
6.284928569213743543e-01
6.298257461736258556e-01
6.295238306743645706e-01
6.306183327204180067e-01
6.290652351491796690e-01
6.290573231039765512e-01
6.299862419805422054e-01
6.290185885569682389e-01
6.285597923334982351e-01
6.287444504816568358e-01
6.299093746484762946e-01
6.294386628024410957e-01
6.298561286808661563e-01
6.285482551718523103e-01
6.309111062037784379e-01
6.297291181213416911e-01
6.292887675632534705e-01
6.306618405804222949e-01
6.297480217265400970e-01
6.282318716195396391e-01
6.287912669158889356e-01
6.296460236741869831e-01
6.303788046540841350e-01
6.285960804877177566e-01
6.299518681212983306e-01
6.299583249664091333e-01
6.293112939905173286e-01
6.281492604522365131e-01
6.296230001879731253e-01
6.295121573970039464e-01
6.289422822418768710e-01
6.289554898831246632e-01
6.289464524552947911e-01
6.294011480639092326e-01
6.291807298284317618e-01
6.294457664294501598e-01
6.297921478046121235e-01
6.292173554989441975e-01
6.296613597825178044e-01
6.298197524622495269e-01
6.300561031217095653e-01
6.295643425263894866e-01
6.285367302697563163e-01
6.288211816419446709e-01
6.297270375011378984e-01
6.294869477293176807e-01
6.293964045220685755e-01
6.296994681710170738e-01
6.304748509466409079e-01
6.301596902600684613e-01
6.296224890805426355e-01
6.287162410409716795e-01
6.299302454879717184e-01
6.284980691170282130e-01
6.291033461798709592e-01
6.295085789664083276e-01
6.296243818015174742e-01
6.287243938158971757e-01
6.296426685734072271e-01
6.294877770177946807e-01
6.291298824024406100e-01
6.292769298056721805e-01
6.288679267344879920e-01
6.299279542188200853e-01
6.298360767925936798e-01
6.305942498690800813e-01
6.294378750104631104e-01
6.291159487391118077e-01
6.306744029428266174e-01
6.296800368058139696e-01
6.298068571825182760e-01
6.299273604838587781e-01
6.298044304166590113e-01
6.287742190394902675e-01
6.299307188006251224e-01
6.282907416590853833e-01
6.287935377843830720e-01
6.306895314692966270e-01
6.287633058032741085e-01
6.292421351743450186e-01
6.294300464716279242e-01
6.295261912949552396e-01
6.303364577751279230e-01
6.295986201269159199e-01
6.298809738931295810e-01
6.289274090993297595e-01
6.284561598660152182e-01
6.304201364489422366e-01
6.289831345352905334e-01
6.296670086620792528e-01
6.302568343916385984e-01
6.298114923709399182e-01
6.291324411772700742e-01
6.301236138906136652e-01
6.307600778042906642e-01
