2.088007140655211979e-01
2.101064797434677445e-01
2.103992291420226368e-01
2.103332974126035926e-01
2.111416661985474619e-01
2.106747132081456808e-01
2.111057606625125205e-01
2.109844802797533614e-01
2.096292359432869734e-01
2.100356809439613559e-01
2.107442397095704023e-01
2.107170485050451902e-01
2.102986312751165543e-01
2.108061825091974428e-01
2.095413367748075739e-01
2.093469353237751851e-01
2.115120419120041784e-01
2.093519636460367539e-01
2.103745087664232738e-01
2.093925690295170838e-01
2.108835102049110288e-01
2.108211024883642759e-01
2.113064219031929869e-01
2.108947445582157743e-01
2.095836854165842311e-01
2.110049350208840491e-01
2.098475791766018506e-01
2.100118574672314442e-01
2.099267469664164998e-01
2.091517889527123308e-01
2.098643718281651971e-01
2.093894281294635673e-01
2.111181527287492032e-01
2.109373597988740134e-01
2.099443308227020855e-01
2.111331542781618165e-01
2.103124360841550911e-01
2.096049438429575806e-01
2.098674403995041127e-01
2.080784300485791771e-01
2.098572483822547796e-01
2.100376936274495621e-01
2.102707606163043419e-01
2.108900510322506139e-01
2.093574950054509221e-01
2.094461191980761527e-01
2.107737695008941037e-01
2.095923688418812603e-01
2.092153365152962519e-01
2.109192986944054826e-01
2.105996885635899596e-01
2.099612072056321888e-01
2.097088937457211033e-01
2.095192337120982407e-01
2.107515207705005222e-01
2.106396681339988419e-01
2.106459177283511730e-01
2.095199170961004886e-01
2.091985666361638185e-01
2.098787831034391038e-01
2.097194962822699071e-01
2.100764773805288699e-01
2.100632206661832702e-01
2.114580923115836897e-01
2.103996787983264394e-01
2.097470172096099761e-01
2.103658593996635129e-01
2.092846417446683205e-01
2.098848613815396114e-01
2.097423110442797056e-01
2.088974993787547918e-01
2.091199359930843715e-01
2.107061839486865373e-01
2.090501670372820475e-01
2.103853362980580011e-01
2.104437214013696877e-01
2.110908027269244591e-01
2.109194913665803639e-01
2.096637395005366833e-01
2.118593885284510980e-01
2.092383660593745143e-01
2.093887600067068089e-01
2.106558357149181382e-01
2.102588388956567744e-01
2.098828706915364106e-01
2.100158940769804028e-01
2.102042665249271580e-01
2.092562862617253772e-01
2.094586639862816568e-01
2.100353890643802957e-01
2.098121818420893847e-01
2.104327738179611607e-01
2.089742213366333201e-01
2.100520533925235300e-01
2.095479432586613289e-01
2.102572648342283523e-01
2.106961572024458884e-01
2.101479006620064482e-01
2.089534370610547365e-01
2.091332026487678075e-01
