5.602714106116077897e-01
5.611564536979291029e-01
5.611735483918735001e-01
5.611044689033711785e-01
5.625576086893766536e-01
5.609609853871521112e-01
5.610218214279240057e-01
5.615803099040515001e-01
5.604932570071653464e-01
5.630005370784505470e-01
5.613748474811619538e-01
5.614613502033654058e-01
5.613485713566582769e-01
5.610158529217008638e-01
5.620469407519519400e-01
5.614117280757708883e-01
5.618784319995646648e-01
5.622460134141767929e-01
5.619595245594370958e-01
5.622171601456015244e-01
5.613552221272906095e-01
5.607403802923907055e-01
5.611531349515548328e-01
5.604696351427012058e-01
5.607245546142016757e-01
5.612808225616086055e-01
5.619254377854259186e-01
5.617771441995866866e-01
5.611042643986234868e-01
5.614927339365725079e-01
5.609556459430828923e-01
5.612487277127711227e-01
5.609112256821056075e-01
5.602202702400829182e-01
5.611245280381651490e-01
5.619456830743260189e-01
5.616486485020493191e-01
5.610840489802895181e-01
5.624365837785865185e-01
5.612993541148707521e-01
5.604940088203895776e-01
5.614233993383788146e-01
5.622246523170892907e-01
5.614122277299965491e-01
5.616153322378235613e-01
5.608831477902787022e-01
5.612371179088265771e-01
5.608540247065136874e-01
5.601665639897419613e-01
5.621015785151071142e-01
5.608754369196397027e-01
5.609334191092791855e-01
5.619159609404063005e-01
5.616560607660665561e-01
5.613121147471586969e-01
5.625410052672590311e-01
5.611195312232100108e-01
5.616554282086267946e-01
5.608350854744589276e-01
5.617419435185290189e-01
5.622715099542273665e-01
5.605847993513176641e-01
5.618487374584708594e-01
5.612549156647328452e-01
5.612626626572418953e-01
5.612530672983184754e-01
5.623806401825234280e-01
5.616460723336136329e-01
5.612873700322837944e-01
5.622450573714605770e-01
5.614452454026899186e-01
5.621456463414977733e-01
5.619636270386771937e-01
5.618749115972631047e-01
5.615798034341173972e-01
5.625048864057059506e-01
5.606394853760654495e-01
5.623455362685174652e-01
5.603109881131169701e-01
5.614975991386593757e-01
5.612024270166173778e-01
5.617882782316026002e-01
5.609479704146749235e-01
5.606859211330060822e-01
5.614741994502858713e-01
5.611649276582920676e-01
5.602675429211636526e-01
5.628498372243275760e-01
5.617662179268942957e-01
5.621712018572164737e-01
5.615758559731285349e-01
5.602839660629048701e-01
5.603144205186373350e-01
5.609709199054920825e-01
5.610804130640383303e-01
5.606230213990899269e-01
5.608200189845264916e-01
5.605377748986382080e-01
5.608283226763854934e-01
5.609829698701538359e-01
