4.076555606367114337e-01
4.080719282931650760e-01
4.075697776120575377e-01
4.074896491460657244e-01
4.070484926373161283e-01
4.071250499672254275e-01
4.069856413098920100e-01
4.070096911074845281e-01
4.082406806123535237e-01
4.071274556820830837e-01
4.071696366660234601e-01
4.072924403163057927e-01
4.075442884668653565e-01
4.063909007953568353e-01
4.077818454422831307e-01
4.072407328002772275e-01
4.083026594163335909e-01
4.073460463257743136e-01
4.073319911418689099e-01
4.061937252769693418e-01
4.078486686346026735e-01
4.063264358724314462e-01
4.075320794481892550e-01
4.081865993565765294e-01
4.074272555909685956e-01
4.062268849414772953e-01
4.079285921541121462e-01
4.077849035199913041e-01
4.072548428851233693e-01
4.060675231194539880e-01
4.073991259687431143e-01
4.058961763433392989e-01
4.070628661302553852e-01
4.077412064850344242e-01
4.080478037737375052e-01
4.074671239275913792e-01
4.069600352118046271e-01
4.078954304174391421e-01
4.065039904185167030e-01
4.075719889447275701e-01
4.080488693791733956e-01
4.064781126137045897e-01
4.066730110119243236e-01
4.072507623687179890e-01
4.073382876384262774e-01
4.081764921113313349e-01
4.074759534434497787e-01
4.088662691044994135e-01
4.070098229063759954e-01
4.084505105493825283e-01
4.068967413592370352e-01
4.078081318816660916e-01
4.076096537724379631e-01
4.063156256374210740e-01
4.086156970238413177e-01
4.076051512448745084e-01
4.063030787772283214e-01
4.090246249051454619e-01
4.077740334437818803e-01
4.072836561585151949e-01
4.068141062113886930e-01
4.063930926697054691e-01
4.071488271313808416e-01
4.083033991409706909e-01
4.075965534129319945e-01
4.082480534744331591e-01
4.082667866243089305e-01
4.074308004117024318e-01
4.069698795132669633e-01
4.072666569228817202e-01
4.070301579650289492e-01
4.082501507471487656e-01
4.070827848766550572e-01
4.076574382369410054e-01
4.080612915191860202e-01
4.065329834246538820e-01
4.058108257094077409e-01
4.067284870208338621e-01
4.068921245473707815e-01
4.073747959049418554e-01
4.078472564352407237e-01
4.072715352995474047e-01
4.068328682975947963e-01
4.077435722822534414e-01
4.077353812640712727e-01
4.085406577998172417e-01
4.071378316493030058e-01
4.077408720125440533e-01
4.080536851639278151e-01
4.073113373626824352e-01
4.078680688711809332e-01
4.061750230862758437e-01
4.081352005497888014e-01
4.072649472457252617e-01
4.062324504960781457e-01
4.078642742722894399e-01
4.074927800066916461e-01
4.077487366964878124e-01
4.075772574940569326e-01
4.060273321522677725e-01
