5.961368192120020115e-01
5.954795123526872569e-01
5.952456804155104031e-01
5.943127072890350693e-01
5.952160494122945567e-01
5.956771786493240128e-01
5.954235353539213405e-01
5.941224398079805180e-01
5.960088178812983362e-01
5.962198023439081451e-01
5.954058522867210490e-01
5.951825230304859105e-01
5.956261666368776186e-01
5.957407050926470937e-01
5.948683234221301408e-01
5.962987766789575872e-01
5.958307704011711614e-01
5.962845827633234119e-01
5.947056926763402140e-01
5.952312397880468176e-01
5.966282930690045561e-01
5.967084761742064147e-01
5.961238282929084420e-01
5.959762510516394274e-01
5.967115028045801850e-01
5.954169832553992681e-01
5.958695940488345499e-01
5.962588812149040018e-01
5.965292905423384973e-01
5.946186121929012414e-01
5.969330108699300030e-01
5.957909372702263617e-01
5.954994998006212237e-01
5.950065297948300413e-01
5.966543340563019715e-01
5.957108719014089226e-01
5.958089528810729396e-01
5.959292761049309606e-01
5.956273650210315296e-01
5.962844386812351516e-01
5.948859589658013203e-01
5.945977856406803319e-01
5.954838622178828533e-01
5.958168657036115867e-01
5.950265157157541562e-01
5.962088700620806758e-01
5.957724490268270223e-01
5.952984260519664783e-01
5.945554070097489596e-01
5.952774431406673283e-01
5.963618983211576019e-01
5.955788252912073144e-01
5.960405544127265198e-01
5.948955099949051473e-01
5.954909709622215885e-01
5.960766104220801553e-01
5.957456503318340202e-01
5.957335201741266184e-01
5.953235381876001986e-01
5.961026488020424452e-01
5.953655240133959303e-01
5.953744468856541072e-01
5.950805485992355370e-01
5.958055908578014925e-01
5.957127104747111934e-01
5.964632557336659868e-01
5.961736358449428730e-01
5.964088848958377653e-01
5.956292632604939241e-01
5.956173671608074871e-01
5.953443424174013066e-01
5.957977185516746266e-01
5.959747543245352830e-01
5.948540100587429436e-01
5.943220416748830059e-01
5.954358707457825250e-01
5.968337819872885364e-01
5.948638189863136860e-01
5.954742237091450452e-01
5.942136282748358145e-01
5.949094508057778397e-01
5.956825074101403938e-01
5.956236133522649911e-01
5.947147957437518562e-01
5.947358787465241159e-01
5.961865741034253485e-01
5.954826669454122978e-01
5.955263466487697999e-01
5.955050373282468890e-01
5.963726121532362257e-01
5.947447751238824631e-01
5.957594602249467464e-01
5.950474937145557863e-01
5.957128410360157389e-01
5.957638094769439618e-01
5.943469946234043455e-01
5.946583873767860018e-01
5.942864779999457170e-01
5.951547417032096998e-01
5.951903709213686167e-01
