4.424615041319258091e-01
4.433995473742389226e-01
4.422001566104285519e-01
4.428178502569437569e-01
4.446128384291619939e-01
4.442820240696641054e-01
4.429330008065396895e-01
4.431063637206287265e-01
4.431033935911483645e-01
4.439275375615579500e-01
4.438983741578650388e-01
4.432678821236012423e-01
4.429811063772517432e-01
4.430216186982511850e-01
4.441510708321564915e-01
4.435005391230329441e-01
4.434826232224216569e-01
4.457469234687900794e-01
4.434979735444891102e-01
4.434572974104792342e-01
4.431141242011666925e-01
4.435930957874185121e-01
4.424879316631868953e-01
4.431700251573497118e-01
4.436298526199006220e-01
4.431544079677528503e-01
4.435009390786516237e-01
4.440098592702648173e-01
4.437834171863516142e-01
4.436870492053824888e-01
4.434254667380814752e-01
4.428236780667590411e-01
4.434854236246510428e-01
4.436388041662112647e-01
4.426850133945323673e-01
4.433101762831361814e-01
4.430948565302668674e-01
4.436922328401963211e-01
4.432496272295558537e-01
4.437611310932790265e-01
4.430587906300886836e-01
4.427638817632801316e-01
4.427747109738083831e-01
4.437970730395088825e-01
4.435643443733814362e-01
4.435324916682062968e-01
4.419467310293188067e-01
4.441631966743217474e-01
4.437206524978755118e-01
4.435581238624048961e-01
4.433762559688902427e-01
4.443844938304386538e-01
4.436396183559802031e-01
4.451525214695515320e-01
4.446192140736522913e-01
4.440243000100768667e-01
4.434891563333288045e-01
4.433707718159985434e-01
4.442121497657238738e-01
4.438197009996818210e-01
4.436696486880753465e-01
4.432745232168791016e-01
4.424359715527621528e-01
4.431044638142370706e-01
4.433478690180979731e-01
4.448624626031185136e-01
4.428839328327824898e-01
4.435707312648713430e-01
4.448214075926730793e-01
4.436269278712320907e-01
4.435859645806100593e-01
4.427435557964145563e-01
4.426960551198313443e-01
4.425114869066781864e-01
4.428559693650331308e-01
4.441324696087055601e-01
4.452060098628963791e-01
4.443078004043343743e-01
4.431079389473527863e-01
4.436804042214799737e-01
4.427755900156459812e-01
4.437822738899595554e-01
4.433312262571901807e-01
4.436265573860818101e-01
4.433294538135899021e-01
4.431841394796203204e-01
4.434298730871951699e-01
4.431752842101573941e-01
4.444936708742551756e-01
4.443985393376325144e-01
4.437553221083717636e-01
4.434049304294451765e-01
4.435355830891858364e-01
4.425647492569246833e-01
4.432295974436079589e-01
4.436951830561464138e-01
4.430065189569297179e-01
4.432123622432874166e-01
4.437104164511169735e-01
4.437122768554851437e-01
