4.132956412180672223e-01
4.144345167021075693e-01
4.133159257038844236e-01
4.122539957856999338e-01
4.140487898022930935e-01
4.141912464820816098e-01
4.137402134471462323e-01
4.137739505212628677e-01
4.141810768351662508e-01
4.134153765056040597e-01
4.142125256894283458e-01
4.133885439059270528e-01
4.136487935630635548e-01
4.133163899229311822e-01
4.131404809199232253e-01
4.132503500491834236e-01
4.129082234751411673e-01
4.147602633652504589e-01
4.144257437439269331e-01
4.127827857758110675e-01
4.136357452244880939e-01
4.137729698640703058e-01
4.137143931189067314e-01
4.129865551946325652e-01
4.136151662583198441e-01
4.131753512547808871e-01
4.138364616144110664e-01
4.128868887649348451e-01
4.145010023397561749e-01
4.128513171430604478e-01
4.132742326092205820e-01
4.132666940521516619e-01
4.133051315739184606e-01
4.144925278320965578e-01
4.138583099357248107e-01
4.138219177284272465e-01
4.143224761603514494e-01
4.134279619978111775e-01
4.126399165171125150e-01
4.130719846857222044e-01
4.128704495631418947e-01
4.143588050673198131e-01
4.135409250160411720e-01
4.140953062940051499e-01
4.131565837042783795e-01
4.145227528589904287e-01
4.154976370371851191e-01
4.140344591708331468e-01
4.137775262524134856e-01
4.143281170691432980e-01
4.138020737841435204e-01
4.135463625744043581e-01
4.129472167065665333e-01
4.130786979535276959e-01
4.130161349938528126e-01
4.130317675737607552e-01
4.142191599721757878e-01
4.146627808730686260e-01
4.136163301138724435e-01
4.134876809393370212e-01
4.137213395603523969e-01
4.141507562115295804e-01
4.128423350756471599e-01
4.127293590550843438e-01
4.131905589556736924e-01
4.129781831971545691e-01
4.150469344971645658e-01
4.130966089449183976e-01
4.146492923001990905e-01
4.151924274701975781e-01
4.148234415020752852e-01
4.133650096205563895e-01
4.144814981485206440e-01
4.141225158353901148e-01
4.139707595646899829e-01
4.131239686192080818e-01
4.133905262584618434e-01
4.118262101305096845e-01
4.137139387441338689e-01
4.134264499444478824e-01
4.126958594461123120e-01
4.134098986071551574e-01
4.144300556573674577e-01
4.129901271075998581e-01
4.135621673779877883e-01
4.143978454942326972e-01
4.128249397337402371e-01
4.132533771481365359e-01
4.124483188809250356e-01
4.121388104698536781e-01
4.131260260327438427e-01
4.134099603070370277e-01
4.121887877554538671e-01
4.143380223347054025e-01
4.138836356124369065e-01
4.139176168424734126e-01
4.136404801205114667e-01
4.135110973095440512e-01
4.135806090990250539e-01
4.139111105077192265e-01
