2.697775827688692618e-01
2.701207960980622214e-01
2.712092567351599426e-01
2.701328559285402497e-01
2.705902785483620954e-01
2.708843475870243434e-01
2.701353400394558291e-01
2.697022332746472628e-01
2.695618912950742962e-01
2.707075197637783259e-01
2.695667731397691225e-01
2.695612914172529906e-01
2.702641855461564435e-01
2.703101979809579003e-01
2.713770694606628675e-01
2.699064187317973262e-01
2.707204079142299102e-01
2.698182268060339006e-01
2.702884678884151515e-01
2.707415886486063683e-01
2.708139410412022108e-01
2.705036615414672108e-01
2.705847551601309742e-01
2.701502299675106467e-01
2.707791644164405653e-01
2.712444164697402904e-01
2.701239124250161550e-01
2.698265300023267588e-01
2.706320932188681083e-01
2.692036485878159247e-01
2.710129061790610416e-01
2.711022645585719482e-01
2.691100908061642705e-01
2.689971868939102784e-01
2.696358384398969132e-01
2.700264428456935484e-01
2.709561077935758178e-01
2.699234578414448915e-01
2.715784168777320429e-01
2.699037986263789768e-01
2.697876253104433131e-01
2.702348545339638419e-01
2.690898472233550498e-01
2.706150092302797572e-01
2.705092029331825354e-01
2.709755112541635813e-01
2.703432679698186125e-01
2.696305013377213733e-01
2.702238184249760589e-01
2.686402810644225037e-01
2.700485710862667865e-01
2.685653036366933977e-01
2.694105700651607815e-01
2.704086995491837286e-01
2.710596949383426435e-01
2.702046334021907525e-01
2.703536090873301379e-01
2.699426576374212017e-01
2.705094955633972065e-01
2.696463464114627340e-01
2.690224379578163294e-01
2.706004873256675491e-01
2.713691145320398235e-01
2.697731408039575340e-01
2.703060987307879803e-01
2.698772458941078867e-01
2.697990513701159498e-01
2.705401773924109299e-01
2.711423672891106196e-01
2.698308197452992108e-01
2.701977348051421979e-01
2.701592369225307988e-01
2.693691862412924132e-01
2.698390443593316479e-01
2.708762251907359531e-01
2.707341652751881766e-01
2.700116348337801564e-01
2.686699088070628738e-01
2.696996359440928526e-01
2.710173757836792929e-01
2.701177346457157569e-01
2.706187513069882034e-01
2.695542677728710590e-01
2.690456038639671421e-01
2.702746916144397882e-01
2.702636066344263899e-01
2.694199142132467917e-01
2.697066142713197001e-01
2.710874482276851016e-01
2.696455540985789323e-01
2.693547168894125377e-01
2.688764769422518630e-01
2.701784185924374637e-01
2.697385198411326179e-01
2.701812008600963932e-01
2.702894481949627004e-01
2.704973315696030944e-01
2.698664604473796635e-01
2.707822394317614956e-01
2.706983249147833503e-01
