7.940303079739455816e-01
7.944060810492495905e-01
7.943697660180659703e-01
7.946818360616122456e-01
7.955772653925281546e-01
7.945538235787837911e-01
7.939808671907283566e-01
7.939124014443275090e-01
7.947664647431982310e-01
7.942808237595258003e-01
7.962112313154405818e-01
7.944985838724418770e-01
7.936394673598440308e-01
7.942448471147834921e-01
7.946311944425841212e-01
7.952803772251701986e-01
7.945818166243394653e-01
7.938859538656848347e-01
7.946226117489849639e-01
7.937010304115026393e-01
7.938802607590456084e-01
7.941682512310922482e-01
7.945526296341542949e-01
7.957774587599031335e-01
7.941028197552493229e-01
7.939451254913043599e-01
7.945640968281224570e-01
7.943839419482823239e-01
7.954054961479153363e-01
7.947456406420048136e-01
7.932759098154396060e-01
7.952247539751486904e-01
7.952663064408382887e-01
7.935636654028865866e-01
7.946165525215951320e-01
7.941672375082552415e-01
7.942005123221951290e-01
7.941571506459403906e-01
7.957018614408908341e-01
7.943190356984686229e-01
7.938141142102840275e-01
7.934552750079556516e-01
7.951773123373596652e-01
7.944415647348459508e-01
7.943503855293131410e-01
7.934378693547663453e-01
7.942738397010827844e-01
7.944474360266720048e-01
7.945431836916128088e-01
7.946708016097853156e-01
7.939087401029596425e-01
7.941698264432863752e-01
7.961500123413326468e-01
7.943067746602505697e-01
7.939009879047542739e-01
7.947245504346829303e-01
7.946887386064425129e-01
7.940822596222939511e-01
7.941990285172784159e-01
7.951698379640115277e-01
7.947596054743146787e-01
7.950982547262549494e-01
7.940007350430762223e-01
7.942615477744251473e-01
7.951955292776542450e-01
7.940470487429700519e-01
7.941196471461977602e-01
7.945174831267192150e-01
7.953112056088857962e-01
7.948614860744297461e-01
7.934598552139555672e-01
7.939690444635530975e-01
7.945755987229605743e-01
7.946552175761155690e-01
7.947283816400915191e-01
7.944116717930381766e-01
7.951715623198654104e-01
7.944672823865197575e-01
7.955775341152833136e-01
7.951959608333685203e-01
7.944152584378970650e-01
7.943916349586501724e-01
7.938070120025492171e-01
7.949617464656080212e-01
7.948058993118705118e-01
7.943073531598787707e-01
7.943210062786628667e-01
7.939902025480198855e-01
7.938781774465319963e-01
7.938242331669945751e-01
7.946951254633716211e-01
7.948017996537155572e-01
7.938692780170055752e-01
7.946448421137146667e-01
7.936065341070972501e-01
7.946148724714872102e-01
7.943545535079266084e-01
7.944946007347761796e-01
7.947771289948835083e-01
7.935863300520415997e-01
