9.665778189454417024e-01
9.678530139273635591e-01
9.688866410107572769e-01
9.668582599275322709e-01
9.683111204416897655e-01
9.680513456524437732e-01
9.679582449759278617e-01
9.671838725577384110e-01
9.677742564841835815e-01
9.678070284414692637e-01
9.685322263598461490e-01
9.673529387317363337e-01
9.678142618729159707e-01
9.674980041143967924e-01
9.691124179528810556e-01
9.682116304120479411e-01
9.680539755598980278e-01
9.681147432866241687e-01
9.688861130159815982e-01
9.671214201511564301e-01
9.681415655122591613e-01
9.669108569726725388e-01
9.672617203250900575e-01
9.672383489492084596e-01
9.677282824746307188e-01
9.677205490551705758e-01
9.673270746909570228e-01
9.665755202805849100e-01
9.684232131692278589e-01
9.682963968115363418e-01
9.676193573494831224e-01
9.688523157794548535e-01
9.678187377211959763e-01
9.681675389960644473e-01
9.670641037608013191e-01
9.688544418948965564e-01
9.681952748185913560e-01
9.673772225029271254e-01
9.682437196428783643e-01
9.681600523050035711e-01
9.675053468009753299e-01
9.675756922515130753e-01
9.681545707198104811e-01
9.680369542317643905e-01
9.678437922757067158e-01
9.681232137815122263e-01
9.683240515579912833e-01
9.686898353363828651e-01
9.673724874631072224e-01
9.666695125362363417e-01
9.673987470791596266e-01
9.683148928614477846e-01
9.674801205254489611e-01
9.678645000588423919e-01
9.676667545676524984e-01
9.676043297995398085e-01
9.679292308716227478e-01
9.671735804916632429e-01
9.678293281978462836e-01
9.678064281362352972e-01
9.678960184478990758e-01
9.674649226080282993e-01
9.674702385413826988e-01
9.674753508754350140e-01
9.678253144653201634e-01
9.672998876829025372e-01
9.676485035100237386e-01
9.685440654033454777e-01
9.683062848665049405e-01
9.681835943022248925e-01
9.675234404334456251e-01
9.668772515960799563e-01
9.675349256046543722e-01
9.673640152031703909e-01
9.690298783666965177e-01
9.678283661590938447e-01
9.680955745289447911e-01
9.666141267503057799e-01
9.673694516784255848e-01
9.671642858744892157e-01
9.681824057092318636e-01
9.681967623147118562e-01
9.667869987471511273e-01
9.681732990980769227e-01
9.671596410261005250e-01
9.672868311836687605e-01
9.683748851934724788e-01
9.681749334131575235e-01
9.677553161285159522e-01
9.669186447688546959e-01
9.676978132025793045e-01
9.691494354861684979e-01
9.668559375302696601e-01
9.672162505879223771e-01
9.675891022951196296e-01
9.676819790702917423e-01
9.676093113017321112e-01
9.689201767698865098e-01
9.673823957702472054e-01
9.667574048512548313e-01
