2.372459577107942016e-02
2.260655792944781667e-02
2.313064860223655594e-02
2.322016327431955518e-02
2.366766681614081852e-02
2.438559299695511329e-02
2.315991490961151131e-02
2.341485050533662071e-02
2.324591687183807931e-02
2.428782464457530238e-02
2.231375660583489670e-02
2.418516055282792301e-02
2.409311921660540687e-02
2.335292482127619348e-02
2.397066446356928976e-02
2.304162311020799617e-02
2.409733554162641483e-02
2.433011479696044893e-02
2.391139265002704614e-02
2.422242766938534700e-02
2.385600900524040627e-02
2.464432510763467712e-02
2.278778254666881387e-02
2.459436604860769371e-02
2.466165489914088488e-02
2.372531741552174125e-02
2.317673704710871557e-02
2.362410276434682987e-02
2.382834689310891693e-02
2.392296041001077539e-02
2.243867055660397902e-02
2.402987883184365056e-02
2.411052318491525154e-02
2.456247442214165577e-02
2.424402409235655587e-02
2.408840206067624362e-02
2.298996735650937068e-02
2.332395122115123870e-02
2.398723811242335635e-02
2.454140944517243378e-02
2.373441124850809991e-02
2.349461228216490061e-02
2.370905761976622311e-02
2.452603653798983430e-02
2.418952866572409918e-02
2.395191719181639228e-02
2.332668145693632400e-02
2.306921520551055010e-02
2.459070501146451426e-02
2.383462272785548397e-02
2.205704059899419103e-02
2.356274608608958931e-02
2.502793152134379778e-02
2.396090499467347368e-02
2.346674776966949441e-02
2.383611561702217441e-02
2.418790375031185103e-02
2.292360710258756554e-02
2.357079369387542200e-02
2.443972585041857132e-02
2.430194549697650003e-02
2.374217066093935874e-02
2.343130640068049469e-02
2.335154255944203033e-02
2.337106055919779823e-02
2.405799875222506407e-02
2.429994483581261397e-02
2.461103278129381927e-02
2.513726167881441542e-02
2.358069886005402169e-02
2.378270737845119068e-02
2.426880089818431521e-02
2.414074299159183271e-02
2.331029762994112770e-02
2.291635688852644917e-02
2.455530104263901545e-02
2.350661557752398850e-02
2.337313454154185677e-02
2.339100842195612068e-02
2.352178416036734485e-02
2.400577368774194087e-02
2.456111334785131273e-02
2.333654241180491834e-02
2.438572532470588070e-02
2.390659923243704937e-02
2.391949790985140392e-02
2.363677988899445109e-02
2.354502831045231920e-02
2.407323393614994173e-02
2.281894815854489458e-02
2.391958276229009389e-02
2.331754453114288569e-02
2.380867353926984648e-02
2.400211413807160077e-02
2.272044039859578285e-02
2.394294293584414354e-02
2.500875398194116195e-02
2.412355257771538891e-02
2.460252597979329520e-02
2.299160223308398601e-02
