7.097872976504329134e-01
7.104432526381148083e-01
7.102432682587587198e-01
7.099520728752262144e-01
7.100341433671768510e-01
7.108949062571618960e-01
7.101923983012117247e-01
7.108361826446641940e-01
7.105601960974190501e-01
7.105438812814726113e-01
7.105344286336959803e-01
7.104107053266806027e-01
7.102839026100784547e-01
7.105599665607505999e-01
7.108638861408765885e-01
7.102775679128296993e-01
7.114938473133508579e-01
7.114372390949230684e-01
7.109485392302108409e-01
7.103294141812270812e-01
7.101993278958791400e-01
7.110651118549320415e-01
7.101100567965437094e-01
7.096047859072087682e-01
7.114124014275623464e-01
7.107795748562708571e-01
7.108805695546062120e-01
7.105152621432478943e-01
7.105031755116902881e-01
7.103137793114522314e-01
7.105418565383221363e-01
7.110318019607249074e-01
7.102410359043550558e-01
7.113256258884205208e-01
7.109745513633953795e-01
7.114016931794220344e-01
7.099863278192685145e-01
7.101691287572949873e-01
7.103800396139394735e-01
7.109420019563569282e-01
7.108461862870666392e-01
7.110644120233027277e-01
7.103855489244305099e-01
7.105975194753758606e-01
7.102935124751299512e-01
7.100096164407312394e-01
7.112414004333400541e-01
7.112828058160315381e-01
7.102334092782810471e-01
7.109943138963251696e-01
7.101549234801119992e-01
7.094544684284213032e-01
7.097104343557072426e-01
7.095792483802432216e-01
7.108026495085959517e-01
7.105086308078298885e-01
7.114484024875398216e-01
7.102442089943707959e-01
7.106923089620427181e-01
7.098487345688002659e-01
7.115194021102182464e-01
7.112898142073961205e-01
7.108202231213300859e-01
7.107838447292633699e-01
7.112941367824778816e-01
7.106246396982833780e-01
7.110097324417660181e-01
7.092797027096593432e-01
7.098858530554307267e-01
7.107060159568212576e-01
7.098938830803861455e-01
7.104992901984299447e-01
7.102577124798179486e-01
7.105890000564909492e-01
7.111512049503837529e-01
7.121700091373339703e-01
7.103564310448439167e-01
7.110585990325704042e-01
7.106786195170036180e-01
7.098491338404667728e-01
7.116165971645367350e-01
7.086429998298275912e-01
7.110493485855118312e-01
7.100985759785138907e-01
7.103280758794472405e-01
7.104266672302606000e-01
7.103742048315737634e-01
7.097992226803067073e-01
7.101921747785795436e-01
7.109333219166287243e-01
7.105222734700467058e-01
7.101551672215107303e-01
7.102090023151552689e-01
7.110029372741981657e-01
7.099843098700470145e-01
7.107182477443688695e-01
7.095823166723660425e-01
7.087698348955400185e-01
7.102341429749197133e-01
7.103944715199332904e-01
