3.705292151878575302e-02
3.860214936137926212e-02
3.933631257260778585e-02
3.793435987135473919e-02
3.893816072719415156e-02
3.784253676669054739e-02
3.845129912878245126e-02
3.788544725627191606e-02
3.907668897941499186e-02
3.894449669539701286e-02
3.865616403741843621e-02
3.819412309527438210e-02
3.892593776335766947e-02
3.806585533954096046e-02
3.794383284935784473e-02
3.775918544344097905e-02
3.828983155525646914e-02
3.869871190571665120e-02
3.689854855011622664e-02
3.697135490161755633e-02
3.913726862957506852e-02
3.759459650046249879e-02
3.865823596039559551e-02
3.741255881646350645e-02
3.825757679036197179e-02
3.783159576152739234e-02
3.834772754739768780e-02
3.792768628045317669e-02
3.695003149696811373e-02
3.850143952934986097e-02
3.846625514930380324e-02
3.821582107116899829e-02
3.842450887216060373e-02
3.922400996921805716e-02
3.778150127528774604e-02
3.678035973324680907e-02
3.820349289222152445e-02
3.848199981159273336e-02
3.976336691171759169e-02
3.808411201510804311e-02
3.819584288101236791e-02
3.889146568281105776e-02
3.739132321872122577e-02
3.857828432985155320e-02
3.877093229474355696e-02
3.823011048120188854e-02
3.800887529362323436e-02
3.774468580704670728e-02
3.824268209655467404e-02
3.821181739691106166e-02
3.755003093373260326e-02
3.901249904810265290e-02
3.788535316165381195e-02
3.711965139105484479e-02
3.881597394201474066e-02
3.802557423148758553e-02
3.944430860325574134e-02
3.791459086891194735e-02
3.785053839052315849e-02
3.891780893670113151e-02
3.889451695125630687e-02
3.812861374830142647e-02
3.817202497445162934e-02
3.882976925635187038e-02
3.936564300950157885e-02
3.803154520594553833e-02
3.872272424050433870e-02
3.927489353209812073e-02
3.909861221767978873e-02
3.852200027399974719e-02
3.860318220508923703e-02
3.857215778308184517e-02
3.856516226109030221e-02
3.886694836033133260e-02
3.776336833480418986e-02
3.774760632893212758e-02
3.898313413647845616e-02
3.761771770941869236e-02
3.791967411112753122e-02
3.767473893856351785e-02
3.839688527126611239e-02
3.877955505555644167e-02
3.818458507249796602e-02
3.898249626410696389e-02
3.869893682257680850e-02
3.802426148528558619e-02
3.845534642118016155e-02
3.836759111634272662e-02
3.869509314622153473e-02
3.802563441856877946e-02
3.936277094803633525e-02
3.792081399307223322e-02
3.763491878319577544e-02
3.786718321381939839e-02
3.837095155225214715e-02
3.765244093353402322e-02
3.823566837888664471e-02
3.748269183637804175e-02
3.820149038808906550e-02
3.911435453970697751e-02
