9.205076320863790906e-01
9.214310329744052064e-01
9.212256011553713320e-01
9.221841427565478089e-01
9.210104052934324770e-01
9.199593542933957036e-01
9.204921253323788966e-01
9.215366126077263464e-01
9.216254792236379112e-01
9.203330225198834702e-01
9.213981958965890007e-01
9.203143227270826898e-01
9.205649230322319188e-01
9.199952668150610524e-01
9.213237162099765509e-01
9.204518423500394064e-01
9.222209606214303301e-01
9.205584274339019268e-01
9.215165908198135192e-01
9.215544913899071933e-01
9.211543832606321480e-01
9.213123341662278198e-01
9.204866545712758752e-01
9.213937803594587361e-01
9.201658312896529024e-01
9.218627718521467118e-01
9.209959156190410390e-01
9.206792636234610860e-01
9.204770616699654573e-01
9.207883337735200957e-01
9.210550381415832932e-01
9.210848900722238275e-01
9.206689689712708180e-01
9.211857311325108988e-01
9.222474844702714947e-01
9.213048901101696941e-01
9.216369621205677820e-01
9.216980889368031615e-01
9.210309904563861449e-01
9.211393199748818539e-01
9.217147388045605627e-01
9.226225099455668266e-01
9.227758363096205674e-01
9.208195966304264513e-01
9.203161126060593888e-01
9.207516837426811263e-01
9.208851960498123379e-01
9.217623409149516833e-01
9.210262000740296884e-01
9.208921774842393493e-01
9.204980279271919308e-01
9.207740363333483113e-01
9.205285648154980516e-01
9.207258630318599923e-01
9.195052043107792006e-01
9.208554204994467973e-01
9.207560463084286662e-01
9.213787530533186221e-01
9.208109166508335885e-01
9.216689947689163942e-01
9.205797214650892624e-01
9.221621791713523475e-01
9.219017946289829180e-01
9.207958247531751184e-01
9.205303245292342229e-01
9.214689187312274932e-01
9.211087363697596508e-01
9.215611399678977911e-01
9.209725585614703114e-01
9.204403223514856514e-01
9.203435376581936556e-01
9.211883965692735377e-01
9.202960578046253115e-01
9.197429961653857955e-01
9.212164409659135966e-01
9.210605775699416409e-01
9.203276814370757730e-01
9.208987217973760853e-01
9.206493866153862005e-01
9.204497298228215829e-01
9.198488413499035232e-01
9.219271285224290846e-01
9.201520693064534351e-01
9.211574012234434727e-01
9.224446002048495297e-01
9.208139512620800993e-01
9.211240556604661789e-01
9.192629088436150564e-01
9.217665507842502937e-01
9.213044422845639847e-01
9.210405819070837108e-01
9.206783650154839460e-01
9.213822266648372672e-01
9.200758485290398969e-01
9.206390306558348557e-01
9.200611770514837140e-01
9.201251702401946897e-01
9.205836912266265326e-01
9.203951421629306129e-01
9.208787715019884912e-01
