3.302458531393631103e-01
3.309302462323311378e-01
3.311774443797761425e-01
3.305176570771094502e-01
3.314282098157290135e-01
3.322821171463200551e-01
3.320569857050678642e-01
3.312269623642832839e-01
3.318500938648692444e-01
3.318902583497584380e-01
3.313721196774779831e-01
3.315660621017026410e-01
3.311123133463051427e-01
3.309527964439233361e-01
3.299767261735418455e-01
3.313288098643827340e-01
3.322405434857694240e-01
3.312342598609391287e-01
3.305708421978440503e-01
3.303551657461012980e-01
3.307621316044631055e-01
3.309827597117784848e-01
3.303196917953198919e-01
3.303482244640568721e-01
3.311113134631930577e-01
3.313111889922392694e-01
3.310886559869190005e-01
3.309665633979581023e-01
3.313388579813409951e-01
3.317035194555924549e-01
3.315559801437855114e-01
3.312383422317680126e-01
3.319996413703783511e-01
3.311089001851650337e-01
3.315903355633295080e-01
3.315639878628462434e-01
3.318661100765919469e-01
3.324445016792401120e-01
3.307149995766447970e-01
3.317322183867662533e-01
3.308641386223508118e-01
3.315462260532243688e-01
3.296342802193293342e-01
3.312625895921328389e-01
3.326213517027415967e-01
3.315094551133968559e-01
3.312581086670428054e-01
3.313114487821224863e-01
3.319463794943067758e-01
3.317364118369732218e-01
3.316100084024452554e-01
3.311515788952481554e-01
3.312947689484424529e-01
3.313728773734188615e-01
3.317912702550275816e-01
3.314866514927768959e-01
3.309109094899769232e-01
3.313804875464754773e-01
3.318522875399830818e-01
3.317924806509736646e-01
3.304632297570624933e-01
3.311496156099364985e-01
3.314185941263063651e-01
3.316277193328041051e-01
3.320021746162877818e-01
3.317138779041877150e-01
3.308977044475012175e-01
3.313007407101856705e-01
3.313167127585836536e-01
3.322903387710117729e-01
3.317210619744099809e-01
3.321540838311963784e-01
3.313778208848874307e-01
3.319900993443695714e-01
3.309576073326624401e-01
3.316634074899730833e-01
3.304378874720615422e-01
3.316146225190478303e-01
3.319742036062275359e-01
3.324168597894423538e-01
3.324900360720918768e-01
3.312640288705478442e-01
3.322367110585059402e-01
3.309938684027815547e-01
3.323654342358536296e-01
3.310942118449139993e-01
3.314285572298488192e-01
3.304466702490963526e-01
3.312307712581633035e-01
3.311882968949691475e-01
3.312194871861620649e-01
3.313997104996763698e-01
3.296768596693611664e-01
3.326107557647013935e-01
3.305271582554158982e-01
3.321680093336836226e-01
3.311082650687058870e-01
3.321205001608855678e-01
3.317491575549952887e-01
3.320528372369850878e-01
