7.415250302421915185e-01
7.422252010761016816e-01
7.420822722649391689e-01
7.430874056439370490e-01
7.418356992673211803e-01
7.431584436454610199e-01
7.427187062477900170e-01
7.421279296326716013e-01
7.423491479764918743e-01
7.428469823391286031e-01
7.420223237676346617e-01
7.421551096105316603e-01
7.436644703289319036e-01
7.421851715025398200e-01
7.424231776605672017e-01
7.425990769306114458e-01
7.419654061652841692e-01
7.428308416392717106e-01
7.425725455652522067e-01
7.417853327185075507e-01
7.429273254821985306e-01
7.423060781572889955e-01
7.407290746839795270e-01
7.419364434338706626e-01
7.429243160705376603e-01
7.433795412441441819e-01
7.431839072982748817e-01
7.419427335314673355e-01
7.431412069574858670e-01
7.432743581824812207e-01
7.419884233958192743e-01
7.428189905157445150e-01
7.421438157175896944e-01
7.423900447679222525e-01
7.428676679315975306e-01
7.425738014503631135e-01
7.419942794322045287e-01
7.413462566043678148e-01
7.425416788233794030e-01
7.430129797741871212e-01
7.422621813196269569e-01
7.442632355403131506e-01
7.421470382461516913e-01
7.431216796004749270e-01
7.427191795188669010e-01
7.430120159603236241e-01
7.424665706690922740e-01
7.426612907613574510e-01
7.427608754498253862e-01
7.425721495376640391e-01
7.426974584582648475e-01
7.422341521326635272e-01
7.433436504934631817e-01
7.425975596275290469e-01
7.430239419586794902e-01
7.429490502164528554e-01
7.419341418142986200e-01
7.426297081038613079e-01
7.423893898331150876e-01
7.427665916124692735e-01
7.435492356568593753e-01
7.434848512071439153e-01
7.434063174508691585e-01
7.439304135724540412e-01
7.425838713112433709e-01
7.414848113580431166e-01
7.419466109723353853e-01
7.425651899096552544e-01
7.419946822844272205e-01
7.430015124434858897e-01
7.428793344914021990e-01
7.415429325678273287e-01
7.430148118041705052e-01
7.428534694900227331e-01
7.418022908711858765e-01
7.432744517035888565e-01
7.433289914798171250e-01
7.425387919900041656e-01
7.435062761485323746e-01
7.426370042203054300e-01
7.422069484781150805e-01
7.429159251867725189e-01
7.421701587841997849e-01
7.421272830509921814e-01
7.408426905398689533e-01
7.423082168809199688e-01
7.420278540120762711e-01
7.435891255774862429e-01
7.423745020730951882e-01
7.426831837085019483e-01
7.426483556727168089e-01
7.420796705373617907e-01
7.422384379041435665e-01
7.429059850210408822e-01
7.418790258570479024e-01
7.416485437590574215e-01
7.435398477910629689e-01
7.418104575807968892e-01
7.422630688096663043e-01
7.416194274075244008e-01
