9.855067108947599408e-01
9.865910388796084174e-01
9.859416342032162328e-01
9.857805688937204547e-01
9.856347289461382388e-01
9.850725099972365006e-01
9.864893991485287339e-01
9.863848507524910492e-01
9.850946411719068152e-01
9.866461337514109697e-01
9.860885285474552120e-01
9.867419282399900737e-01
9.872335362665820568e-01
9.866336509600526217e-01
9.861904872602177408e-01
9.859677935611050881e-01
9.858895096886414189e-01
9.862633284991373372e-01
9.875768230416829274e-01
9.861321294157148198e-01
9.860893891951933998e-01
9.863835802726228508e-01
9.873535908797186345e-01
9.865233284864216579e-01
9.857539379070945351e-01
9.871791949387163090e-01
9.869339682377198386e-01
9.854407756790602990e-01
9.873169243786323879e-01
9.858378070164341977e-01
9.862101409485395376e-01
9.864205419634762828e-01
9.862501911728567272e-01
9.858733526959788662e-01
9.860281307631135750e-01
9.857531351156085808e-01
9.866973210005058892e-01
9.860052930349483269e-01
9.861694481999500050e-01
9.871021975833307316e-01
9.854745522530989899e-01
9.872510871965612944e-01
9.865942609841182875e-01
9.863433273555162195e-01
9.872806358505463731e-01
9.869588669876073750e-01
9.866944081627425644e-01
9.862260281620864877e-01
9.865386624689658213e-01
9.864156019041214751e-01
9.876639982426769215e-01
9.874468962145465101e-01
9.867632075611649789e-01
9.859948620617813297e-01
9.867625946015692318e-01
9.860033873685061234e-01
9.862056840546662428e-01
9.854476925774056095e-01
9.862067484568315390e-01
9.862951082200730468e-01
9.861267518349103867e-01
9.870546876857766438e-01
9.856556058249730246e-01
9.854635859662383979e-01
9.868202070134244330e-01
9.861260001410758758e-01
9.862378575981572970e-01
9.867354999990411990e-01
9.863748360514521529e-01
9.855251842706773679e-01
9.883643931810797145e-01
9.856070266857381856e-01
9.867915783809233510e-01
9.867096847993426234e-01
9.861058289499204932e-01
9.867468314214797864e-01
9.865389295017328308e-01
9.864270874273574075e-01
9.860017375005192264e-01
9.855296508095756636e-01
9.862949839448192924e-01
9.866360632359594263e-01
9.863665528745524380e-01
9.864053216563061222e-01
9.874220262887303257e-01
9.868267904181113881e-01
9.858621572840903236e-01
9.867064866070955897e-01
9.862252889255451738e-01
9.858948766888895321e-01
9.859779011104981006e-01
9.867603903350756767e-01
9.856442435900685251e-01
9.867768066236048963e-01
9.866292565525057734e-01
9.858625280981692107e-01
9.862374384621839241e-01
9.862563058036351027e-01
9.865200369098701128e-01
9.863679549918760170e-01
