9.801602773031299343e-01
9.799300390095546653e-01
9.821866632443925216e-01
9.808758114484099622e-01
9.812009119278338742e-01
9.813267720763791946e-01
9.809812364511898419e-01
9.812016101707546900e-01
9.799130023529283307e-01
9.810015280845200136e-01
9.805328741960672723e-01
9.817122958414910006e-01
9.807007951939917811e-01
9.798776600482006494e-01
9.811598980147321347e-01
9.819618976315979131e-01
9.811070619800137393e-01
9.805162395603610470e-01
9.797114722199355974e-01
9.806475406249992588e-01
9.805508084422409620e-01
9.813228119562664720e-01
9.819071915511371484e-01
9.811404900553110098e-01
9.806466491788881079e-01
9.809866251404888438e-01
9.802268197429890861e-01
9.805226391006632847e-01
9.803114741054235193e-01
9.813431484783721181e-01
9.813335639402842592e-01
9.817891663647382305e-01
9.806636377753474854e-01
9.805529452365399079e-01
9.822887327682497949e-01
9.823884440252248496e-01
9.808019652972380653e-01
9.813477982984016856e-01
9.811830642831731453e-01
9.807086604262467144e-01
9.809483683287634204e-01
9.809970657087672130e-01
9.814138025993875969e-01
9.810604019191654368e-01
9.812933488242029378e-01
9.812227832457487420e-01
9.804163660255216239e-01
9.815917364966254555e-01
9.810702656883565353e-01
9.798504718454408291e-01
9.817133048537638462e-01
9.810724826076463456e-01
9.814503556242351046e-01
9.808381431727231092e-01
9.812509171582111112e-01
9.809507433285338251e-01
9.816379090504129268e-01
9.817957129833441154e-01
9.805139543288444726e-01
9.806565277671694947e-01
9.808486385221824033e-01
9.808298131507841022e-01
9.815723419758151103e-01
9.806895810219116161e-01
9.814071698878719108e-01
9.805071174421161606e-01
9.816339845562045419e-01
9.814842923219196935e-01
9.809842442999144874e-01
9.811114164365537516e-01
9.806888047821129550e-01
9.813751315755416815e-01
9.809419104461213346e-01
9.810300121180439703e-01
9.810017473483190198e-01
9.810195940034628359e-01
9.809826055307688808e-01
9.815329813712619922e-01
9.812660604741527681e-01
9.800022123057363643e-01
9.805854663656425885e-01
9.810608742982608321e-01
9.810591715950995884e-01
9.810994514924227250e-01
9.811436265497472942e-01
9.815002043680031152e-01
9.817653916797027813e-01
9.813548006232564180e-01
9.814994993755937758e-01
9.800571604063204045e-01
9.816703947919569462e-01
9.813557103209036292e-01
9.815564658738125114e-01
9.808622734572700619e-01
9.800041077284731283e-01
9.813619550226910793e-01
9.815747313002181063e-01
9.813216232490582502e-01
9.819397174297310738e-01
9.814716989481928611e-01
