3.960911128106554546e-01
3.966571651315284885e-01
3.973798531577360515e-01
3.972587975927032167e-01
3.970881153575983036e-01
3.975744248958039684e-01
3.968691355822940858e-01
3.968460191460172481e-01
3.980404625495171933e-01
3.970572794403747219e-01
3.969792259210328522e-01
3.968996452452648871e-01
3.984579608376979110e-01
3.980002978251129253e-01
3.977306246166051329e-01
3.977133297142623203e-01
3.974136160547340202e-01
3.974483644344557476e-01
3.971912814664190217e-01
3.977940836046042761e-01
3.961786226201793326e-01
3.972443573936123573e-01
3.983416787091871303e-01
3.977755559799606710e-01
3.980387826648408844e-01
3.982001842980142925e-01
3.986083472965274987e-01
3.977259001994916665e-01
3.967639613312620717e-01
3.972931261652757895e-01
3.971525339311003377e-01
3.962583280003064701e-01
3.970222474933412515e-01
3.970426454058115784e-01
3.972615369174910538e-01
3.978668616935100433e-01
3.983381734111313688e-01
3.976438381916253539e-01
3.978396775233216109e-01
3.969795693649913471e-01
3.964773106557221705e-01
3.973344751707296729e-01
3.976608628941011858e-01
3.973486458922693143e-01
3.972869875232649672e-01
3.958777591098633919e-01
3.988470476476588811e-01
3.970360180482862544e-01
3.970525575968891774e-01
3.981504544785300914e-01
3.977992215046088909e-01
3.983610650825136767e-01
3.975532364290269571e-01
3.964567221273734843e-01
3.976181536326794941e-01
3.986892377238890339e-01
3.980302471600676295e-01
3.960900940028744266e-01
3.978677099315944266e-01
3.980298869742948664e-01
3.966927517142372350e-01
3.964105284194393009e-01
3.980634806846319318e-01
3.978325486051276227e-01
3.977816592130440920e-01
3.977490840858569632e-01
3.968508901680496970e-01
3.981024033320023636e-01
3.979133801379602930e-01
3.971892054808669470e-01
3.993539311633820255e-01
3.976625740540631893e-01
3.974701110315043140e-01
3.980372701443244399e-01
3.971493072056753171e-01
3.965337055771925301e-01
3.975048039685452617e-01
3.971038696242391586e-01
3.976834244100355686e-01
3.972506294061031173e-01
3.974240289407952598e-01
3.964934152762948916e-01
3.963095739091792025e-01
3.984862808699807246e-01
3.963580307822633375e-01
3.979004588895084793e-01
3.971832395230418533e-01
3.978109539754567381e-01
3.967895187411470959e-01
3.975554108212844273e-01
3.988159111400526591e-01
3.967816792380959301e-01
3.985091603056578613e-01
3.967889398591326611e-01
3.975802263975639628e-01
3.981031261990342629e-01
3.971615377556914073e-01
3.974150910967115813e-01
3.976465120380184848e-01
3.980851278643813274e-01
