5.574952867501934417e-01
5.594382307420272538e-01
5.587902670096811519e-01
5.583567558822398746e-01
5.583848632141501511e-01
5.593850425235429302e-01
5.592800085162940027e-01
5.578116276665977535e-01
5.585316616216970953e-01
5.574635775903875601e-01
5.587650020405312556e-01
5.580656114684994229e-01
5.584414626396492221e-01
5.595525032915930064e-01
5.591314996008264204e-01
5.578723760162916934e-01
5.581278028948268854e-01
5.586203643084673987e-01
5.590072888771362436e-01
5.581405647209416454e-01
5.595999264501293480e-01
5.585837834926538070e-01
5.588087462217594670e-01
5.573472305543456518e-01
5.590834893304198472e-01
5.580360496182484864e-01
5.589569355566432751e-01
5.570932919755451351e-01
5.575413606689170187e-01
5.575607131671198591e-01
5.585858660598073122e-01
5.582999072717963474e-01
5.579765175940953892e-01
5.586029422927114574e-01
5.591917419361566166e-01
5.587136294610226539e-01
5.578482013197850753e-01
5.586064478580828885e-01
5.580095505763843500e-01
5.586704762488386988e-01
5.588582092760423503e-01
5.590976762500952102e-01
5.581643554382650363e-01
5.581315977696130748e-01
5.583601215916774718e-01
5.588631050565764369e-01
5.575458307674787672e-01
5.593144338685365202e-01
5.589228458964285995e-01
5.584758215903391498e-01
5.591273796665343632e-01
5.583618511709448340e-01
5.591531603143731211e-01
5.594410660107392852e-01
5.577123952624871706e-01
5.596765836159358631e-01
5.580890759943342161e-01
5.591377896044120721e-01
5.590756288606484325e-01
5.587494372542054499e-01
5.587952217260685472e-01
5.581804773378401530e-01
5.586230263304028387e-01
5.583730725196416333e-01
5.593300711848925300e-01
5.581706497295386704e-01
5.584474582503775597e-01
5.576943805046663538e-01
5.576396661471603178e-01
5.595996187731459015e-01
5.587342316955971055e-01
5.579023934428235520e-01
5.581897990887325633e-01
5.581050353466496805e-01
5.580224631782471079e-01
5.585597797949580778e-01
5.594538726600133405e-01
5.589688311963897371e-01
5.577570096874433503e-01
5.580830352041737941e-01
5.582794481230206607e-01
5.571255939132068180e-01
5.589462690342411610e-01
5.590998236064728122e-01
5.592050432254349612e-01
5.583601169860670232e-01
5.577212417292958246e-01
5.597150442469026599e-01
5.591474018441093818e-01
5.584444761427247439e-01
5.586586775758760615e-01
5.585244450102011537e-01
5.591962678388919805e-01
5.586654248505061870e-01
5.573375656926295996e-01
5.596093601288635311e-01
5.584135651536354938e-01
5.586639155724024697e-01
5.583222457916698911e-01
5.601546632782250512e-01
