7.868692726635490020e-01
7.879612261503642356e-01
7.880470297565898008e-01
7.882717346914747125e-01
7.866946873785680694e-01
7.878205782513074684e-01
7.879504072653794600e-01
7.874715290754288333e-01
7.878011342497525105e-01
7.872916682068349381e-01
7.879640429902343701e-01
7.871214777805679574e-01
7.872642789451859135e-01
7.879349321152866459e-01
7.869138720601117631e-01
7.879433650372673625e-01
7.866737734223283596e-01
7.878434439897012975e-01
7.870731048006442965e-01
7.879861363219659021e-01
7.872432569592937579e-01
7.873706906707722553e-01
7.863498234350424498e-01
7.875925196140642903e-01
7.869384038508523416e-01
7.881280364085734291e-01
7.884783245527502427e-01
7.879052419981154021e-01
7.878767957336028083e-01
7.877077719762652919e-01
7.860563468322236957e-01
7.878645335785900983e-01
7.885156676016374933e-01
7.882634558579981743e-01
7.873509125630517858e-01
7.868170421599698372e-01
7.874412999701272398e-01
7.875593971545092886e-01
7.881944808081950971e-01
7.876106124126864838e-01
7.869069615262032080e-01
7.870976711092484424e-01
7.865754731524678967e-01
7.871844552501435777e-01
7.876354465140977812e-01
7.874102926956696447e-01
7.876147669826913944e-01
7.871877195101877334e-01
7.877488530169279857e-01
7.868995831763259119e-01
7.873457201574527442e-01
7.883146672998893045e-01
7.861894284263954980e-01
7.866340764219399428e-01
7.869060223708985724e-01
7.869471821012304913e-01
7.877352001607906828e-01
7.865880193334554571e-01
7.870808052350577455e-01
7.873895745341314978e-01
7.875632162224903698e-01
7.875989412374507781e-01
7.870263789835809654e-01
7.878983618854484838e-01
7.879144536060997961e-01
7.874375632603629604e-01
7.865103157929820288e-01
7.875119312044986941e-01
7.865825131608891185e-01
7.868646088443878028e-01
7.874509781907838013e-01
7.878488755165027335e-01
7.870773515112203800e-01
7.876582743460065483e-01
7.873878359831752993e-01
7.866769585668835774e-01
7.877084032221611798e-01
7.870676691704295846e-01
7.872205715646081181e-01
7.873834552168819112e-01
7.874324748788614770e-01
7.874986988261534204e-01
7.868097350847210736e-01
7.867776182419905506e-01
7.881325452951744026e-01
7.883843639328955710e-01
7.889493474343440838e-01
7.872402238351265957e-01
7.872832882334863669e-01
7.875916772103650487e-01
7.865510121840363356e-01
7.874567053220182800e-01
7.873856361438688056e-01
7.867341295813081725e-01
7.878659684626381221e-01
7.874852471568611900e-01
7.868590833325452838e-01
7.873031848697168433e-01
7.870902330883697839e-01
7.874710836065759167e-01
