9.792354148742774544e-01
9.803081827777109236e-01
9.794523979843601236e-01
9.798603481656718017e-01
9.802156600914537776e-01
9.794124682403129167e-01
9.787879595696816759e-01
9.793330791135947955e-01
9.797140110367712484e-01
9.789018398770452656e-01
9.796770131178560437e-01
9.789430309973261579e-01
9.786133985574045902e-01
9.810035702287760451e-01
9.800286470332999489e-01
9.792162168028661906e-01
9.798921667032993721e-01
9.791043262873861952e-01
9.797556653900483248e-01
9.799153357325434133e-01
9.801715709114219299e-01
9.795214514325809585e-01
9.803932899529135270e-01
9.800549826865196934e-01
9.796011371297923542e-01
9.789551788659169862e-01
9.797917282884383017e-01
9.793396303721063623e-01
9.789252231454214082e-01
9.796791062625710422e-01
9.797277868291066616e-01
9.806911809852790762e-01
9.801380537218589151e-01
9.792805034919274121e-01
9.784485623115848352e-01
9.798322594978714495e-01
9.788369521717068533e-01
9.794136494125662562e-01
9.795510992197344891e-01
9.796831768227324266e-01
9.783285943977124699e-01
9.786996770738435325e-01
9.801287756279366548e-01
9.797571165938898652e-01
9.796062554382516385e-01
9.794403109003650965e-01
9.790980549286656398e-01
9.795828208835549722e-01
9.798799908358784005e-01
9.785779478525513664e-01
9.795748386946238062e-01
9.788310978209071589e-01
9.804804674342144644e-01
9.785174209582049309e-01
9.794707867105743038e-01
9.788889702908719626e-01
9.787975358588429931e-01
9.805423553113313817e-01
9.793697718706326771e-01
9.792983695212972295e-01
9.792564228258346937e-01
9.798274910352687828e-01
9.791349667804707391e-01
9.784996421471413575e-01
9.793906986053564356e-01
9.788793653880457635e-01
9.783367429638678558e-01
9.797763072300822440e-01
9.795694951927924610e-01
9.785026513160179906e-01
9.796642991083966967e-01
9.789017027590402042e-01
9.798297686067765078e-01
9.790751189497729490e-01
9.790164037758055660e-01
9.786524768766022842e-01
9.796249379826209580e-01
9.789570103065701190e-01
9.786823627930858471e-01
9.791160194006124362e-01
9.788423376402434206e-01
9.792917508785006220e-01
9.795251477775684945e-01
9.797052812657283116e-01
9.801963100415478358e-01
9.804223261361519892e-01
9.791472862344690054e-01
9.792198575321906517e-01
9.795934091050697567e-01
9.791924495666091133e-01
9.804143171587902383e-01
9.786092066194898020e-01
9.796118547396268639e-01
9.791492449812504439e-01
9.801905517016018532e-01
9.794707613730162521e-01
9.803371459644205643e-01
9.792797296668774854e-01
9.794614808031503195e-01
9.790162984351947761e-01
