6.437136073323939112e-01
6.453983962421721010e-01
6.428814592843336007e-01
6.439079615959701908e-01
6.436733029652766946e-01
6.435726612550402015e-01
6.437397410127264630e-01
6.449278143095076299e-01
6.450874767030269075e-01
6.437842573880906416e-01
6.441861605437511074e-01
6.450081661755704410e-01
6.448936268088139023e-01
6.447925946997531410e-01
6.440388958167748701e-01
6.442326277179313276e-01
6.456738361095736289e-01
6.437635987036474106e-01
6.444592419565091657e-01
6.450140094648533218e-01
6.435653295744263591e-01
6.447890426473106285e-01
6.445242403492255079e-01
6.448919353740080185e-01
6.443383042738956012e-01
6.444129708345445184e-01
6.444341227207848188e-01
6.449215863760349166e-01
6.450661857322045334e-01
6.440840032327432851e-01
6.434108099749169529e-01
6.445536922778420941e-01
6.450814720332737062e-01
6.458919384756834914e-01
6.443005312847444044e-01
6.456063800259070895e-01
6.452386682172652765e-01
6.438934114237768735e-01
6.452317619361567225e-01
6.457658524650047305e-01
6.434281156495759157e-01
6.440732156440069911e-01
6.448987097367824273e-01
6.435825516431639137e-01
6.445257070359182716e-01
6.446270792936024119e-01
6.453901199147515921e-01
6.449048389120001223e-01
6.431580416810384060e-01
6.432542236943444847e-01
6.453064341657475111e-01
6.437339229868312973e-01
6.449034418839866278e-01
6.451979352945678148e-01
6.445869477427412786e-01
6.445128499556745938e-01
6.438410994049266201e-01
6.451777310644075669e-01
6.443101808473858938e-01
6.443354323391567995e-01
6.442369797568593404e-01
6.452538578793733937e-01
6.451177060428430199e-01
6.437056460544471337e-01
6.447662820764792357e-01
6.452731584670645670e-01
6.449327294590607718e-01
6.451509766079113195e-01
6.438235015968293284e-01
6.440742904622306364e-01
6.436158631056551060e-01
6.455607781273786649e-01
6.454127789383226066e-01
6.443795705140821228e-01
6.442581775386923004e-01
6.446182927930788065e-01
6.450031900685710973e-01
6.438776246100753609e-01
6.441298642004462671e-01
6.451883153231213752e-01
6.451142435654848573e-01
6.452651226915672167e-01
6.454606470931291140e-01
6.455410644172486778e-01
6.448433093824741391e-01
6.441451895653766968e-01
6.448872399049827564e-01
6.444382807792110590e-01
6.446110638727630127e-01
6.454413075506892916e-01
6.446385668745133746e-01
6.441257924253945832e-01
6.446028424786731659e-01
6.449580389624407495e-01
6.435703912501837820e-01
6.449253192892641096e-01
6.445340905182963542e-01
6.441294058692018654e-01
6.444487639459842709e-01
6.445780807310288463e-01
