7.035916871139232809e-01
7.046200046796979866e-01
7.043892468072820989e-01
7.046442017529055413e-01
7.046546786466854062e-01
7.046596384576919725e-01
7.046321996343387628e-01
7.042529578615446262e-01
7.044787066371021034e-01
7.038343614197821729e-01
7.053287148730795764e-01
7.039888923729661352e-01
7.043737724767167308e-01
7.042481972516348998e-01
7.046708288836374123e-01
7.038368119213342933e-01
7.033587025515313229e-01
7.044041220086865174e-01
7.041281426442178581e-01
7.045157987811582201e-01
7.049013140700709501e-01
7.039014610316268739e-01
7.039864843018717178e-01
7.051422034962859797e-01
7.046285444514130969e-01
7.037281048103056769e-01
7.050911157549393238e-01
7.051129075042548155e-01
7.042115404499261766e-01
7.034617022921031415e-01
7.056836804692654397e-01
7.052461041035854583e-01
7.047654787477622973e-01
7.043823931723148801e-01
7.037922812106490733e-01
7.041953205701435570e-01
7.045953047921302836e-01
7.044172941236979124e-01
7.041795309263934044e-01
7.051572434829358471e-01
7.042895044212982292e-01
7.049047904168610490e-01
7.054011248859826111e-01
7.053806434677496462e-01
7.046559786077657428e-01
7.047108345591701628e-01
7.040773873981144293e-01
7.053069279160368854e-01
7.039099798811980779e-01
7.039703962424332939e-01
7.052632071419703275e-01
7.037075971426718368e-01
7.042981503474925464e-01
7.042742144656025660e-01
7.043843996659256979e-01
7.044546382201513079e-01
7.056310924418407460e-01
7.033456501111995385e-01
7.046578543569830266e-01
7.041459287010072288e-01
7.047089909298608346e-01
7.052962686560566574e-01
7.044632332068240244e-01
7.046552082780624948e-01
7.043725214328837581e-01
7.049563943476012673e-01
7.045335402613948084e-01
7.049054376629945162e-01
7.050001402886312274e-01
7.045283837968356888e-01
7.044455179766848651e-01
7.029848490833265906e-01
7.034153282536919072e-01
7.049849195284566550e-01
7.049473649019454280e-01
7.045085409924483066e-01
7.046280511995797191e-01
7.049115010606259446e-01
7.042811697518194247e-01
7.060984824601606036e-01
7.038125394808714130e-01
7.042764896890514326e-01
7.043308991443893996e-01
7.044338009816815127e-01
7.045528319284879437e-01
7.052946158569093349e-01
7.051230410185390651e-01
7.046145796534091232e-01
7.050602508534689061e-01
7.039405056545802175e-01
7.052902372515179596e-01
7.040337045504996283e-01
7.040434659256369354e-01
7.050640385852398051e-01
7.046626918786924598e-01
7.046819420705192627e-01
7.047726444802466794e-01
7.044162400825328962e-01
7.046395340562189302e-01
7.041644083767267803e-01
