1.330174260905646888e-01
1.311153841096342754e-01
1.331155013536836351e-01
1.326396074228394784e-01
1.324663504505195766e-01
1.328489572137238617e-01
1.326244562889348777e-01
1.331274956687318323e-01
1.328779164752620368e-01
1.340530011850803449e-01
1.335216345357994050e-01
1.332119731234016613e-01
1.335724424097030072e-01
1.332829326469184283e-01
1.331019284047787743e-01
1.322644857213573499e-01
1.323595353167086874e-01
1.332549143963277227e-01
1.328976701325026433e-01
1.329201197834680159e-01
1.328295751958146198e-01
1.331175131139332724e-01
1.330227994307610073e-01
1.332834245366689985e-01
1.334812125834564656e-01
1.337791645294269804e-01
1.341187492037310414e-01
1.323164018530081365e-01
1.325376468213902981e-01
1.331768698146378327e-01
1.338475774684813324e-01
1.336398109632556397e-01
1.334903080119758945e-01
1.335745824427143624e-01
1.333182817225134764e-01
1.322057053593134746e-01
1.338618980013404625e-01
1.329824008445656403e-01
1.333571773838665153e-01
1.338429827324927324e-01
1.339326702817134618e-01
1.330775691906039560e-01
1.332444326543542334e-01
1.330894522537966473e-01
1.335499220638672879e-01
1.339518370217603616e-01
1.342956928430392993e-01
1.328861434358969695e-01
1.337371295397565552e-01
1.330427494745790584e-01
1.316696125954321950e-01
1.338482366851329042e-01
1.333650525500225115e-01
1.329494351913355077e-01
1.341686718080329355e-01
1.340291592476734461e-01
1.339937544829140903e-01
1.337337456498822186e-01
1.333530360673662596e-01
1.328412655443208246e-01
1.337015322466247325e-01
1.328830545450798706e-01
1.325128657155122403e-01
1.339337724376484517e-01
1.339817110673083844e-01
1.334021112203616632e-01
1.337483153273662517e-01
1.331601604209505518e-01
1.330015392353673387e-01
1.323794542957161535e-01
1.336000510274729658e-01
1.336846025390379666e-01
1.330321288220466802e-01
1.318796601891203402e-01
1.335102748792048044e-01
1.338945928082033443e-01
1.338770949314598280e-01
1.330617074821181522e-01
1.326893227357154037e-01
1.338770828594967321e-01
1.334106195475638079e-01
1.328052096481140421e-01
1.337160131277621566e-01
1.331947874753967587e-01
1.330073788265144219e-01
1.341784098469085973e-01
1.331968420537049669e-01
1.336800363321556939e-01
1.325588892863332757e-01
1.333375232735635185e-01
1.335547527019838032e-01
1.331373520035286084e-01
1.336354541904867799e-01
1.342075044023847141e-01
1.332249472883267338e-01
1.327045118000897972e-01
1.324953198026490586e-01
1.335411285193965347e-01
1.337778979428042025e-01
1.338957667096787041e-01
