8.702676258318161606e-01
8.699162044906554314e-01
8.719690532528696636e-01
8.707500237646116359e-01
8.707543932602983539e-01
8.701961050221892480e-01
8.700785297634501259e-01
8.709218776304270548e-01
8.703104438450262048e-01
8.707364706265017240e-01
8.696257925719994564e-01
8.708171832507973775e-01
8.707855765885721411e-01
8.708311148404327406e-01
8.698075707904052711e-01
8.700371331195495550e-01
8.711035121539844051e-01
8.712747862059784243e-01
8.699634119205537086e-01
8.705401392311822306e-01
8.709066085670464918e-01
8.715662335364173785e-01
8.705615007854816678e-01
8.712637497320184776e-01
8.714851364519455856e-01
8.715365736932929597e-01
8.700504815608259834e-01
8.720367756316509400e-01
8.720003319394955543e-01
8.706584784119324461e-01
8.716556340736050235e-01
8.706418962656077287e-01
8.717853691882254674e-01
8.696231862599976825e-01
8.700080444769009436e-01
8.701417792946810614e-01
8.700629829597685827e-01
8.699971851697633207e-01
8.700741869143088225e-01
8.714517768202882930e-01
8.709380243633955132e-01
8.696990991289880180e-01
8.710116639603253663e-01
8.708792078854674656e-01
8.705080279873367299e-01
8.704348373754302592e-01
8.709360974862637716e-01
8.699639705191141159e-01
8.699894621257528993e-01
8.704453583516368331e-01
8.713214015899677367e-01
8.704154518305371457e-01
8.713614756826326690e-01
8.706124537893660253e-01
8.702204503209205466e-01
8.703563879448545926e-01
8.707900038835122425e-01
8.722759836933965394e-01
8.713016621358995462e-01
8.722311389918221414e-01
8.697321074616506387e-01
8.709219236282219612e-01
8.705982052976768415e-01
8.712315608775689224e-01
8.702453335012703128e-01
8.717956114193980977e-01
8.695166118609999328e-01
8.700300820240051136e-01
8.705070468379467741e-01
8.717331118072537688e-01
8.712158152038961267e-01
8.714040642174203377e-01
8.717612378974435305e-01
8.705108268945105365e-01
8.700800765527384462e-01
8.705986062700943329e-01
8.716182387399762366e-01
8.704359909525620775e-01
8.700064801127629366e-01
8.706530357325807934e-01
8.696428335904087259e-01
8.697432505308135831e-01
8.703943174705063290e-01
8.704839885144762812e-01
8.713084949714597904e-01
8.702195480321908150e-01
8.701891080203600914e-01
8.698922894818925666e-01
8.700709319738471059e-01
8.696935933561984466e-01
8.711493605568936260e-01
8.702697481320958994e-01
8.721905955484891004e-01
8.722753780320846584e-01
8.714515780047445981e-01
8.701966137455768857e-01
8.711193721826586689e-01
8.695277291075587112e-01
8.711383594016318677e-01
8.714767210439393619e-01
