4.578587831872323877e-01
4.590642749856535532e-01
4.582948822519595788e-01
4.590298368170353527e-01
4.584972750660064600e-01
4.599264356026524503e-01
4.587730719561982085e-01
4.584337716527971951e-01
4.591563404048015773e-01
4.593832749491952860e-01
4.587101681974742329e-01
4.575772659487554739e-01
4.585618325874147860e-01
4.586921901245749611e-01
4.582191280170709868e-01
4.589983368805586883e-01
4.581437178660925369e-01
4.580799257036717864e-01
4.588275389579591912e-01
4.601753518196010639e-01
4.591017148780501822e-01
4.583982048318179237e-01
4.579512804657972502e-01
4.586808760748994351e-01
4.590656407940429951e-01
4.581546562119376276e-01
4.586122429477229590e-01
4.585236840034619954e-01
4.576171564778027112e-01
4.588628505004177516e-01
4.584241042408910283e-01
4.574498323079472795e-01
4.583595157087939631e-01
4.594940666368114157e-01
4.580431643079435067e-01
4.580703729033070437e-01
4.582277825820726402e-01
4.594328342470453408e-01
4.582961957615281356e-01
4.600024325899976230e-01
4.578367157128222509e-01
4.578634185389247602e-01
4.577241338198562159e-01
4.587204520409227659e-01
4.583871856746477569e-01
4.582118783010693530e-01
4.585533499706424543e-01
4.585187272325731422e-01
4.585700357135351624e-01
4.582370356919379661e-01
4.588303423894048994e-01
4.590876838414422734e-01
4.591454896806368424e-01
4.600927370115142079e-01
4.577959448945256304e-01
4.587179049324754398e-01
4.597836356493786303e-01
4.582359386540498791e-01
4.578477592740767266e-01
4.584133197067883358e-01
4.593307873006863273e-01
4.583197550020711164e-01
4.577566079358771911e-01
4.569261549878662620e-01
4.593027996015147663e-01
4.587758302059349869e-01
4.590373091924261351e-01
4.588383089869311204e-01
4.590150699023657355e-01
4.585445882409381890e-01
4.585886704353231424e-01
4.578724086975331509e-01
4.571868625143876708e-01
4.591396559553607704e-01
4.577713153328506479e-01
4.586341682169184364e-01
4.580202673743045128e-01
4.580478163413496118e-01
4.586129382886082184e-01
4.577179129483918141e-01
4.584581919132163508e-01
4.591788886082505128e-01
4.585218996714709450e-01
4.597376100500684126e-01
4.578478125673264287e-01
4.590763637411082176e-01
4.593097844148970044e-01
4.584861199075439542e-01
4.580145669853859514e-01
4.590660412004218260e-01
4.572420414206114225e-01
4.580274231693644005e-01
4.575932792698733653e-01
4.593485115453806999e-01
4.578289551239126398e-01
4.575032351713699819e-01
4.588494313983031425e-01
4.586276218809790528e-01
4.594002059519163295e-01
4.579834122271971286e-01
