8.428234889992269885e-01
8.432151945313113295e-01
8.432301871719835029e-01
8.419518797667824295e-01
8.429717474055076210e-01
8.438992525501861630e-01
8.433893188571470745e-01
8.421555547598609248e-01
8.434408048037462802e-01
8.428308425452740726e-01
8.425145917319402100e-01
8.432455601311328319e-01
8.431704832134983008e-01
8.440354145651526308e-01
8.438602425223457049e-01
8.430424382108836490e-01
8.436625927084657750e-01
8.433549178711916561e-01
8.432741035469540902e-01
8.431145823852752574e-01
8.434618910504267930e-01
8.432266990685236552e-01
8.424622631587083132e-01
8.429403436068516609e-01
8.437889801258648959e-01
8.438501983981823162e-01
8.437444064408683442e-01
8.425595395021016065e-01
8.440151652663001602e-01
8.445181321543835384e-01
8.437041753722100967e-01
8.439192393591090635e-01
8.427264717760236667e-01
8.431894854321881905e-01
8.434148770945196771e-01
8.429407052998759697e-01
8.433303508528835479e-01
8.441119132370191736e-01
8.433539412837836036e-01
8.428348745607936454e-01
8.421653556752661807e-01
8.435177676360029464e-01
8.426990737195338976e-01
8.435484045711707513e-01
8.432755966813856308e-01
8.422121650157974315e-01
8.432404055697064749e-01
8.439565498401903065e-01
8.443551582470886219e-01
8.434094583453703997e-01
8.426996541835573007e-01
8.437327898653211866e-01
8.433260288968180696e-01
8.430556578503295428e-01
8.434723679125950557e-01
8.432592403538496928e-01
8.442399480671101131e-01
8.436738328517043861e-01
8.433641717438249419e-01
8.429245345704894365e-01
8.440438963865213307e-01
8.432978129874100226e-01
8.442529210887429469e-01
8.433341504048222914e-01
8.431343559370216845e-01
8.432863289739298551e-01
8.434303316841519349e-01
8.434792133212380971e-01
8.431441378940548459e-01
8.436062115557584340e-01
8.429492378497671634e-01
8.448245310812989572e-01
8.434875716873829754e-01
8.443978068897066702e-01
8.441039493812035888e-01
8.441037687339671969e-01
8.433564583922700253e-01
8.426111153462146897e-01
8.436083888903413985e-01
8.430353076327241624e-01
8.419758519948645770e-01
8.424133766614891883e-01
8.429762563295171152e-01
8.433087707860158488e-01
8.448872806758315201e-01
8.433234223595721391e-01
8.435625004089422063e-01
8.435133083620844907e-01
8.443502025976000747e-01
8.424991477606141865e-01
8.426759574852940027e-01
8.435442216879731614e-01
8.441624317731708516e-01
8.432657850452571768e-01
8.425118683452899049e-01
8.438783535437338612e-01
8.438731591225835382e-01
8.439477876250429667e-01
8.436022314977562608e-01
8.424979182166248970e-01
