4.531514843904962953e-02
4.621357389404438104e-02
4.685279651531079614e-02
4.627720796696405126e-02
4.746028928379451839e-02
4.632309794486419441e-02
4.596037172624274636e-02
4.698933939578660290e-02
4.643630268412662215e-02
4.636607568917709699e-02
4.625663094680416976e-02
4.724054374730210504e-02
4.672843272693717742e-02
4.642936610413236909e-02
4.622600513100329211e-02
4.663459652436309499e-02
4.571102124737441708e-02
4.670676216231332833e-02
4.681780611846870360e-02
4.571899583316221816e-02
4.654162455707745727e-02
4.591875206199630410e-02
4.686052477959970486e-02
4.714981559258914212e-02
4.744446834393439144e-02
4.678551420948591499e-02
4.709910860653906961e-02
4.621985724340438306e-02
4.738986867785166535e-02
4.741395733104401822e-02
4.653496727263325278e-02
4.658848278214591104e-02
4.748722338337529186e-02
4.668828847764408541e-02
4.716280732035565970e-02
4.633797094601297545e-02
4.699579167381195965e-02
4.666515869727464599e-02
4.602465263745997293e-02
4.614824270266434936e-02
4.649419330726579924e-02
4.701472067800867294e-02
4.623463835673473354e-02
4.690276999687369858e-02
4.716711391811808513e-02
4.526488939792853994e-02
4.607823880762400293e-02
4.588149287409949012e-02
4.675285431571726130e-02
4.652107318540719960e-02
4.636563437713570046e-02
4.451991819838815867e-02
4.660197126187061445e-02
4.608730189587514209e-02
4.701979524786935316e-02
4.594282854428695384e-02
4.706983554178593987e-02
4.689676595145000904e-02
4.528397711555931515e-02
4.564425336678042122e-02
4.694361654868553502e-02
4.718111054709564489e-02
4.640699031624713478e-02
4.537803953318137601e-02
4.584086773700535300e-02
4.679813658258057119e-02
4.731344437315551654e-02
4.692633254870945403e-02
4.655387983740068292e-02
4.725307928453413575e-02
4.616854395475156886e-02
4.677622588636083656e-02
4.553270818221908517e-02
4.710627655513162371e-02
4.707016340685556133e-02
4.643765846258532393e-02
4.582700400539797131e-02
4.631475640648341496e-02
4.603910164619471473e-02
4.673249032900817640e-02
4.715557860290847669e-02
4.779201375497184323e-02
4.658126601757837243e-02
4.757821351997076897e-02
4.769211695937231044e-02
4.605120320196297301e-02
4.616335521321890401e-02
4.562973837791442500e-02
4.768202452168780747e-02
4.516053156233646587e-02
4.610205612723301816e-02
4.728974059387509171e-02
4.724121337551029365e-02
4.675156564753622096e-02
4.653395738774389334e-02
4.686388965192947453e-02
4.744822647108042774e-02
4.661706266626196998e-02
4.674025223323473310e-02
4.645228473665520552e-02
