5.829038651904727697e-01
5.835361233913076706e-01
5.836286020923902029e-01
5.829832990099964585e-01
5.841502835752302447e-01
5.836125816441140035e-01
5.827203232572952807e-01
5.831515518236296547e-01
5.838618292555513012e-01
5.832617672492480532e-01
5.839830768479008505e-01
5.840845377573182784e-01
5.829951785306816125e-01
5.843343014719737383e-01
5.831351981453652966e-01
5.828628750078658216e-01
5.831584190344699659e-01
5.832346980221525534e-01
5.829470216379726288e-01
5.840381536969114773e-01
5.828684812882004573e-01
5.830149970835831752e-01
5.825700912141325016e-01
5.822846575159061899e-01
5.837229825323224652e-01
5.846817972470772506e-01
5.838921215873748016e-01
5.843175443589855300e-01
5.825284104629526727e-01
5.840930225595919456e-01
5.832211478282933736e-01
5.842778374613921688e-01
5.826406640807231252e-01
5.825148311740862006e-01
5.835050742307013039e-01
5.827357864941327126e-01
5.846995848593541378e-01
5.828062142996756068e-01
5.834585011347787065e-01
5.836448093732319320e-01
5.833161848827019824e-01
5.834117541722614320e-01
5.837194258914495393e-01
5.835002388738967927e-01
5.842147009873090990e-01
5.839196919152567222e-01
5.835309937903547794e-01
5.841745386301799847e-01
5.828002599184107790e-01
5.835015531593434890e-01
5.836304599996973153e-01
5.832565388654679106e-01
5.832529911655275345e-01
5.835312437492695681e-01
5.831000354207018788e-01
5.830642057094060915e-01
5.840822934007912082e-01
5.838716659075233739e-01
5.843361465434199209e-01
5.846565759213675495e-01
5.830545179787844923e-01
5.842191682519830565e-01
5.829980510155255979e-01
5.837548505108575148e-01
5.824939888410184397e-01
5.831921061999159051e-01
5.822923240847110993e-01
5.833235570365258305e-01
5.819505110848481877e-01
5.829605065289124033e-01
5.825258698465562990e-01
5.834806735653690346e-01
5.848244138472613596e-01
5.844562969144160292e-01
5.822800620574664077e-01
5.832595981207242541e-01
5.819513115037471263e-01
5.856254718110385227e-01
5.843754087146890708e-01
5.828977464994554714e-01
5.822774938034137593e-01
5.837806920267436528e-01
5.827992558602649309e-01
5.835011209944075405e-01
5.842577145876788336e-01
5.835975918017357600e-01
5.833088532231069934e-01
5.840421111651804553e-01
5.842984793040197911e-01
5.829867279420909432e-01
5.838317688362948399e-01
5.834537618741796328e-01
5.833094053433094395e-01
5.834201510756051867e-01
5.831822570120324123e-01
5.829825927357304982e-01
5.834908413420758500e-01
5.835023626989879197e-01
5.831350028017178166e-01
5.845757613095894367e-01
