4.790806529018358795e-01
4.790781211461472844e-01
4.796144406478378697e-01
4.790825621344642626e-01
4.799518650682616516e-01
4.795753660533905172e-01
4.802456171431616072e-01
4.795888646990666970e-01
4.790455911463668559e-01
4.799097199677102576e-01
4.792326180247197254e-01
4.794452595986621879e-01
4.792765770455552632e-01
4.796585269468780499e-01
4.794676838479396963e-01
4.798202196172587364e-01
4.794088643357544699e-01
4.792343240283192252e-01
4.806699280498574200e-01
4.795835411583053154e-01
4.797810653566866312e-01
4.793498199043105812e-01
4.794097557126539844e-01
4.800280882710387109e-01
4.802425032046068187e-01
4.807102146476407434e-01
4.806492834061379393e-01
4.802482854706527360e-01
4.792818239778899869e-01
4.789913322385296324e-01
4.793049733234199805e-01
4.794818843649688023e-01
4.794596512689369150e-01
4.807664346284185042e-01
4.792542652320743723e-01
4.791851747433879538e-01
4.798397808847125745e-01
4.795501885976009571e-01
4.800446454658604534e-01
4.786117868137918507e-01
4.793672200084826418e-01
4.797815449100386598e-01
4.788951351543283552e-01
4.805479377715164424e-01
4.787962561823925212e-01
4.804931704996867059e-01
4.791833845983205498e-01
4.790473935169611841e-01
4.797145821186272197e-01
4.807415770781662823e-01
4.792582472766795387e-01
4.802395814032868193e-01
4.798780287275032919e-01
4.807887642065645228e-01
4.802711609584905394e-01
4.795714608409392676e-01
4.804684932502567563e-01
4.788364788091258317e-01
4.788693970236135855e-01
4.792959903300548774e-01
4.793680543775009628e-01
4.793179938403155371e-01
4.797060966309781849e-01
4.788927037033918199e-01
4.791677590988934199e-01
4.800344141990852687e-01
4.792654889188630585e-01
4.787392588241870528e-01
4.813284516559485637e-01
4.803142541160149159e-01
4.805761183567903716e-01
4.804282810590410069e-01
4.791769234324996241e-01
4.795214728370525981e-01
4.796474554468400653e-01
4.799344402800131970e-01
4.796451757988204334e-01
4.798655455481087295e-01
4.793622020416147822e-01
4.802389687771805304e-01
4.798514777031647194e-01
4.790947120007250648e-01
4.794272402835704217e-01
4.790964771226635666e-01
4.782684171597305633e-01
4.797506853834146989e-01
4.811024291744280257e-01
4.788959697131335846e-01
4.786429009305284143e-01
4.783758665214424832e-01
4.797037509518262133e-01
4.790524977990662236e-01
4.789504398766730731e-01
4.791497763740539817e-01
4.788092023338934577e-01
4.794982280588573342e-01
4.795058561190438384e-01
4.801080217548667761e-01
4.789803724506465632e-01
4.796446912533773310e-01
