2.299794111735917745e-01
2.327493605216264250e-01
2.313521460030994181e-01
2.321165755443506395e-01
2.317846093100995042e-01
2.309627555879315564e-01
2.314880039317381843e-01
2.310373639853313954e-01
2.305252508916688647e-01
2.312551052805773555e-01
2.322927127731273522e-01
2.332434538592416673e-01
2.328413049155995673e-01
2.331493053460423348e-01
2.322572049711514597e-01
2.321000875397604968e-01
2.322117148641885676e-01
2.310901920840928714e-01
2.322966693668506721e-01
2.317606359243039038e-01
2.316545907236916835e-01
2.319735474470644709e-01
2.323053445518275806e-01
2.331786252277266436e-01
2.325112130422233303e-01
2.343694380311622805e-01
2.316562855386313236e-01
2.315044994637515674e-01
2.321417029053170766e-01
2.316342291293924383e-01
2.318169539426964687e-01
2.326423867007287316e-01
2.331068556635110811e-01
2.327046056810809227e-01
2.324276129792095524e-01
2.327371567608978176e-01
2.322960187243192365e-01
2.323229958247003402e-01
2.313960372868539006e-01
2.324625140658985178e-01
2.315669853131463451e-01
2.315205906627016974e-01
2.324316079253778700e-01
2.314496756127928656e-01
2.314991987573395971e-01
2.342127318052566465e-01
2.321477225624285212e-01
2.320769318546839211e-01
2.326263285310102291e-01
2.312431401651289797e-01
2.323253764218489725e-01
2.329184035901115946e-01
2.325907730857956213e-01
2.315909189422918901e-01
2.320408538024019696e-01
2.324797603995774620e-01
2.318532666437682077e-01
2.321584658842375526e-01
2.322590785088207987e-01
2.320571569145786217e-01
2.331450477613203898e-01
2.335153820775926481e-01
2.315560018956339117e-01
2.323580511407843940e-01
2.316258907335622952e-01
2.321935270885132074e-01
2.328689139400433872e-01
2.310912974891368155e-01
2.315775667921209924e-01
2.331849779644323828e-01
2.330541642649899547e-01
2.311630815670411287e-01
2.326770688523499553e-01
2.335304601935815905e-01
2.316076659834996332e-01
2.321443959948061297e-01
2.315320798160692140e-01
2.318157909996698685e-01
2.327512382986307582e-01
2.319660221740535710e-01
2.314897344217416164e-01
2.319875014555558834e-01
2.318966986100733929e-01
2.321826490736010329e-01
2.316095630011688888e-01
2.324143908298678118e-01
2.324806738168603837e-01
2.319681253168425772e-01
2.309133113237160917e-01
2.319246108994001965e-01
2.321956388787152215e-01
2.323758432278933972e-01
2.322713212880090361e-01
2.318930797435723445e-01
2.319795011761434933e-01
2.324142093311938051e-01
2.321576878686561485e-01
2.321712696973029511e-01
2.329632492352840256e-01
2.310307943124944863e-01
