2.440490456505296502e-01
2.443989847700841489e-01
2.443621165212809254e-01
2.443966274719760190e-01
2.447091654806955174e-01
2.445389786709453728e-01
2.450018688634949537e-01
2.448234588136822820e-01
2.447506789996938270e-01
2.443400279082307835e-01
2.447549154589893639e-01
2.453803783822400275e-01
2.445727493943422870e-01
2.441725608347751209e-01
2.450998530828497612e-01
2.450813588859203640e-01
2.444277871606236330e-01
2.445109086038776969e-01
2.450945105435135551e-01
2.433204980020239327e-01
2.432706272177345697e-01
2.441627639681795969e-01
2.442292043362313814e-01
2.432467362979423564e-01
2.443420851949329453e-01
2.443783525104226695e-01
2.438296624975885840e-01
2.435652038180103895e-01
2.441664620777649897e-01
2.442415018852041597e-01
2.440420649753760329e-01
2.440303688767982981e-01
2.441707303494753400e-01
2.442934873954758779e-01
2.429570109626386087e-01
2.452103135812099821e-01
2.443695945918756829e-01
2.440482218714484230e-01
2.440351046595340412e-01
2.435857563938977621e-01
2.440098595368530021e-01
2.434762160302488543e-01
2.439397111807753704e-01
2.445739351034061926e-01
2.444707918740796349e-01
2.439952930370360429e-01
2.446491561850685781e-01
2.455417931206649307e-01
2.436283760939359500e-01
2.440134150881291264e-01
2.447199167202940284e-01
2.449505142688797321e-01
2.431905129053228976e-01
2.439752889857215445e-01
2.451429532587298121e-01
2.441872594146466957e-01
2.437591017546887895e-01
2.447675416320376773e-01
2.440595667326335705e-01
2.439591033053429281e-01
2.449475746201666415e-01
2.430768296391125904e-01
2.451190501082490814e-01
2.429850005482469544e-01
2.446559615216320205e-01
2.445980644742844767e-01
2.442894159280718791e-01
2.452691934967630161e-01
2.428976933542858485e-01
2.433268427283639124e-01
2.449519851786903235e-01
2.453337664778572902e-01
2.440158856292350131e-01
2.440152778133331257e-01
2.441975308858940485e-01
2.446544701975381098e-01
2.444276233393282705e-01
2.450187898892625116e-01
2.453453275068655515e-01
2.442690862004834873e-01
2.443214595485213858e-01
2.445504819293085053e-01
2.438190531221569035e-01
2.443162597570341932e-01
2.442081153839545382e-01
2.436614894980209944e-01
2.443622893621429371e-01
2.432727432273550927e-01
2.440858748948867285e-01
2.438865749923223303e-01
2.455090702426015736e-01
2.452584790863036601e-01
2.443002288487166607e-01
2.447876344081058586e-01
2.441287685304697197e-01
2.416513112378094741e-01
2.442672464210060013e-01
2.440804749358498338e-01
2.435548712875758581e-01
2.443231602128070334e-01
