5.268116908173660073e-01
5.277353135154601027e-01
5.283218898287141974e-01
5.266706688735254271e-01
5.270478729475316371e-01
5.279062805467938935e-01
5.267630579434392502e-01
5.286614041566439770e-01
5.291415254441472760e-01
5.271873047331315787e-01
5.268666939093384904e-01
5.274946604266672612e-01
5.286961935877725338e-01
5.275880816188184275e-01
5.278334373311884820e-01
5.279346519952986538e-01
5.281270388539320848e-01
5.268636323193205406e-01
5.277693105820533415e-01
5.277296535538533728e-01
5.274399755215414265e-01
5.271713360565961626e-01
5.275338099048344498e-01
5.272044479436803766e-01
5.279371976823191703e-01
5.281497663942962273e-01
5.268962530259413413e-01
5.278246409531476280e-01
5.276674866349820858e-01
5.279568261713605271e-01
5.279396270833571769e-01
5.284650794510042937e-01
5.278187355140173675e-01
5.275058976174075154e-01
5.287183792662879522e-01
5.280892111984858417e-01
5.280710469060222456e-01
5.269466925273145197e-01
5.271254730490018137e-01
5.278037163989496294e-01
5.265365629384857193e-01
5.276723026322189813e-01
5.282314598913691039e-01
5.281861237290997879e-01
5.284466118609815188e-01
5.272308391578141018e-01
5.274658470565998236e-01
5.286343747379910196e-01
5.276748603044773001e-01
5.271254704090199139e-01
5.278346364526234069e-01
5.272907254513641284e-01
5.280104861028909191e-01
5.278546548381890524e-01
5.272377620975700063e-01
5.265161540611533741e-01
5.291976080225795354e-01
5.292633589513079384e-01
5.279207636568825635e-01
5.273405400614781247e-01
5.271530762278263671e-01
5.276037697995760167e-01
5.281994986760503163e-01
5.293832974200727293e-01
5.275207792990257438e-01
5.284497737936127981e-01
5.266512116819882516e-01
5.272863541381085373e-01
5.273369333168486106e-01
5.265681940935793559e-01
5.277951544945729268e-01
5.285563291677635167e-01
5.279749772444476408e-01
5.272398558189046458e-01
5.286896691499318734e-01
5.275662653458305096e-01
5.282328036893846335e-01
5.267098183064506944e-01
5.264281305498694774e-01
5.276905850608264448e-01
5.278431716067359947e-01
5.285061137716692281e-01
5.275600802302127246e-01
5.286001068252563773e-01
5.283185001308268181e-01
5.278125804587088243e-01
5.275739142030562157e-01
5.274459533669254574e-01
5.274538885155298784e-01
5.276379103993762421e-01
5.275482344867615803e-01
5.273859924979567015e-01
5.275705865330446720e-01
5.278701744628456760e-01
5.272222692408312650e-01
5.273336364090420725e-01
5.280315721518418215e-01
5.271697989367807313e-01
5.287776703757520735e-01
5.277074336013918288e-01
