9.629911263152610701e-01
9.637154714700499891e-01
9.632583468459314791e-01
9.640978898268883768e-01
9.635521026773835596e-01
9.644684091073771892e-01
9.645852403020573895e-01
9.635560437368209108e-01
9.633401554492425634e-01
9.649099663852741537e-01
9.644070709870107283e-01
9.639363763404076302e-01
9.647622869534238088e-01
9.640052684687704376e-01
9.645782149856654275e-01
9.645056269895054823e-01
9.627368451554904061e-01
9.645152531027834097e-01
9.650151528880657192e-01
9.651090899565506476e-01
9.647673442624140616e-01
9.641636650145382070e-01
9.644114298537765917e-01
9.642364827951306339e-01
9.639879230344082783e-01
9.636552380511703708e-01
9.651057732469396910e-01
9.639033201718589794e-01
9.632507090060814514e-01
9.647038316768069555e-01
9.648060148118773327e-01
9.633738262805398023e-01
9.645037217640655136e-01
9.649183917960815204e-01
9.632928399926300456e-01
9.648258185339049220e-01
9.645281438472869118e-01
9.641220412893426461e-01
9.646328625006563851e-01
9.634977065532133178e-01
9.651985458664698037e-01
9.649528871860726387e-01
9.644151014871882310e-01
9.641072871975291392e-01
9.647275960161066921e-01
9.652070460674329055e-01
9.641011183769174764e-01
9.645042808028601033e-01
9.649604177793149606e-01
9.637872289100917200e-01
9.637727392703648865e-01
9.643219461455048158e-01
9.649434304729650469e-01
9.653046034835770506e-01
9.643313640834931810e-01
9.618098792653153595e-01
9.649105296114115493e-01
9.652729792747389848e-01
9.643099117054554359e-01
9.642520289897548169e-01
9.643490627284879713e-01
9.641103037780587304e-01
9.641487645459512201e-01
9.638675820311695119e-01
9.639456048771937180e-01
9.655721921369009308e-01
9.631404574194236679e-01
9.651815625876596361e-01
9.637493035863917701e-01
9.641267861429563268e-01
9.641579728729786636e-01
9.643862621524179612e-01
9.634580344948695529e-01
9.631286154806042443e-01
9.653884070452407595e-01
9.641619624928221555e-01
9.637964530357527870e-01
9.643354567645827657e-01
9.645496311123953337e-01
9.652558307195657772e-01
9.644276760900216683e-01
9.646942396005638853e-01
9.649188104312553804e-01
9.637882086031042128e-01
9.631349404467172137e-01
9.644932010064226624e-01
9.631310763588922796e-01
9.641088040534661063e-01
9.650706097762724589e-01
9.642871477601979713e-01
9.649001641065728663e-01
9.651311603102250558e-01
9.640031131092208216e-01
9.644350778867483154e-01
9.650690915923006985e-01
9.649919217198654753e-01
9.650234278169053104e-01
9.640199101551270022e-01
9.639457956522872184e-01
9.643844985831109273e-01
