3.615945406728120204e-02
3.553706520070878255e-02
3.494163869482204421e-02
3.493825374941748885e-02
3.504761690792851381e-02
3.592468746864131701e-02
3.521952264056898291e-02
3.507439703691569294e-02
3.612519800774885437e-02
3.634468486127279824e-02
3.510938995755170933e-02
3.468571493191700827e-02
3.531579369186853279e-02
3.534231831772352561e-02
3.509216455545557944e-02
3.573779366790193202e-02
3.650260545243182858e-02
3.587992944555126046e-02
3.687039344616027670e-02
3.557839213451968741e-02
3.524103716752868820e-02
3.659990857223290039e-02
3.655345459959304100e-02
3.449245089684105370e-02
3.433282061316737105e-02
3.560494084039017570e-02
3.552283947011089515e-02
3.571725231516757748e-02
3.538186558855375974e-02
3.604913045502804170e-02
3.711231680467380611e-02
3.594225471010976947e-02
3.607114505702729151e-02
3.506595411460866618e-02
3.569753450326444005e-02
3.511496135329068846e-02
3.571243309144790656e-02
3.638843048336121849e-02
3.564147819141783718e-02
3.586468808016209098e-02
3.539502165700221525e-02
3.486764687730660450e-02
3.492225170016558661e-02
3.562215442791615699e-02
3.647807830146388569e-02
3.559503644916089254e-02
3.538926529631940265e-02
3.459873218238797288e-02
3.577681225716138058e-02
3.559014394318159302e-02
3.642834722279156279e-02
3.505325317927172890e-02
3.518507003872470285e-02
3.539799847959495399e-02
3.459575709895913037e-02
3.544818160040541510e-02
3.514488323423788085e-02
3.603291348948294698e-02
3.455922201858870058e-02
3.712982877810701299e-02
3.541051943617112840e-02
3.418808549029715704e-02
3.568028747864425421e-02
3.549998192283682075e-02
3.466634582828289485e-02
3.605470540608433916e-02
3.568458430930193659e-02
3.542778208088437353e-02
3.571827852868170866e-02
3.567649561000089953e-02
3.592019838183620195e-02
3.649995148042958770e-02
3.621521417726986103e-02
3.555126096064911700e-02
3.592024303522298873e-02
3.460650396197016698e-02
3.555221210956972105e-02
3.638528971567295961e-02
3.577250505979516493e-02
3.527930040655515020e-02
3.644915309602314579e-02
3.525751401945317887e-02
3.506710750248547698e-02
3.542642274579538286e-02
3.611750952900469325e-02
3.518394953849858509e-02
3.607344046083202360e-02
3.633156744132191862e-02
3.625378151079566846e-02
3.546733077491258379e-02
3.525525234739243507e-02
3.501760885565973619e-02
3.615552569421162654e-02
3.484251898070005182e-02
3.659837289635922697e-02
3.591492198833496491e-02
3.571185621834414847e-02
3.591206587855555465e-02
3.592955409292432345e-02
3.576383377773542649e-02
