9.755451644624587582e-01
9.763486694739997862e-01
9.768407007961839028e-01
9.763227478371959700e-01
9.773343743127058669e-01
9.755938409399955713e-01
9.765978543153250868e-01
9.764299515242788052e-01
9.766687762913843773e-01
9.768149353647030964e-01
9.776461360031796222e-01
9.756231071710333991e-01
9.760304196648765807e-01
9.759026073412252478e-01
9.770859575542065745e-01
9.770262755468930305e-01
9.767068006535133406e-01
9.774394444102894042e-01
9.767746587083867560e-01
9.768166141010015124e-01
9.766453907513195087e-01
9.768977898064428178e-01
9.765227740381046129e-01
9.759624029511495547e-01
9.770347917718359421e-01
9.761069405109981112e-01
9.770808450008264812e-01
9.769401028790062336e-01
9.762276864683527844e-01
9.775717509132578753e-01
9.761905312898565557e-01
9.770312154019153983e-01
9.762487825618542114e-01
9.761203961470990009e-01
9.783060139224131202e-01
9.763300194789358288e-01
9.780129687760688029e-01
9.763915239542606539e-01
9.766976990831859329e-01
9.772797401315282961e-01
9.774358932453925952e-01
9.767591537408502056e-01
9.779262694251142918e-01
9.762113442914226447e-01
9.762192359414285647e-01
9.768550797993096335e-01
9.764819703514502347e-01
9.770924333700798936e-01
9.769121323424952985e-01
9.771269570028950913e-01
9.766398214428403390e-01
9.756640670173140073e-01
9.768710339771689011e-01
9.770704444793665289e-01
9.774433195328234847e-01
9.753946225217411392e-01
9.768995361353898232e-01
9.773879112676870928e-01
9.769976706272420763e-01
9.761276429998687609e-01
9.770522828301537732e-01
9.767627687459157215e-01
9.766364828549163324e-01
9.772783244331133545e-01
9.765857692263131273e-01
9.759125071038718957e-01
9.779176843397734409e-01
9.764335592701280930e-01
9.757524436195652573e-01
9.765502660813388802e-01
9.772810009932937358e-01
9.765998805661838533e-01
9.769536546179485859e-01
9.770742362790730828e-01
9.763505459404886455e-01
9.769246573279655177e-01
9.762138590145121864e-01
9.771838468915903242e-01
9.773084050182190285e-01
9.764128088324888211e-01
9.765031767055831757e-01
9.758214886977172320e-01
9.769983401983821647e-01
9.768979912286560596e-01
9.769017041564819204e-01
9.767704801577797857e-01
9.769294029990114314e-01
9.773962923954486737e-01
9.768166426516684542e-01
9.761292265505914223e-01
9.769221279481612452e-01
9.775195931787586945e-01
9.763968957639288515e-01
9.761768580638257031e-01
9.780340054213043643e-01
9.769091993587273315e-01
9.775040331230575585e-01
9.767730350751924195e-01
9.763217382870881256e-01
9.772170357775669114e-01
