8.373520065459318928e-01
8.379491094279964969e-01
8.389037305315962811e-01
8.377116563042897868e-01
8.381966643803655526e-01
8.382453933962796810e-01
8.387162911201051507e-01
8.389561365024482686e-01
8.378600887421508991e-01
8.384508049244816519e-01
8.383479279096373027e-01
8.389191989438242736e-01
8.382890746328478526e-01
8.389968467352766357e-01
8.384422375524157589e-01
8.383015298910970747e-01
8.382400041763520271e-01
8.385103067651211717e-01
8.394158253065568953e-01
8.388318723110601560e-01
8.384830082884509039e-01
8.380282597033064107e-01
8.386452976761311628e-01
8.385858347149461878e-01
8.384909395348615346e-01
8.375129744795284381e-01
8.382511373233306751e-01
8.381900213520643295e-01
8.376200659526108483e-01
8.374311119400851267e-01
8.372213536910474430e-01
8.387347841276828753e-01
8.374109522810466721e-01
8.382615849552331744e-01
8.391738157764659922e-01
8.389218096654663670e-01
8.372464197611821923e-01
8.380019635613922269e-01
8.376288285307220693e-01
8.389467654781013195e-01
8.379379906747517204e-01
8.380601240604004243e-01
8.385275036702851681e-01
8.395317979287396648e-01
8.383654956979201822e-01
8.389060734679594233e-01
8.383530624113716412e-01
8.366260984063518258e-01
8.387171683253649146e-01
8.385165897107151878e-01
8.381645895901772558e-01
8.392809736492361505e-01
8.367555469835211701e-01
8.386449861598881395e-01
8.390179193822231429e-01
8.383787599007734848e-01
8.394202345440704427e-01
8.396861898507163025e-01
8.386446168485768293e-01
8.385146255932436343e-01
8.374369908337857549e-01
8.376675804598372466e-01
8.389390729648942280e-01
8.369307235377728693e-01
8.385403521187829723e-01
8.378957500131734015e-01
8.374595946303350358e-01
8.382593736141034091e-01
8.382912059384406422e-01
8.378021519038968412e-01
8.379752527959116737e-01
8.385140949243887754e-01
8.389729512899017916e-01
8.385010340086027636e-01
8.381930850031148461e-01
8.386519916142719522e-01
8.375711640215134368e-01
8.370788082661136942e-01
8.378705574437317338e-01
8.386814599601151166e-01
8.381691369634399758e-01
8.393261506783431525e-01
8.377609607339298048e-01
8.380869168947251424e-01
8.379996794202655419e-01
8.382297251926111858e-01
8.387464553547068213e-01
8.378930483196704859e-01
8.371402713013325059e-01
8.387990450087776662e-01
8.384661498165004723e-01
8.387441688296173314e-01
8.382802575722718696e-01
8.381440593718699761e-01
8.382892014319153207e-01
8.393431315509728430e-01
8.386936412960784848e-01
8.383405084643631433e-01
8.404009911262788624e-01
8.385673498539888415e-01
