7.804435660478117320e-01
7.832818987090908180e-01
7.835098426116331449e-01
7.824811278454864016e-01
7.818100013097064593e-01
7.815485670881623381e-01
7.823167591150002043e-01
7.822096577959813946e-01
7.830912229366592259e-01
7.839304585227589994e-01
7.823666066189507440e-01
7.827804399851174821e-01
7.840215385173305851e-01
7.821615070538638914e-01
7.825559865722439001e-01
7.827224934279113366e-01
7.813914146435727570e-01
7.817146292907435345e-01
7.829373388249963872e-01
7.832803936637996456e-01
7.829773361644035701e-01
7.819781738154267803e-01
7.810626879855848692e-01
7.840242918713822284e-01
7.821248399079026026e-01
7.823880812827235243e-01
7.826889304196887887e-01
7.826943082388069239e-01
7.828001565608260215e-01
7.835137419886665233e-01
7.824194581803602944e-01
7.830863278549449191e-01
7.825298829379310206e-01
7.821473747612899263e-01
7.819976263870416222e-01
7.827690996873688523e-01
7.829842127840922483e-01
7.829276881566797908e-01
7.836370990960570548e-01
7.821494368209251924e-01
7.828916987219527446e-01
7.831889803206775191e-01
7.830567617964327987e-01
7.834044711270207184e-01
7.817691742893381202e-01
7.835541774552097216e-01
7.816054209583628287e-01
7.815811974320667765e-01
7.832010682224856968e-01
7.832817174057790099e-01
7.815192102144012942e-01
7.816444750132949260e-01
7.836892588719238661e-01
7.833517488666753570e-01
7.822827816713646687e-01
7.814586386825819186e-01
7.832706638263016163e-01
7.824888466560293576e-01
7.820290695905960376e-01
7.833520612087705448e-01
7.819483621752336688e-01
7.821869066753752708e-01
7.816502541192604792e-01
7.828843649535610627e-01
7.824670884980818863e-01
7.825216131031675904e-01
7.826438500128827247e-01
7.825418473750616055e-01
7.820084909967619513e-01
7.809839188402406540e-01
7.813437216741538904e-01
7.810042849724212477e-01
7.823693332162342529e-01
7.829318515348517860e-01
7.829024765068548497e-01
7.829018345122991107e-01
7.824030604491469809e-01
7.818220201855394791e-01
7.812065836508301775e-01
7.838158295185408964e-01
7.820008776336867529e-01
7.837652609749032884e-01
7.826749560506769399e-01
7.820153766440012255e-01
7.835974433109542669e-01
7.817168501284067483e-01
7.819839290396531917e-01
7.828512914295799874e-01
7.827207678831682447e-01
7.823723588567308429e-01
7.820268895211027749e-01
7.842922116513482145e-01
7.824869628889428164e-01
7.826432817169894918e-01
7.823959904485808803e-01
7.831367579179074889e-01
7.826973131324937993e-01
7.833423639968217778e-01
7.819829704119042324e-01
7.830612851482948722e-01
