3.450502427869214239e-01
3.455281317890416259e-01
3.468554348922204822e-01
3.456171491869674539e-01
3.450776432335657673e-01
3.450616889349674143e-01
3.441712839623712883e-01
3.451597850154384250e-01
3.448840916550982016e-01
3.455537084303345607e-01
3.460479503071093865e-01
3.463618292056824810e-01
3.453821086520455497e-01
3.445826458891048105e-01
3.448243044864277573e-01
3.443328322176852918e-01
3.454031715967674776e-01
3.455490858426858436e-01
3.451812296090643328e-01
3.449648159556264471e-01
3.453496826714154699e-01
3.451770834804945287e-01
3.441333727666708864e-01
3.449948616233166621e-01
3.451037841092475245e-01
3.454806406556469311e-01
3.455197990581244105e-01
3.460478008617999812e-01
3.454845797017741527e-01
3.454010401997864022e-01
3.459774721083808680e-01
3.451961555741888121e-01
3.447144237234051611e-01
3.458454494238882293e-01
3.446913197082375202e-01
3.455081321649956516e-01
3.458347828150016845e-01
3.450620531360902854e-01
3.446556506978062928e-01
3.447680121103565698e-01
3.458465113005193547e-01
3.450082837115738266e-01
3.455541369091372772e-01
3.445490915845298430e-01
3.456981822859687137e-01
3.457684755359768936e-01
3.455081641338870746e-01
3.450276513788243515e-01
3.442461923095835874e-01
3.458164264884878158e-01
3.459685871765684206e-01
3.453042597128341273e-01
3.457026134557580344e-01
3.443691403466407897e-01
3.442823151239539081e-01
3.460305136736244180e-01
3.462554665390930597e-01
3.461023705661525618e-01
3.457158832289015105e-01
3.445702718402225417e-01
3.446075291849630684e-01
3.442611526475602979e-01
3.452656161989200445e-01
3.449439945998390433e-01
3.453370837202957566e-01
3.463590650631106493e-01
3.460147472103513033e-01
3.455880580974433069e-01
3.450913914721083775e-01
3.455805912557004533e-01
3.446805710688068958e-01
3.454754948941120007e-01
3.457655875508293120e-01
3.462356787281491988e-01
3.461756702922660911e-01
3.448251481634382332e-01
3.452159405083881638e-01
3.456200831264433782e-01
3.452639783525834338e-01
3.450555942511949192e-01
3.445821397259212215e-01
3.453434339780311335e-01
3.450428825983652414e-01
3.465994068482347035e-01
3.452556616443187010e-01
3.450978588384556733e-01
3.452277238969205242e-01
3.446105247399600668e-01
3.451367940099859255e-01
3.456008406808315780e-01
3.448269200021989445e-01
3.445793577094434235e-01
3.453611379055748776e-01
3.448078122051093097e-01
3.448925990770375094e-01
3.456808554325906946e-01
3.444966117775430936e-01
3.454993418291076868e-01
3.450349467138439929e-01
3.448462987900752230e-01
