7.979442998105075180e-01
7.982625708836744716e-01
7.993755423411201821e-01
7.984091792200509463e-01
7.989694993453810845e-01
7.988755062223490411e-01
8.002000483266601405e-01
7.999484234576754726e-01
8.002711837221601066e-01
8.003664282601544722e-01
7.993470163292102360e-01
7.995936796769500532e-01
7.999683756893032349e-01
7.991166290977624875e-01
8.000206042230391112e-01
8.000919316555041849e-01
7.994568341990909710e-01
7.988268723141231931e-01
7.997982350210114388e-01
7.992472984212882769e-01
7.994440944441871810e-01
7.989698983207269567e-01
7.991818823544378780e-01
7.986716767184163235e-01
7.998102752137765670e-01
7.990224935859009392e-01
7.995804824762232643e-01
7.993086161539002532e-01
7.990015822734434225e-01
7.998230957092882232e-01
8.005829963371529079e-01
8.001108521830826437e-01
7.995812301926781274e-01
7.999011239720554833e-01
7.988685316092508648e-01
7.995079621470522202e-01
7.994536558363074530e-01
7.996344206298837687e-01
7.989007880247607218e-01
8.005122127904220619e-01
7.995530008252842435e-01
8.000264566848520609e-01
7.992345386622822234e-01
7.990565353756760025e-01
7.992382004408790097e-01
7.995783176967080630e-01
7.996457886569170448e-01
7.994024126718122236e-01
7.990426365885159310e-01
7.988873689478133144e-01
7.994739192771915803e-01
8.000340745052569869e-01
7.990709385423535593e-01
7.999181783529406564e-01
7.985410127668021163e-01
8.002329831901532353e-01
8.001856086700515069e-01
7.980426294656035591e-01
7.999971380582848735e-01
7.990670608024317279e-01
7.997160317279259356e-01
7.998587999266497661e-01
7.983158358336274185e-01
7.997381206682453447e-01
7.999065843722070746e-01
7.994664002208233811e-01
7.993286530600215434e-01
7.990634936497120755e-01
7.991571616982189319e-01
7.985966347021584699e-01
8.000734361630619240e-01
7.995449785091863770e-01
8.002098846699464696e-01
8.006163937871005887e-01
7.987410399953622786e-01
8.000541861819310263e-01
7.994777730432506280e-01
7.988519051092617396e-01
8.000181974996708467e-01
7.983482141898557982e-01
7.993765164329155182e-01
7.994760187079517078e-01
7.996531674578116755e-01
7.992839435080154598e-01
7.997451027503008625e-01
7.993833480793290924e-01
7.993527109742659675e-01
8.001858813793888414e-01
8.002789517422628229e-01
7.996093135000337249e-01
7.999313751591614619e-01
7.999594766684383629e-01
7.983516675015991382e-01
7.989112914304896673e-01
7.990832912002128197e-01
7.997860624465225055e-01
7.998157546356265968e-01
8.001658144106850168e-01
8.004634729701345375e-01
7.991426370831926640e-01
