6.624754801512929003e-03
7.176864552748237619e-03
7.468591645108885700e-03
7.956798327221284092e-03
7.811583798215693611e-03
7.832071095427056359e-03
7.374610239893181034e-03
8.310067437221598310e-03
6.603282922749280880e-03
6.524013202216972715e-03
7.420171457793365427e-03
7.424743652374999649e-03
6.710926147647631838e-03
8.301975641418777099e-03
6.483601987267952581e-03
8.171973162230606463e-03
6.005367294547781301e-03
6.782968194221836861e-03
7.643845883701723583e-03
7.335304984391190046e-03
8.198139243923454472e-03
7.214697869480857922e-03
7.393830377823045093e-03
7.372486221501963616e-03
7.373566041024242831e-03
8.520169512485652186e-03
8.225805544935585467e-03
6.768658077540248841e-03
8.174269741719039986e-03
8.608673291810369985e-03
7.958690396696336405e-03
7.918610003859415797e-03
7.149835972929766484e-03
7.994469252839087048e-03
7.706624158162778473e-03
8.159814095857883740e-03
7.735618829671304410e-03
7.696130454643506681e-03
6.981259967624521383e-03
7.476383421076445053e-03
7.664616344535806099e-03
7.131046580146926418e-03
8.017773239474118227e-03
7.935045247210609567e-03
7.066792355550769941e-03
7.681830114633176818e-03
6.914170908340631742e-03
6.800593958475755103e-03
6.760073485457448669e-03
6.991030096210149730e-03
7.071447169395799273e-03
6.898643515367431332e-03
8.036492101643318009e-03
7.870902369816662469e-03
6.614727869962616635e-03
8.022232959860896295e-03
7.376354012407158531e-03
7.234968065867196721e-03
8.424078117856264453e-03
7.672375388621534634e-03
7.589676061804840820e-03
7.612099518687791277e-03
8.030311000267612367e-03
6.857665011207022057e-03
7.119532253279678945e-03
6.824211660141521474e-03
7.871330934501421725e-03
8.330594264789045050e-03
8.007910669666547937e-03
7.979542080898838902e-03
6.826890515128421211e-03
8.017275883997894773e-03
7.922954474165942035e-03
8.149649671454036598e-03
7.621654344729647881e-03
7.892863205038437580e-03
7.784062606936648088e-03
7.626064323687769403e-03
7.486499655717024707e-03
6.946957496626778028e-03
7.689220341115341785e-03
7.204393151400610706e-03
8.165144948383353668e-03
6.848309744146771454e-03
7.185068444340994738e-03
8.207677645391864979e-03
7.145640289396371428e-03
8.351552010352284935e-03
8.444092769156977957e-03
7.889182130068058546e-03
6.947349025550174188e-03
7.886232606448446980e-03
7.459755430454151695e-03
7.936437278411423435e-03
7.671153923940673969e-03
7.920978093191505254e-03
7.204389000639869513e-03
8.943526005951236285e-03
6.877650997078297440e-03
7.992904135580293848e-03
