3.110261902396811995e-01
3.115452878211360521e-01
3.117248573664518907e-01
3.115771836860556365e-01
3.123468667604382687e-01
3.127419038244089733e-01
3.121681409714824884e-01
3.130043425787473743e-01
3.122479087631522821e-01
3.122169440431723508e-01
3.122941291203930603e-01
3.119824388772403090e-01
3.116837810615923909e-01
3.117111135352808038e-01
3.127094180957991632e-01
3.122164911290805644e-01
3.126420289758450322e-01
3.121607020261572552e-01
3.126076584087278953e-01
3.120563184884654895e-01
3.127024024188245210e-01
3.120837220114303090e-01
3.127743784504025681e-01
3.113369926410580191e-01
3.122961006807078443e-01
3.123806525061759709e-01
3.121705197098619267e-01
3.121998844742269186e-01
3.126370267904984290e-01
3.117584826987681024e-01
3.119266290033316791e-01
3.118996253416865261e-01
3.127342807563636140e-01
3.124418665375194304e-01
3.121620177469277002e-01
3.117683636065116115e-01
3.115670369238482951e-01
3.117979485196845646e-01
3.111686331008826079e-01
3.125886319551781090e-01
3.134154962343064788e-01
3.118421764918630767e-01
3.122058777338975744e-01
3.116315246754004509e-01
3.128284609259962545e-01
3.123438674440822682e-01
3.116571637878450263e-01
3.117939038537402285e-01
3.134049958420210280e-01
3.115006630728341941e-01
3.130285206098841200e-01
3.116754701921017334e-01
3.135618588193784251e-01
3.130118374994599884e-01
3.121685558170753105e-01
3.118417543701678674e-01
3.116985531931318332e-01
3.119298307326442976e-01
3.129553670219025752e-01
3.116576930788867439e-01
3.127903373819894695e-01
3.116730042446959614e-01
3.121800016848445547e-01
3.114611084011317810e-01
3.115793032957538400e-01
3.131349982212949246e-01
3.125275881871106831e-01
3.124540530820836270e-01
3.113336677997710078e-01
3.124464264117626233e-01
3.135740406825185955e-01
3.117240824209088768e-01
3.133530063201767635e-01
3.124255969975520131e-01
3.118733090708319944e-01
3.132665816357416699e-01
3.126220918991447495e-01
3.125935867175756444e-01
3.118243579769809926e-01
3.124938703644440929e-01
3.129706896964545848e-01
3.130295909213155481e-01
3.125217753251714470e-01
3.117720229853046532e-01
3.123179328835875568e-01
3.115512835286231019e-01
3.117194053168671486e-01
3.116211655751504050e-01
3.127029108230248711e-01
3.119062832643031413e-01
3.126039113052645479e-01
3.121660083235838767e-01
3.134060950588273275e-01
3.121397428391229356e-01
3.113039816899967893e-01
3.111981724678010153e-01
3.136131199575077355e-01
3.130804004032506915e-01
3.134395242476183396e-01
3.126677114709772165e-01
