2.535435426816117777e-01
2.554458568437306121e-01
2.548176381937438673e-01
2.565693018972727835e-01
2.561533502391165062e-01
2.554570634400853968e-01
2.545134091718529445e-01
2.553286736074647512e-01
2.554315472309086621e-01
2.545665446402621823e-01
2.551738399568698190e-01
2.555322816201346936e-01
2.563288239765262877e-01
2.551553841478209628e-01
2.545923106072240372e-01
2.555060105993074981e-01
2.555434927730237948e-01
2.545843109235588209e-01
2.547482642892616722e-01
2.557576243763458601e-01
2.541289564164948556e-01
2.549943109288136389e-01
2.551774689198084145e-01
2.551353261085952395e-01
2.556358038740175753e-01
2.546416062458475293e-01
2.554011799481264444e-01
2.558950343847479214e-01
2.559164469099407535e-01
2.559354177850646228e-01
2.565934267064441388e-01
2.554982400781490304e-01
2.540285451489178170e-01
2.551927816781513481e-01
2.552625235653092073e-01
2.556591106942171510e-01
2.549663130081847306e-01
2.549326278581469651e-01
2.555024319171836922e-01
2.545182892279436171e-01
2.557498958990130355e-01
2.555187426874715451e-01
2.538374745002912047e-01
2.547695263073668781e-01
2.555793613765453554e-01
2.545397676446886637e-01
2.554076380265238311e-01
2.558095750412969216e-01
2.554171018593993092e-01
2.557922265715545374e-01
2.565421484473133229e-01
2.541275477470190669e-01
2.563221591820231682e-01
2.539926722222753952e-01
2.552563473162687280e-01
2.549640766464278951e-01
2.546141783133796244e-01
2.555833878186031249e-01
2.548725211104228561e-01
2.545106727756011322e-01
2.552706977192099047e-01
2.545165831436605464e-01
2.547749762631827397e-01
2.551675213463304170e-01
2.554534615168241318e-01
2.547326940314128541e-01
2.552181631426438946e-01
2.552292956724977468e-01
2.563685634375206246e-01
2.552155260156425687e-01
2.559980435241591690e-01
2.560209801053902057e-01
2.554162621766565833e-01
2.547801930063571252e-01
2.556331326117865510e-01
2.546466629068426801e-01
2.554838950406611575e-01
2.554049901526890820e-01
2.557994461961125010e-01
2.549979919881615875e-01
2.556086876032671595e-01
2.549716474079837814e-01
2.549067445892239103e-01
2.556550022535242772e-01
2.554089273838432983e-01
2.561342916619860910e-01
2.553275307550116335e-01
2.549455020022401985e-01
2.560236588999304508e-01
2.547872000486469668e-01
2.552360417588609431e-01
2.558634041360026701e-01
2.556158453260909402e-01
2.558690372545729952e-01
2.559681180988334637e-01
2.558741959908557573e-01
2.549400197980117300e-01
2.553415198742352565e-01
2.546282044302938252e-01
2.548166432120366753e-01
