1.199793188591022075e-01
1.199329831097829119e-01
1.202432888866669103e-01
1.214540052430796435e-01
1.203295677339156905e-01
1.209982195984485587e-01
1.202995699166013177e-01
1.214578038786093966e-01
1.219623679278553779e-01
1.213700897611713764e-01
1.210574522763013250e-01
1.213807177797154579e-01
1.212591942805823914e-01
1.213464463902753226e-01
1.200602040633150791e-01
1.202565871097540234e-01
1.212888296853499026e-01
1.208680967661786010e-01
1.207111735403779973e-01
1.217164321375165947e-01
1.215410278628721030e-01
1.199966703438097582e-01
1.210100864413165000e-01
1.218964249538238287e-01
1.209229422623774447e-01
1.210641214278893457e-01
1.211550476987872660e-01
1.213747224160693639e-01
1.213584278297668712e-01
1.213675368448471070e-01
1.207449344969863947e-01
1.214931159531448257e-01
1.197160857790900701e-01
1.206837789368576663e-01
1.202338833742419566e-01
1.209663625050232394e-01
1.210929564328900032e-01
1.208478089408448614e-01
1.200099556068404266e-01
1.200857464247551687e-01
1.197351537836730401e-01
1.208412839390950733e-01
1.211091132392704967e-01
1.201093061628434461e-01
1.206077159721742342e-01
1.201137495270803435e-01
1.206792187810731554e-01
1.210363764105505252e-01
1.210569376342497672e-01
1.200239238283211385e-01
1.197166672687769717e-01
1.211082302807797023e-01
1.218228403594028286e-01
1.212596683003254183e-01
1.202629384604508300e-01
1.204616956498463232e-01
1.215776628813302340e-01
1.203635916913804033e-01
1.216216955729253341e-01
1.209362405594252149e-01
1.214997610835862052e-01
1.211810487986627466e-01
1.203457014465535990e-01
1.221076938399825729e-01
1.212648637763583531e-01
1.208211764285010148e-01
1.208840584917240668e-01
1.200159277560020749e-01
1.213579938748241271e-01
1.209901761037534551e-01
1.217478741888478322e-01
1.220747555024544739e-01
1.208333531298688146e-01
1.212385139881778096e-01
1.213906661369574536e-01
1.206583110163607642e-01
1.211762266588008174e-01
1.204055109215831504e-01
1.202724133433236003e-01
1.208216421523863049e-01
1.204294886382454854e-01
1.210377085738665315e-01
1.199145060830205528e-01
1.201582828806072589e-01
1.211624057500795271e-01
1.205612565243699835e-01
1.205002998697268096e-01
1.210512265964116818e-01
1.201415047150653226e-01
1.199112894747884350e-01
1.208168930462263368e-01
1.193575489440104331e-01
1.207580670068452988e-01
1.219400971360049546e-01
1.203706755050998473e-01
1.220522687050782928e-01
1.206938177646894317e-01
1.203393784813198836e-01
1.206009874758554035e-01
1.203306900240817406e-01
