8.734547815421077610e-01
8.749255395024082560e-01
8.731412123716241203e-01
8.753743728682843450e-01
8.758587588603005125e-01
8.732933308147765583e-01
8.744435251875137816e-01
8.738730191373238476e-01
8.746114245282368138e-01
8.760072855533680425e-01
8.753824915630809000e-01
8.752697615088317340e-01
8.741152097034876611e-01
8.751299192479573552e-01
8.749264488595404066e-01
8.740350684876276866e-01
8.752288296583621285e-01
8.746094415433709468e-01
8.749586779617448684e-01
8.752214052974767178e-01
8.758044215155109669e-01
8.757815102863002465e-01
8.761776915687781164e-01
8.753533004756908209e-01
8.745281100780739614e-01
8.749198681518521870e-01
8.741613896731068589e-01
8.737794411464069322e-01
8.755659926166287077e-01
8.758214230462051386e-01
8.743423367878742081e-01
8.746829367450132953e-01
8.743422673766784170e-01
8.738221841355459096e-01
8.744005304017037350e-01
8.740100815065847684e-01
8.750264030612595612e-01
8.740241569884776851e-01
8.744870653766425583e-01
8.738969722850339350e-01
8.742962592973086977e-01
8.749148340478711816e-01
8.758049393705339414e-01
8.763351525942248976e-01
8.750610990711045201e-01
8.749182927383936104e-01
8.753863296284384310e-01
8.740361905918797580e-01
8.745185361839795668e-01
8.758427255590209848e-01
8.740071186667457415e-01
8.748476975525051325e-01
8.760059777900393030e-01
8.756893111678409891e-01
8.744073409854745682e-01
8.743053068436072994e-01
8.744192439183825494e-01
8.750515922452257733e-01
8.756416937207061046e-01
8.755213813249981269e-01
8.766284981889540528e-01
8.759885116487410306e-01
8.755742771389162238e-01
8.748561225036571853e-01
8.753582379405541181e-01
8.749151642828212339e-01
8.749453135233310475e-01
8.747899797469843586e-01
8.752411452279561521e-01
8.742920472926242192e-01
8.754872099157851029e-01
8.749302922744824906e-01
8.752437616971319168e-01
8.744014804588744472e-01
8.756223393228115270e-01
8.748955196068189943e-01
8.754026814307243054e-01
8.745097580348399902e-01
8.745247727529874560e-01
8.743007375002270765e-01
8.754989929357746004e-01
8.746063225168015931e-01
8.742459552841277404e-01
8.745989550263852941e-01
8.756517727488837277e-01
8.746262092689471856e-01
8.743440493084286835e-01
8.739573699805255336e-01
8.732932169251428345e-01
8.739885831010740791e-01
8.750137507192136122e-01
8.752360756746183634e-01
8.744499154943765618e-01
8.750936522161723019e-01
8.750546542732130506e-01
8.750229102529465397e-01
8.745272149008707085e-01
8.748989827978181921e-01
8.752215248382593238e-01
8.747961904967802571e-01
