7.914483578251082507e-01
7.929634311126640966e-01
7.922278104781047547e-01
7.926598341068575859e-01
7.933770758350298102e-01
7.926097068356290354e-01
7.916719733744865817e-01
7.917476989828671208e-01
7.925991197453421400e-01
7.930577581835902556e-01
7.921672874044427548e-01
7.927785753949272429e-01
7.917815977974793640e-01
7.933178103676635784e-01
7.923156392789214575e-01
7.922791566244820061e-01
7.925147012269587732e-01
7.927044640011842169e-01
7.934939400918805674e-01
7.915060274214980041e-01
7.925928917778327643e-01
7.924034045921728442e-01
7.916017409757822865e-01
7.923315226504086262e-01
7.917133852351252443e-01
7.925974689782160354e-01
7.921173254717714940e-01
7.925764234904884020e-01
7.916641337339547224e-01
7.933477775849625546e-01
7.926583822664200474e-01
7.928552439314338063e-01
7.920621394819316041e-01
7.935629738569168756e-01
7.936340317974863723e-01
7.923785366795089713e-01
7.918604631419310369e-01
7.925251175873361253e-01
7.932857401954060972e-01
7.926538727365655124e-01
7.931074579594251661e-01
7.927237414952865713e-01
7.927634460781647352e-01
7.925716396100699335e-01
7.916203524026591554e-01
7.926701830855615860e-01
7.921433816998748600e-01
7.924878699657369463e-01
7.934021186597211006e-01
7.921145158644078421e-01
7.919283168157198460e-01
7.915342606333732878e-01
7.922978089317649353e-01
7.914724321271207064e-01
7.918921200812184535e-01
7.929580901199098086e-01
7.926505900214000366e-01
7.923410267058296208e-01
7.916671508854886685e-01
7.927093273331309309e-01
7.918196413270561784e-01
7.930172680956961706e-01
7.929576041673751519e-01
7.926484604624345343e-01
7.932885688368003230e-01
7.923528519451566998e-01
7.927519079855083195e-01
7.926399934674422942e-01
7.920815804969607576e-01
7.930145428344410607e-01
7.931068053685084163e-01
7.926317261896294042e-01
7.924621446619152243e-01
7.930017347403011119e-01
7.925123413711772091e-01
7.935772138268910592e-01
7.922922653391906156e-01
7.917377536770193736e-01
7.920495076247329180e-01
7.924453977428145279e-01
7.929273487637803486e-01
7.929576722103852671e-01
7.923737325117411467e-01
7.922847918167443826e-01
7.925460327174234099e-01
7.913816018564856503e-01
7.922142476689580937e-01
7.933646376560806734e-01
7.939320956322576395e-01
7.922997048354912808e-01
7.921081266705907176e-01
7.924978818539698544e-01
7.931660575571461980e-01
7.908479641408738825e-01
7.921778740356375526e-01
7.923307566145405545e-01
7.923934473273147594e-01
7.924197724471780946e-01
7.939552184062868001e-01
7.927962178488280331e-01
