6.691725008763156346e-01
6.706381682506938890e-01
6.698429423883456302e-01
6.705052952920060871e-01
6.708740327935448500e-01
6.707209417136251739e-01
6.696524990592634952e-01
6.707924224068653185e-01
6.705866879716066986e-01
6.706259801178332536e-01
6.701480701313816679e-01
6.703013391129175602e-01
6.695776812831333302e-01
6.703944170089014554e-01
6.698686381712931626e-01
6.702797841608264529e-01
6.706168476665790301e-01
6.699900018974074278e-01
6.699442515429041567e-01
6.718310455559770578e-01
6.709343902303295248e-01
6.700518550147543939e-01
6.699731854373526252e-01
6.710740362003067006e-01
6.702275947167776193e-01
6.700861729082210339e-01
6.717133773034584809e-01
6.695469321709006660e-01
6.713576762615642846e-01
6.694165778636509412e-01
6.690908592950961520e-01
6.705794712664286950e-01
6.702468555011403817e-01
6.697652792681683120e-01
6.714016488180927222e-01
6.718086519420668479e-01
6.703777759678362091e-01
6.705563516140480296e-01
6.702080054457972835e-01
6.691684948466128935e-01
6.712247638090469426e-01
6.706121875975005198e-01
6.704210472240893504e-01
6.696499345187741925e-01
6.706205002672620541e-01
6.702013929524590630e-01
6.701733459581096231e-01
6.699266671916846994e-01
6.710002052536458983e-01
6.708575284254161275e-01
6.714149718344092355e-01
6.712245858039689317e-01
6.706712843281954495e-01
6.704814350053953653e-01
6.705727257515106121e-01
6.693477718080873551e-01
6.713421045148337818e-01
6.699916576396307555e-01
6.707555708028825059e-01
6.705607187324096330e-01
6.715976002840513548e-01
6.702619110649128409e-01
6.704513653667000250e-01
6.717751249181129758e-01
6.712568031223042908e-01
6.703585451380962290e-01
6.709926399341918923e-01
6.699349530702048972e-01
6.703508286646955305e-01
6.697910614927118367e-01
6.699238738766628565e-01
6.702737469018531513e-01
6.712171491234151244e-01
6.697942732310274705e-01
6.706533806795854646e-01
6.704136392642445763e-01
6.691801884024470848e-01
6.716706003405821246e-01
6.701850060208363047e-01
6.709831629330433866e-01
6.700575405248948568e-01
6.716890679390239427e-01
6.706538631916916238e-01
6.708475915677094559e-01
6.695778526616821269e-01
6.705776086599216645e-01
6.698349934274554496e-01
6.699540184019470157e-01
6.699963018160982609e-01
6.709800344931751148e-01
6.700096840560532119e-01
6.695173073118823037e-01
6.714108786072299218e-01
6.702811879218797397e-01
6.710757809179843658e-01
6.702158657193416635e-01
6.695748012527807935e-01
6.698791359642853882e-01
6.702607249780101473e-01
6.705572949401168437e-01
