5.120020602561000667e-01
5.145030703889527102e-01
5.143260966703605552e-01
5.142149315285973188e-01
5.144055003183016783e-01
5.146236447978711492e-01
5.147521816602812494e-01
5.155115403050686274e-01
5.145750073630825927e-01
5.135429915007372337e-01
5.144472120220633382e-01
5.148316117408778814e-01
5.152763479383625222e-01
5.140528008825916428e-01
5.155714151729384742e-01
5.144580239286432599e-01
5.160891764344744947e-01
5.149192970685663173e-01
5.146069398002993678e-01
5.141097168140122964e-01
5.142609118980683292e-01
5.142662604131446047e-01
5.158268100058951422e-01
5.151936970706134655e-01
5.140963825008872945e-01
5.142087014226938146e-01
5.138138699702203827e-01
5.149883512229695981e-01
5.141235120567011485e-01
5.157919936269603767e-01
5.146388607116230141e-01
5.150938887070604100e-01
5.145671771860241828e-01
5.146534968776256269e-01
5.150810898026628726e-01
5.138718856827708681e-01
5.140315195197373566e-01
5.144104454355662437e-01
5.153091542473640096e-01
5.143705354163953247e-01
5.141813763447929952e-01
5.148888864686761435e-01
5.146502155030165948e-01
5.156977284217142410e-01
5.146099904401895131e-01
5.145665510766362916e-01
5.142720294475666698e-01
5.151186970469615600e-01
5.143551294692957354e-01
5.145605716489113357e-01
5.153978848012258362e-01
5.144004050916217707e-01
5.145573489984822668e-01
5.146217206267608146e-01
5.138878756650148150e-01
5.147118282757939811e-01
5.139616384364034118e-01
5.152666743442030350e-01
5.140225902253283685e-01
5.143855590090754548e-01
5.145951254943637032e-01
5.147547181268473659e-01
5.147001441630746355e-01
5.146791661181814304e-01
5.142208203341851469e-01
5.139732462022633674e-01
5.145096766110552888e-01
5.151444351053067194e-01
5.133088936252876433e-01
5.147620669950183636e-01
5.141219514706653060e-01
5.143132413174148487e-01
5.146767031452011976e-01
5.140832101714043478e-01
5.142290486670295646e-01
5.145649785432901968e-01
5.154008243388168431e-01
5.140852154552644215e-01
5.142873742907947410e-01
5.151341642498958873e-01
5.146227731537114103e-01
5.151571564616338472e-01
5.141457521190601065e-01
5.140030235095411904e-01
5.143010628581653476e-01
5.146754566014261068e-01
5.142275692705732260e-01
5.149306437674707748e-01
5.135339775398034545e-01
5.141975088060855015e-01
5.143936435899216786e-01
5.153030397294449116e-01
5.142865323920309262e-01
5.148597952539426537e-01
5.137197593922853134e-01
5.146357894507325170e-01
5.158070246553592142e-01
5.159650677400207108e-01
5.144107402026547593e-01
5.147853755921798502e-01
