6.190778144673861894e-01
6.204833700220326875e-01
6.212555075331043231e-01
6.209524590391863885e-01
6.199347858602721750e-01
6.206703621812987848e-01
6.200480275127167040e-01
6.198955017802068035e-01
6.205753846225613435e-01
6.214538966050933144e-01
6.200227261768622711e-01
6.203373984307187783e-01
6.207450694864575791e-01
6.203687678334186550e-01
6.203289628735493277e-01
6.198350916876651517e-01
6.210796312797628449e-01
6.208708249410486157e-01
6.213255415778927704e-01
6.207769114078884876e-01
6.209213491831488962e-01
6.199349085847390972e-01
6.205812989329924090e-01
6.211251075090269413e-01
6.205767094004810414e-01
6.195540686167492206e-01
6.204738752407807922e-01
6.207906649296948132e-01
6.214658992756529887e-01
6.206709641164240843e-01
6.203987634079566327e-01
6.201147329965044364e-01
6.186996507084032704e-01
6.202013636222627468e-01
6.204087895362867533e-01
6.210951964675230919e-01
6.205333576522458205e-01
6.203595867065183622e-01
6.206845704495993488e-01
6.217270710982034654e-01
6.205152441792727291e-01
6.202138063791048372e-01
6.214174942231465160e-01
6.203751989218015961e-01
6.208034955967651758e-01
6.205660165746716972e-01
6.204074203235017126e-01
6.204238663555085020e-01
6.201440209086963584e-01
6.206339365687149057e-01
6.195919128543447840e-01
6.202827195665747695e-01
6.197160616003343225e-01
6.208754271970464700e-01
6.209634347404687782e-01
6.209987630053295238e-01
6.212663899552457458e-01
6.210427556080329037e-01
6.195800821002190872e-01
6.210541472306683186e-01
6.203038794442004011e-01
6.209824177088023589e-01
6.202553455428083673e-01
6.196007816002564450e-01
6.201853547079990703e-01
6.209202752347533494e-01
6.193122398109333071e-01
6.205679987515623219e-01
6.207898030746183959e-01
6.207071003257373931e-01
6.212439602140603645e-01
6.211167750829269529e-01
6.206422543778975509e-01
6.206877565054760293e-01
6.206585179875915292e-01
6.216586497291072266e-01
6.212479841036095962e-01
6.203170222371316989e-01
6.205699656661052277e-01
6.211275137588174733e-01
6.204879048366922500e-01
6.180847135947783455e-01
6.204401557823717717e-01
6.209650270574573749e-01
6.213685757151466982e-01
6.193337180351874416e-01
6.205054689229059228e-01
6.193079763317657083e-01
6.190631867876792427e-01
6.207239157604050872e-01
6.193582948952444100e-01
6.205541262102418631e-01
6.195205391248019833e-01
6.212836129315183475e-01
6.202496296092347983e-01
6.211947274142721742e-01
6.206691768781187335e-01
6.205184252475779427e-01
6.200654606868121199e-01
6.208522295164955462e-01
