6.282005045519367670e-01
6.296716198712347667e-01
6.286940357236554533e-01
6.286940509781384634e-01
6.295027944479281157e-01
6.285761642449383402e-01
6.289191006814673912e-01
6.276286060795805977e-01
6.281818630846610629e-01
6.287491665267579410e-01
6.275426750728319014e-01
6.278881706824317455e-01
6.283267201715870831e-01
6.294497441213215971e-01
6.296942005766048567e-01
6.289312610593772446e-01
6.288031802912024126e-01
6.283599035851068493e-01
6.287785745884295618e-01
6.282477612974266545e-01
6.297383970346754900e-01
6.289069355691705443e-01
6.295632121099888900e-01
6.293151640179721618e-01
6.282676325346399082e-01
6.288441547226943928e-01
6.282509672495835140e-01
6.284276889569374580e-01
6.287964532061838252e-01
6.294483496480125506e-01
6.289276169841971909e-01
6.287474617081196815e-01
6.294954193514319396e-01
6.276893500171464302e-01
6.295724237868141060e-01
6.289738938471389762e-01
6.285937083201633691e-01
6.287002880536378679e-01
6.282100442968028275e-01
6.286323280073295994e-01
6.294039424229240787e-01
6.280169491093197109e-01
6.290013991204346233e-01
6.282407618859027210e-01
6.279492895484080073e-01
6.278661102290112872e-01
6.288345889995672344e-01
6.289215607479383685e-01
6.288299528958938289e-01
6.285181835380639903e-01
6.288007791404790492e-01
6.280904272999578986e-01
6.291686559639874110e-01
6.295063416892725527e-01
6.286413512672573978e-01
6.286605261724960148e-01
6.285792961955594116e-01
6.280181939681750425e-01
6.274087887553867482e-01
6.290406192995305901e-01
6.282728344336077075e-01
6.284576710263241051e-01
6.296824260995450562e-01
6.285923557730251909e-01
6.284543321823982120e-01
6.284237673972473681e-01
6.268770808693543417e-01
6.282632275823344381e-01
6.289013053116698782e-01
6.282663086636137706e-01
6.281838101729944057e-01
6.291190227888170394e-01
6.289442233822228889e-01
6.288690316533096514e-01
6.288051343286393813e-01
6.283553847880940513e-01
6.283011113539207493e-01
6.279950163535961138e-01
6.284792244480839063e-01
6.281488624908140306e-01
6.280638458288778647e-01
6.284245831388337589e-01
6.286087532827522306e-01
6.286856879117183050e-01
6.282388105778611287e-01
6.295896554119232436e-01
6.283042482197747081e-01
6.284928921262953327e-01
6.292047200213835012e-01
6.294582326075710554e-01
6.284793172350282564e-01
6.294936627555622888e-01
6.280797074600610319e-01
6.283310563222018752e-01
6.270647511607625457e-01
6.280219907028252724e-01
6.278186147306490383e-01
6.282734206979769809e-01
6.290309739530145494e-01
6.293880225604726597e-01
