1.870285294201587956e-01
1.880757062993106132e-01
1.880260425879538566e-01
1.876713888546285569e-01
1.875838852648525346e-01
1.893108960566405319e-01
1.888542774358548948e-01
1.879415358598705843e-01
1.880053686168951799e-01
1.890879374189355366e-01
1.876142797734843271e-01
1.882006483017042708e-01
1.879315366122401576e-01
1.872804439618905303e-01
1.886131628739555199e-01
1.888581574275464137e-01
1.878683218451404346e-01
1.882675195334432006e-01
1.876210352631889067e-01
1.885728168972264640e-01
1.882088290355515836e-01
1.886017907362513291e-01
1.882555553581657937e-01
1.886927841396919825e-01
1.878504760357669612e-01
1.875186345076949868e-01
1.889508227612075320e-01
1.879568822277715712e-01
1.881409136039652874e-01
1.884787351795659260e-01
1.879161175079257229e-01
1.874629134679286213e-01
1.875039045822832207e-01
1.876125380717262869e-01
1.878781544297884187e-01
1.876979057763564496e-01
1.882074138943003738e-01
1.890269196625568859e-01
1.878808650796776059e-01
1.874851964853351538e-01
1.874636827166458186e-01
1.880423851054277284e-01
1.884181381770854702e-01
1.875555089640640882e-01
1.884345379655190111e-01
1.890189101025427365e-01
1.878975295118741340e-01
1.880936917841509737e-01
1.877917341808493512e-01
1.882485926201438731e-01
1.883217547480540710e-01
1.880497559088306070e-01
1.865296935702511205e-01
1.889253743978714373e-01
1.880425058287796825e-01
1.887992469179106125e-01
1.875033522266822128e-01
1.888416222181098503e-01
1.890707617102299898e-01
1.871240815582281836e-01
1.893523302334586822e-01
1.875534775697007828e-01
1.885465413474048113e-01
1.876448102077959701e-01
1.878872663407747945e-01
1.885981077483381285e-01
1.887339864028345637e-01
1.875436842526046477e-01
1.881712744859794229e-01
1.884365105446578481e-01
1.880919045931876699e-01
1.887169256691913488e-01
1.881526855133528742e-01
1.873433954034721682e-01
1.882569864210506261e-01
1.887715168848630998e-01
1.880621342582311228e-01
1.886824397755428318e-01
1.883732241382860273e-01
1.882071209045415860e-01
1.879320900946100936e-01
1.883721794683638207e-01
1.881045836526742676e-01
1.884782050471617842e-01
1.875689072685058079e-01
1.884097903120120487e-01
1.879125292042262141e-01
1.863846698477817088e-01
1.875356861119441831e-01
1.879395372073053294e-01
1.873958694729265795e-01
1.875055749018316453e-01
1.884246021871713583e-01
1.887748817210939123e-01
1.891338816925516308e-01
1.882767744093222229e-01
1.884501092649274456e-01
1.886973085892704183e-01
1.884734104280267886e-01
1.887209301106274606e-01
