6.826818300690344898e-01
6.820270171002557058e-01
6.823769079249124569e-01
6.831447527584930679e-01
6.824782798545464546e-01
6.820619255665985037e-01
6.829347495176063543e-01
6.818696729107929233e-01
6.827141864059843579e-01
6.822302010706083886e-01
6.825617741702991736e-01
6.817439178228563712e-01
6.812250998813674796e-01
6.832594354979241169e-01
6.827631179730604405e-01
6.833879969680334288e-01
6.826804479429772199e-01
6.836837934789954385e-01
6.818324880445217895e-01
6.832452626431682052e-01
6.812660052160403046e-01
6.825788831940938772e-01
6.817134691411868008e-01
6.827234708049476630e-01
6.830969031314862994e-01
6.823818775331829123e-01
6.817031300355349543e-01
6.815118271116296089e-01
6.829601271932500550e-01
6.811576239302683522e-01
6.836229269166861355e-01
6.823326624041661237e-01
6.833775890300153311e-01
6.823178939372362972e-01
6.813378921883026518e-01
6.828734848415831671e-01
6.818381855474149322e-01
6.823899555946981721e-01
6.826679809515506792e-01
6.824368096423737429e-01
6.824995301488916422e-01
6.822196041816045442e-01
6.833423502065040234e-01
6.826953894018531477e-01
6.832436590453512260e-01
6.823193140029442105e-01
6.828312115114552050e-01
6.825571806120149798e-01
6.827233847821525536e-01
6.816780072937880242e-01
6.830257640766181915e-01
6.829401721599275277e-01
6.820950108782311005e-01
6.811514167733481173e-01
6.816288131484935509e-01
6.823154788803698079e-01
6.840254306132650397e-01
6.831333305442354176e-01
6.823515637260232358e-01
6.831958937184221536e-01
6.819944548258907169e-01
6.821071639281710564e-01
6.822403477022493945e-01
6.823023831822008223e-01
6.825550290093738148e-01
6.824609207981775505e-01
6.830562702515782236e-01
6.838170647325744200e-01
6.839664516402045313e-01
6.816039955927470917e-01
6.816399612965123866e-01
6.832605533890114824e-01
6.824786262333725206e-01
6.821075657305180062e-01
6.836491849911427998e-01
6.826242459985840672e-01
6.826540668515708177e-01
6.816712549936426724e-01
6.824322006424361486e-01
6.824701752831257018e-01
6.823862706980240445e-01
6.824507230755234577e-01
6.823052860553571186e-01
6.822435607259810242e-01
6.824744947780891913e-01
6.813794503302446071e-01
6.815132921590147941e-01
6.827148279404549047e-01
6.822688639082057360e-01
6.824166523883627988e-01
6.832478168584483758e-01
6.827672932233258551e-01
6.811769681444983515e-01
6.837977663579470899e-01
6.822552490774870249e-01
6.822751178831321095e-01
6.831068039169935213e-01
6.828091667731044367e-01
6.832498606131043317e-01
6.821070226918336532e-01
