7.284571960238972466e-01
7.282636648157972958e-01
7.284595187087403723e-01
7.301381201476822014e-01
7.273610839557849150e-01
7.279510200882886028e-01
7.291457527207754197e-01
7.282342322776211851e-01
7.283371614715907771e-01
7.287361831913723442e-01
7.276272321551175981e-01
7.283624852651293669e-01
7.279650799295290797e-01
7.281855917211159657e-01
7.280442678461325201e-01
7.291201454827813677e-01
7.274288263149255584e-01
7.279217353700305759e-01
7.285220954190261278e-01
7.281530266571594190e-01
7.280814937469488601e-01
7.280950827829740790e-01
7.281585905704819339e-01
7.292918906403158541e-01
7.295009539613851457e-01
7.287418085691911296e-01
7.284645175515296334e-01
7.285600849502694709e-01
7.292492960130052548e-01
7.284540979989240217e-01
7.289230101645018944e-01
7.281705808439484784e-01
7.297668058120089229e-01
7.282528581226397346e-01
7.291231355863061481e-01
7.275484807517836883e-01
7.291233593779312683e-01
7.290636171226074769e-01
7.288350204485646300e-01
7.293188440197283517e-01
7.295582681817791570e-01
7.285731170871223572e-01
7.285264245122398119e-01
7.286780196311197777e-01
7.292629858025034828e-01
7.287212462731862406e-01
7.283983094477166631e-01
7.283757202423860599e-01
7.283396909671274733e-01
7.292620623363208487e-01
7.290466555474610644e-01
7.283598823124386445e-01
7.277209301905580574e-01
7.292866365431514009e-01
7.284943844896476506e-01
7.289397285996419562e-01
7.286567922802031916e-01
7.287131824387560464e-01
7.288994769861022460e-01
7.283383077463962962e-01
7.278196235765533872e-01
7.292918018931455748e-01
7.277595530720804007e-01
7.299166909302443607e-01
7.285804377880616967e-01
7.292592256369629933e-01
7.277675323336707525e-01
7.289167496304349569e-01
7.288385823618896975e-01
7.278354020816721892e-01
7.287525014299967019e-01
7.286457476862021609e-01
7.282158032596419694e-01
7.288275661750145407e-01
7.291758837220390088e-01
7.281002969713590289e-01
7.279158761155507529e-01
7.289975707317324360e-01
7.281924509492817554e-01
7.297058771645419384e-01
7.293343068973873189e-01
7.270606970634433397e-01
7.278319226972748135e-01
7.278516226941978973e-01
7.284636733551639320e-01
7.290720173905892443e-01
7.294404197311160631e-01
7.291788974893262942e-01
7.279800781868899229e-01
7.286285362929756371e-01
7.280562238697345645e-01
7.289751350557377441e-01
7.290795151277749131e-01
7.286486499276454420e-01
7.282952764467763851e-01
7.273402121334674453e-01
7.291751606847426403e-01
7.286167140581585322e-01
7.286676116571052519e-01
7.276051250062158804e-01
