9.386581698161594600e-01
9.391440844115319653e-01
9.386720986775943798e-01
9.407855621011322889e-01
9.396360376441974527e-01
9.388603835392237418e-01
9.400423342922687997e-01
9.384039768420163741e-01
9.396896107672673137e-01
9.397123789773591529e-01
9.387848363399784457e-01
9.389986357067834355e-01
9.387669133756205708e-01
9.392144538221761652e-01
9.399437142788552579e-01
9.385947369345242208e-01
9.388388234870385096e-01
9.398649865986459240e-01
9.392541912718807007e-01
9.388369031249517160e-01
9.395566776735336800e-01
9.388657174628646240e-01
9.388616154434863414e-01
9.397184362499573229e-01
9.397172956024972823e-01
9.389952472146358975e-01
9.400558681248349924e-01
9.383905150373568205e-01
9.394734734408691779e-01
9.399784053778714732e-01
9.410722410331679999e-01
9.391818097297219836e-01
9.394039606872784942e-01
9.386635533245805130e-01
9.390785458639574479e-01
9.393702931603155060e-01
9.397637200621219433e-01
9.393182761393469304e-01
9.387312680344928051e-01
9.401442408514355531e-01
9.405196450871700087e-01
9.392238728125075209e-01
9.396886469898971805e-01
9.395372411882796371e-01
9.383302571339060538e-01
9.386592034510362614e-01
9.388275116917070839e-01
9.382484185445789659e-01
9.389813008051107746e-01
9.390003746718604827e-01
9.398772994151789462e-01
9.395535519544384595e-01
9.393200198697040371e-01
9.389203507377903435e-01
9.395041858734047846e-01
9.387475551132840046e-01
9.383207244622122634e-01
9.392778095467111399e-01
9.380796854105800664e-01
9.401675622116452136e-01
9.389166752301637553e-01
9.393208658447920190e-01
9.390945860668735712e-01
9.395487940065290200e-01
9.382440148402306779e-01
9.394140814907809833e-01
9.390319959603234956e-01
9.389433548087584569e-01
9.397241778577372084e-01
9.379137138818982589e-01
9.392416273057924148e-01
9.388233869732733883e-01
9.391992531803723399e-01
9.386802881291019807e-01
9.397675418246511647e-01
9.395225930960788840e-01
9.381798681951847296e-01
9.392387128071338909e-01
9.407845596214670092e-01
9.396797967827471565e-01
9.397241895959780322e-01
9.397113997248778272e-01
9.415236415818047933e-01
9.393752842393832125e-01
9.386053734128873005e-01
9.401406881307247110e-01
9.394411230625412390e-01
9.404767041313668585e-01
9.389600084886053910e-01
9.382836596297066123e-01
9.399057260116916446e-01
9.392742327584060469e-01
9.379788419719155002e-01
9.387527973429815598e-01
9.395641616661025708e-01
9.390006780663564534e-01
9.397481486098111514e-01
9.397343054828628528e-01
9.397887217993172726e-01
9.388069661143247924e-01
