3.209733165439052072e-01
3.225347863188046116e-01
3.225025016849070170e-01
3.224670842618495570e-01
3.229517220443979264e-01
3.220783459957782813e-01
3.212601210491555226e-01
3.234262817564530490e-01
3.233934942877518259e-01
3.233261861492000566e-01
3.219653160225255384e-01
3.231967163319008907e-01
3.223085899090578632e-01
3.227047657980330331e-01
3.233151606295824876e-01
3.233591914759795793e-01
3.212774379186873475e-01
3.217393104455725794e-01
3.225033168496922453e-01
3.226053905548605938e-01
3.208796341175821909e-01
3.211675003522086458e-01
3.224759124314814374e-01
3.220367953703456854e-01
3.228584392918211199e-01
3.226920104616193274e-01
3.231047817526566668e-01
3.213862366252678848e-01
3.221852415596703767e-01
3.232580839856362687e-01
3.224393613201029241e-01
3.224936507254490548e-01
3.222613237387417229e-01
3.218931249582380194e-01
3.220312239686248801e-01
3.220991851133615524e-01
3.213629145707874724e-01
3.222494144990765141e-01
3.221472972723907202e-01
3.222816584621250313e-01
3.224685898773392845e-01
3.228398037978489898e-01
3.210030953486079364e-01
3.231767394131836446e-01
3.221452261946003981e-01
3.217533270525121392e-01
3.224865601635672485e-01
3.209280599347891783e-01
3.228342516452352151e-01
3.230970244100158650e-01
3.230155460324845018e-01
3.233509429212816921e-01
3.216684386822790120e-01
3.223909324165745716e-01
3.215141876226110806e-01
3.229542174102360552e-01
3.224179675578160431e-01
3.226279918892288601e-01
3.229969290779421964e-01
3.212664519611395098e-01
3.206362936599013169e-01
3.218555049752975794e-01
3.226958595182691236e-01
3.218698251100668983e-01
3.224082857624254728e-01
3.205368029081623882e-01
3.216842324472204973e-01
3.220020952529103475e-01
3.224070704179358149e-01
3.223235344786711809e-01
3.222892163954665934e-01
3.224290702080313542e-01
3.223304728462401680e-01
3.224958504991028985e-01
3.231957001996542678e-01
3.217055418581081239e-01
3.210060769438539685e-01
3.225915550475952354e-01
3.215110723930702519e-01
3.216301545075027080e-01
3.234211770084128301e-01
3.218725683763529188e-01
3.228148401621870889e-01
3.221239117206287084e-01
3.223986232457168311e-01
3.231280970917434492e-01
3.226358845545512222e-01
3.223948686945625752e-01
3.222966873303659829e-01
3.218446740211657331e-01
3.233421025204836763e-01
3.217420963719495042e-01
3.216052417486925386e-01
3.227012808419421619e-01
3.222257213147010635e-01
3.226729320882756880e-01
3.212292077294958137e-01
3.225672630404023966e-01
3.210322500548015157e-01
3.236966409833158531e-01
