1.907516857106959091e-02
2.116767807607742094e-02
2.065886063976120346e-02
2.058892769777193738e-02
1.901792349080873301e-02
2.051610750241286002e-02
2.019865281081924258e-02
2.012103787475898534e-02
2.024326599154152237e-02
2.060971921509594657e-02
2.107194085423596402e-02
1.957264961251387742e-02
2.018063032620394034e-02
2.072773789108425455e-02
2.138193678084951421e-02
2.130189425268913875e-02
2.011619395015502160e-02
1.942954456719082207e-02
2.010350535083329365e-02
2.059753830048671047e-02
2.039484489023751443e-02
1.965361924885007661e-02
2.066747380116873423e-02
2.102987117816640383e-02
1.973888356058974697e-02
2.008930779226988927e-02
1.988939286551099500e-02
1.939583435305940878e-02
1.990428680252969568e-02
2.076754084002395417e-02
1.887504212027036124e-02
1.950955977408634634e-02
2.119830552672608698e-02
2.088473666530210257e-02
1.974336537194457120e-02
2.015922838281932958e-02
2.076376179271013922e-02
2.042830131001847210e-02
2.039306450404142906e-02
1.984528399605412982e-02
1.993770909211165648e-02
2.012696942591379184e-02
2.069328899607791178e-02
2.058296637064604279e-02
2.078969151942274690e-02
1.993845663201028462e-02
2.008670015323768543e-02
2.026299769548880331e-02
1.960159923973336937e-02
1.935280108018328643e-02
1.983196018332482324e-02
2.010756004726720059e-02
2.021497224650221566e-02
2.046185013265411010e-02
1.977922825645888477e-02
2.153069829041195926e-02
2.063244328781832504e-02
2.038087796770664956e-02
1.813303247734607271e-02
2.048027728779034523e-02
2.076168022683947539e-02
2.135359169801422097e-02
2.082380361429130022e-02
2.084228576038120451e-02
1.988495840889704588e-02
1.988951295463341207e-02
2.014610498055048604e-02
1.939097180564149786e-02
2.019623356228478217e-02
2.071255689932450378e-02
2.025176909306376782e-02
2.005419701513062522e-02
2.040806307686674620e-02
2.105602062434333566e-02
2.115696824369946855e-02
1.975780840914942438e-02
1.981888715664099909e-02
2.199523613419926762e-02
2.059229006076124940e-02
1.977621700215126746e-02
1.969235946829084316e-02
2.042997692870981291e-02
2.001145106653485356e-02
1.965447644613363409e-02
2.006425024251257822e-02
1.957544603848553402e-02
2.146826863582631043e-02
2.076750473072874054e-02
2.145695022999554238e-02
2.063062281419481003e-02
2.055799820884754436e-02
2.136136407432471379e-02
1.962687512017362301e-02
1.975482034019322361e-02
1.987579218523841812e-02
2.015120758105817811e-02
2.025019550753879780e-02
2.037156199405234722e-02
1.980985746605068432e-02
1.958568727134752524e-02
