4.254112785151248355e-01
4.252002475018287209e-01
4.246745002756986409e-01
4.267002984207978189e-01
4.249598579416994926e-01
4.262451578454554690e-01
4.250177409731299982e-01
4.250239746065624380e-01
4.259301506636036239e-01
4.260007856801230064e-01
4.257148753376957528e-01
4.249389064589061404e-01
4.250787821632140417e-01
4.245996455508154188e-01
4.261384454275677913e-01
4.253267901634911197e-01
4.269974149236887007e-01
4.257653885140618710e-01
4.259139219271029786e-01
4.263781558218614487e-01
4.240424123718191107e-01
4.256214879524029548e-01
4.257499211733780098e-01
4.248560440259858684e-01
4.248583293102938807e-01
4.256749951947752519e-01
4.238395362430634750e-01
4.260567637789639539e-01
4.263572856878107831e-01
4.271705833898033489e-01
4.265833375133623595e-01
4.257146376324600912e-01
4.248999503814799850e-01
4.257026325761775754e-01
4.249344402157295697e-01
4.250465547368378338e-01
4.247537324470039843e-01
4.247969838725823566e-01
4.259917043825761640e-01
4.259772416055645494e-01
4.253630439207718439e-01
4.259139279396144118e-01
4.252881457513664754e-01
4.255754793641789435e-01
4.251383361895704760e-01
4.258784293127370613e-01
4.259508807836367983e-01
4.260180480581781115e-01
4.257736992969817225e-01
4.252489993867460960e-01
4.266839619673307160e-01
4.266923994148416055e-01
4.250314455405499459e-01
4.252640019761642076e-01
4.248721342601901596e-01
4.251273060711581731e-01
4.250438987878445984e-01
4.242895216132279712e-01
4.254478137211720190e-01
4.254253762006285911e-01
4.253691342082567273e-01
4.251092571502805284e-01
4.256259481360938901e-01
4.252356334136306315e-01
4.263284039979128304e-01
4.264720678430420353e-01
4.260132898370794230e-01
4.261113865304525516e-01
4.258234093682231602e-01
4.251139561438196379e-01
4.247255616029933512e-01
4.250909116366012874e-01
4.255560949033450058e-01
4.270569786628778397e-01
4.243784406937918807e-01
4.265047531185515162e-01
4.265465119613937039e-01
4.254701367875504125e-01
4.255426546362979234e-01
4.258915724053227159e-01
4.263366758719941974e-01
4.265517169971121403e-01
4.241371938893887528e-01
4.260001238784394961e-01
4.257488911424703870e-01
4.244651405968341007e-01
4.262240557535614816e-01
4.253289358074802129e-01
4.259410034111946186e-01
4.264878157324856200e-01
4.255060984506164323e-01
4.251798860076970166e-01
4.257091049912002378e-01
4.252298352697641559e-01
4.256462490499730578e-01
4.264960292242463979e-01
4.259462431482099465e-01
4.265460825842111170e-01
4.247953723934895232e-01
4.239684926383080477e-01
