3.330611866754186190e-01
3.342796588472752295e-01
3.349672535417604902e-01
3.345732279327204850e-01
3.336704053942798343e-01
3.345745562040650656e-01
3.346950781269493191e-01
3.346548913087562527e-01
3.337649710297175831e-01
3.342330479921180597e-01
3.336430548263278340e-01
3.344833196745359838e-01
3.338633603526848792e-01
3.346808073243936477e-01
3.350537710532249802e-01
3.348506941126631609e-01
3.340976165855928937e-01
3.346308213132219156e-01
3.338785904018227724e-01
3.342545722973353506e-01
3.344091069387453707e-01
3.349447962435107007e-01
3.351026682343888341e-01
3.341775305263152696e-01
3.338569215491348774e-01
3.339517875615879428e-01
3.348262310008089937e-01
3.342893306912569362e-01
3.334037600638923848e-01
3.337276709456141743e-01
3.342187525263480841e-01
3.345741450277437967e-01
3.339699863137886027e-01
3.340694000524075946e-01
3.343339135527307326e-01
3.341129721478587333e-01
3.338603660253065541e-01
3.341355724208799338e-01
3.343175532225441948e-01
3.344633737621051095e-01
3.339780124640286951e-01
3.350158908464710428e-01
3.341437437126493770e-01
3.355436966895552486e-01
3.357157350704976784e-01
3.351972555370994478e-01
3.338122112993960333e-01
3.343620130821489678e-01
3.344124723988129433e-01
3.342092848652880033e-01
3.341004429300907241e-01
3.341266762430656345e-01
3.344275132195460576e-01
3.344812021351086240e-01
3.341651095464778232e-01
3.344050966689532944e-01
3.349078745282016434e-01
3.342810717733972758e-01
3.337820610475851213e-01
3.341501651885824820e-01
3.336766065080106758e-01
3.336151043916391612e-01
3.336742274217706639e-01
3.342559632901277444e-01
3.343393830671710365e-01
3.340328049326091731e-01
3.347743651512939955e-01
3.337145774704710632e-01
3.340171172850089354e-01
3.342991548589787087e-01
3.353479831411760315e-01
3.349517458345468990e-01
3.342832018933595828e-01
3.351157531748573115e-01
3.346587874014846919e-01
3.344603039542890510e-01
3.345158138567059236e-01
3.344580366133804716e-01
3.335582064971884253e-01
3.343192636128874962e-01
3.340724604855747071e-01
3.337112765813901594e-01
3.341142293299246280e-01
3.339613174969053300e-01
3.342158998551231219e-01
3.344087553483500730e-01
3.359732101225927359e-01
3.339775938657129073e-01
3.331193740760557409e-01
3.345425219613073486e-01
3.340204309302959862e-01
3.337794259736036051e-01
3.341698889199594125e-01
3.342130802652209520e-01
3.347320471953533771e-01
3.332250747163065241e-01
3.340674027481649322e-01
3.334204222644508442e-01
3.347179789136748296e-01
3.340090307753576515e-01
