3.094629418913949492e-01
3.092732173965607179e-01
3.098216868757311948e-01
3.103743685480147008e-01
3.094282071414476420e-01
3.109504079247927266e-01
3.103669922102612611e-01
3.097694906080732391e-01
3.107121827790108037e-01
3.104957856919317027e-01
3.099963542308458164e-01
3.102642819923102646e-01
3.109675822388416888e-01
3.091800877220616806e-01
3.107867993066557588e-01
3.097578099191852785e-01
3.110872018881017942e-01
3.103278618812052581e-01
3.103652552062589054e-01
3.108753807711291395e-01
3.092847346282390775e-01
3.105842945469567962e-01
3.116595107838838197e-01
3.103288900588430099e-01
3.096450175534782856e-01
3.112337716789531639e-01
3.102966212984635264e-01
3.105926861912410297e-01
3.110021014035954656e-01
3.112905168650461629e-01
3.106128010425098784e-01
3.112958593517148875e-01
3.097601838367395333e-01
3.102925451799087297e-01
3.099694858650141605e-01
3.106500936518890033e-01
3.104672143302196208e-01
3.104393408818114097e-01
3.097405004308257936e-01
3.100772433033582298e-01
3.093555459403106167e-01
3.108567560696143817e-01
3.100771763735029052e-01
3.105899566215304386e-01
3.102955450680113803e-01
3.099024663743415453e-01
3.098948564995288590e-01
3.099175911436753417e-01
3.099780410858599122e-01
3.103578075431053240e-01
3.102344045097971681e-01
3.098310899034839583e-01
3.088317087833765684e-01
3.098808057865370946e-01
3.107253407886385599e-01
3.100675376487513346e-01
3.101035688857008421e-01
3.100343524550904784e-01
3.095625903868538531e-01
3.105192332492977547e-01
3.094999721864630793e-01
3.105149692453438304e-01
3.104184535156326863e-01
3.107714824630758432e-01
3.105279484128358192e-01
3.106495065285859170e-01
3.106364480138694706e-01
3.102260339563701619e-01
3.093462792981487297e-01
3.103610754934685301e-01
3.107123778291229765e-01
3.105062631625451486e-01
3.096565992911058385e-01
3.103579112967514986e-01
3.100529008890681171e-01
3.102635114974843233e-01
3.102687828731210962e-01
3.103912489714872325e-01
3.096923232163710238e-01
3.101604210481697654e-01
3.101291093942865063e-01
3.103719582029555446e-01
3.100111690410765064e-01
3.096133011519270894e-01
3.113091381132846447e-01
3.099557472361177402e-01
3.101972081734205022e-01
3.085293588951822374e-01
3.105315327213231114e-01
3.110412509184527496e-01
3.100298657544345304e-01
3.101183384757235095e-01
3.104882155376721409e-01
3.118919366780191216e-01
3.100910068861569835e-01
3.089464299467683528e-01
3.103637529971164932e-01
3.100819380495131172e-01
3.111418664132459821e-01
3.103366380548415182e-01
