4.682776389639586867e-01
4.700274123800159964e-01
4.707230909369721772e-01
4.694869083212737104e-01
4.705154592568163707e-01
4.694106121342781490e-01
4.704132958502970085e-01
4.712711390459401462e-01
4.690760411958926346e-01
4.695386530812378778e-01
4.703019049840886923e-01
4.695645575426126150e-01
4.690355162828607205e-01
4.693699774303441430e-01
4.692816529333205811e-01
4.690275031266700201e-01
4.688371036565126548e-01
4.688628701818657873e-01
4.696623185329295569e-01
4.691550315050813103e-01
4.697350639897679980e-01
4.691156365478806878e-01
4.690382812039610716e-01
4.689082657902570173e-01
4.683868929930743441e-01
4.695048152976387668e-01
4.696244416335196847e-01
4.703620760198053974e-01
4.699071871185483973e-01
4.689810290231390955e-01
4.700957016382218412e-01
4.694990834422433923e-01
4.689520927304264841e-01
4.695094771647377874e-01
4.691283080739393485e-01
4.690608876453817855e-01
4.705633539588754966e-01
4.698478835030598377e-01
4.688271864116865251e-01
4.700319374403376660e-01
4.696607218881915236e-01
4.695547387088683244e-01
4.699064460480416594e-01
4.697217878435753224e-01
4.696481193148075994e-01
4.695747720768254641e-01
4.705155439040883958e-01
4.703808748885637270e-01
4.690162037537350948e-01
4.701753635615316673e-01
4.691292225362769797e-01
4.686773715441931998e-01
4.694805709298920382e-01
4.700324358255553725e-01
4.700918318245093097e-01
4.698223500529410956e-01
4.693127980458049464e-01
4.696303007449407763e-01
4.693305258458163043e-01
4.701898690170935868e-01
4.696808124654182071e-01
4.706064924132339344e-01
4.697233996998132488e-01
4.698945417350042231e-01
4.697852856570017832e-01
4.694823960251818251e-01
4.694304087386506064e-01
4.701280852336215954e-01
4.699507880760077638e-01
4.689143886582106679e-01
4.690708194335486692e-01
4.691238713728609344e-01
4.698426844072494668e-01
4.704788194694428105e-01
4.696969352137893017e-01
4.702631470827450810e-01
4.689328192177231736e-01
4.698341834801178507e-01
4.695280345635011177e-01
4.703928020046189706e-01
4.697713413265268700e-01
4.688305746984536837e-01
4.696474977596696299e-01
4.694118755916044661e-01
4.683988709933822325e-01
4.690639519198660512e-01
4.686021765946514206e-01
4.689807534688086310e-01
4.687800184160342831e-01
4.700452932851176824e-01
4.703746782948475258e-01
4.683435772412918308e-01
4.690127587043621538e-01
4.694489521659360176e-01
4.694823182854153121e-01
4.686033953166436894e-01
4.686067579711278297e-01
4.692253899015483287e-01
4.690490981999878572e-01
4.692852912760104855e-01
