1.139227826006972144e-01
1.159994290639996400e-01
1.148370471635578594e-01
1.150790329157454911e-01
1.143403090899997865e-01
1.154256730638346523e-01
1.136513899771300351e-01
1.160959906064349678e-01
1.150063403261579187e-01
1.157632456874762017e-01
1.145988835052517973e-01
1.146005071607062997e-01
1.154489330404927239e-01
1.141601691518827760e-01
1.157886509729116747e-01
1.152772546390040675e-01
1.152031805568931311e-01
1.157669257587868872e-01
1.150177652578950882e-01
1.150530221132193970e-01
1.154141746704496624e-01
1.140113254513404895e-01
1.160769711671084670e-01
1.153229460904589276e-01
1.156587988293695524e-01
1.154577673732590098e-01
1.158849962467665834e-01
1.153674352492353172e-01
1.135550887253596875e-01
1.151823919385978195e-01
1.158401315617237359e-01
1.157735301536529926e-01
1.161210306846748724e-01
1.151891058852839850e-01
1.151656135240541057e-01
1.141854082531453818e-01
1.150022430970020909e-01
1.142046039976531147e-01
1.154264836628040858e-01
1.158543220945169872e-01
1.160589796377220345e-01
1.147985844164344515e-01
1.155648873076783323e-01
1.147742336861716089e-01
1.148470195882301814e-01
1.153907431595837807e-01
1.156636503368133062e-01
1.155916954907887928e-01
1.158596360104358763e-01
1.158025167342794925e-01
1.149736099804892636e-01
1.151698361346780719e-01
1.156898483612736200e-01
1.150303164566081893e-01
1.150235431977488648e-01
1.152579696541282811e-01
1.146663344700110387e-01
1.146849485569450544e-01
1.145618891180756327e-01
1.143851021107222671e-01
1.160761036332000062e-01
1.147584339623159561e-01
1.145141007644748243e-01
1.150309896621203171e-01
1.148694265655681168e-01
1.150570079360049569e-01
1.130886844949367809e-01
1.159430635504835466e-01
1.149193766172093845e-01
1.148833948268376259e-01
1.151862644378783551e-01
1.156091096712201227e-01
1.149759663451107167e-01
1.152237150160780044e-01
1.150207055174206627e-01
1.149862020075842206e-01
1.153054685640637622e-01
1.154486053710326865e-01
1.154523786534840946e-01
1.155987595699730364e-01
1.155037431456265584e-01
1.140959675571083382e-01
1.148728894352328556e-01
1.140464056338327814e-01
1.152808225137424980e-01
1.135039376101643765e-01
1.160041555458950213e-01
1.151160652732550749e-01
1.145570712178496375e-01
1.151610271350194392e-01
1.162442314509581909e-01
1.157940727445017914e-01
1.151501365045004555e-01
1.160053109333221422e-01
1.137637443773228396e-01
1.157052768164240630e-01
1.144514720456488166e-01
1.150443970790144405e-01
1.160018205948053632e-01
1.151363261941411864e-01
