4.641731897431625731e-01
4.648627472928492654e-01
4.664600603882876895e-01
4.647628215119415374e-01
4.658878372529587919e-01
4.649156973819594807e-01
4.663905853951721969e-01
4.648882899806285329e-01
4.664504073706173815e-01
4.645404313607592317e-01
4.655694612834075929e-01
4.651556952447249982e-01
4.660655443349743798e-01
4.661784998274922098e-01
4.657124041308698392e-01
4.664137982009911587e-01
4.659163092090067293e-01
4.656827815741093612e-01
4.644680105275225124e-01
4.649556717838080333e-01
4.657299004542181375e-01
4.656380390401582692e-01
4.664204568507196447e-01
4.655495542117950025e-01
4.656906786880729565e-01
4.664001422825883592e-01
4.659712509918304546e-01
4.653833534554377982e-01
4.647728373356384557e-01
4.648577440088060841e-01
4.656896595656925264e-01
4.658528178115025620e-01
4.652134012861884882e-01
4.662809224625540372e-01
4.647663948302576120e-01
4.646853008114248951e-01
4.652507982325679858e-01
4.663666368997431699e-01
4.657036967334646782e-01
4.652469660808308261e-01
4.661993911408150448e-01
4.656075247148268037e-01
4.647757752014795019e-01
4.644719635249620615e-01
4.668401169401080741e-01
4.659120413026893726e-01
4.662404879207691089e-01
4.645617537711836387e-01
4.647722638693118635e-01
4.650807389504898470e-01
4.657579528044780148e-01
4.654106281155734326e-01
4.653272910362937775e-01
4.651368322156342883e-01
4.650532018466380091e-01
4.652864011608943695e-01
4.658634668963715919e-01
4.646159466730138132e-01
4.654582850589438214e-01
4.660016597554970108e-01
4.657615821989404825e-01
4.655174112824519428e-01
4.654962983762619411e-01
4.651466888524981025e-01
4.659378820084419393e-01
4.660967439557338610e-01
4.653887144615698745e-01
4.653368347331324761e-01
4.657392791129475462e-01
4.657254436340741988e-01
4.649797684074293835e-01
4.657660419821507691e-01
4.660107015712634526e-01
4.643983099741271214e-01
4.657566675926004818e-01
4.657154572745989540e-01
4.649177160881187154e-01
4.658742727785950555e-01
4.649305388365975178e-01
4.656051733226280742e-01
4.649812582356384616e-01
4.651314585185725714e-01
4.654185143675664271e-01
4.650061300155243771e-01
4.663812281803981774e-01
4.646521060911598111e-01
4.651799132763797529e-01
4.646476939011291440e-01
4.641200440328044907e-01
4.659838784337324569e-01
4.657436409527345167e-01
4.668654755160763781e-01
4.658525521021897320e-01
4.647255673101581830e-01
4.666564672140074421e-01
4.658320851493386039e-01
4.654737233006170927e-01
4.649999646254587837e-01
4.649025427521840115e-01
4.644939083895064380e-01
