3.575635713203627608e-01
3.596084789406601145e-01
3.583373953668692602e-01
3.590503432334333223e-01
3.584598608061815850e-01
3.588602575000412465e-01
3.590407289117725220e-01
3.584743736260704861e-01
3.584498150280024387e-01
3.580799813243009111e-01
3.578471749324945717e-01
3.593863993725007200e-01
3.592685919150675478e-01
3.586157589567538495e-01
3.584405990983245971e-01
3.590359054658445737e-01
3.591583153051295940e-01
3.588867642685444892e-01
3.576797764443870875e-01
3.584225303835660292e-01
3.588154035631974659e-01
3.597198455156308539e-01
3.582112320305066988e-01
3.588193911817792459e-01
3.597831500381940550e-01
3.584289708984005896e-01
3.591941576104675238e-01
3.575640395095704971e-01
3.590274209615201273e-01
3.578541310325250024e-01
3.588424295976289646e-01
3.588977490272267090e-01
3.585715606827595270e-01
3.590996793276918786e-01
3.580405373028004434e-01
3.579303825090504043e-01
3.594940869197713607e-01
3.588980938939289045e-01
3.590329131712256538e-01
3.591792501116766734e-01
3.583702322853178357e-01
3.586365573635024173e-01
3.590574993942137194e-01
3.586686192701525888e-01
3.594972752227451052e-01
3.589651730265961405e-01
3.580486301618677203e-01
3.588068605007608269e-01
3.584976766342905519e-01
3.599038112600015382e-01
3.594493680024618554e-01
3.587025549275398850e-01
3.590920803066821598e-01
3.586168391501989294e-01
3.577701806177212007e-01
3.572501851370596948e-01
3.589790998944618616e-01
3.575829643931120461e-01
3.579714200927042178e-01
3.585495200476140343e-01
3.584232770099584076e-01
3.575255340842818930e-01
3.581694883767895243e-01
3.585659011904237525e-01
3.578943883646185098e-01
3.570154161384746505e-01
3.577920433314645265e-01
3.578800241659248482e-01
3.584309617014372895e-01
3.592051114854926674e-01
3.577202523254211508e-01
3.580848928401725306e-01
3.584026982279783224e-01
3.591788814767628568e-01
3.579947381207714829e-01
3.580553137024494181e-01
3.585890112802223584e-01
3.591743346939750836e-01
3.592779594290766987e-01
3.577982723617513794e-01
3.586876475436684419e-01
3.599722331690056176e-01
3.582806574911920339e-01
3.591210270693849793e-01
3.578887700389329352e-01
3.600507690667795746e-01
3.580822756388185035e-01
3.591847281408430126e-01
3.580304575180531801e-01
3.594095010044039973e-01
3.589679511204537654e-01
3.571648576115446505e-01
3.587005538565498641e-01
3.594683215765953066e-01
3.587174540130043665e-01
3.582157675940019770e-01
3.593132487242247097e-01
3.576680519623418042e-01
3.587511573214685612e-01
3.574904621644560132e-01
