5.654306805522923973e-01
5.655862602298202813e-01
5.667795482984890887e-01
5.651621755115718848e-01
5.660362692297408183e-01
5.652720338762615704e-01
5.655846715002793568e-01
5.660435644237784558e-01
5.660311085177895940e-01
5.661361736442512838e-01
5.656765992834010826e-01
5.659435977307754051e-01
5.663659212336650262e-01
5.654501928967572422e-01
5.655936025228116559e-01
5.656506464020499836e-01
5.660615441979039986e-01
5.656875559643115281e-01
5.663412139995114281e-01
5.660793977577927016e-01
5.655596953924202364e-01
5.652909140735785654e-01
5.648218235691332412e-01
5.650819289669960499e-01
5.651589904477437587e-01
5.666176695892573001e-01
5.656944314287588593e-01
5.659235848202619490e-01
5.652348356002350194e-01
5.654070847225660668e-01
5.655257788724407098e-01
5.656124425029915859e-01
5.658834026061696498e-01
5.652856866247694123e-01
5.652279412323303331e-01
5.674813163362711910e-01
5.658070482825308112e-01
5.661600779607680600e-01
5.658373941400802742e-01
5.653643289848011566e-01
5.663773660914613872e-01
5.650149707094120899e-01
5.655527412751802929e-01
5.666347298901712737e-01
5.646384142983995602e-01
5.651950035043247222e-01
5.651285872747380257e-01
5.662533612609428335e-01
5.654440157170027570e-01
5.653202889039563583e-01
5.664335279762042763e-01
5.659466351110727933e-01
5.645727527872776985e-01
5.664317750444207711e-01
5.645314317751533029e-01
5.667583961317583796e-01
5.659953610759811404e-01
5.659435123739755547e-01
5.658105918413534052e-01
5.658758731614604853e-01
5.659401957112789594e-01
5.661133800950979289e-01
5.653499036679656697e-01
5.664060664309977788e-01
5.653326293247351586e-01
5.668836819487453882e-01
5.652794934957394712e-01
5.656313853502956679e-01
5.661712344879242798e-01
5.656109001444982187e-01
5.661763057491182582e-01
5.651252096630622335e-01
5.657057675387512363e-01
5.649827948267743816e-01
5.651970591408160827e-01
5.660490422237611785e-01
5.655922414157874556e-01
5.649992538771611006e-01
5.639072891555524381e-01
5.654663562984244551e-01
5.645368512170382269e-01
5.660318550499719992e-01
5.649378078667959269e-01
5.654465230023546507e-01
5.652451109306942945e-01
5.659135423107775065e-01
5.658030476857182078e-01
5.658341193383442658e-01
5.658281442101771308e-01
5.659213731974522821e-01
5.652306898508507871e-01
5.652359698900508711e-01
5.653643421619876097e-01
5.658864685746709533e-01
5.660219327518828392e-01
5.660465843520136042e-01
5.650501171118045285e-01
5.654108990268407187e-01
5.663682005951433673e-01
5.657169713261125388e-01
