5.398750290158522702e-01
5.396475432436627084e-01
5.400874599802815146e-01
5.407503354129636897e-01
5.403717512450113558e-01
5.403777505691942373e-01
5.402385994332300490e-01
5.407074314739385157e-01
5.401620053231664942e-01
5.405548824262651486e-01
5.408564265772284330e-01
5.404817443200948812e-01
5.402593576474419290e-01
5.414559248906947175e-01
5.393922815842669971e-01
5.403805195947648521e-01
5.397330947898075770e-01
5.397417816757286158e-01
5.396215910180740538e-01
5.404633219450925008e-01
5.410067822208772803e-01
5.400600358142267909e-01
5.409834822798423870e-01
5.411801704626608700e-01
5.388065327331413856e-01
5.416031515995660683e-01
5.401626436104430828e-01
5.409926992189260098e-01
5.411563512131447595e-01
5.407085841341172650e-01
5.397921897843681593e-01
5.410262519439283935e-01
5.400081863782628666e-01
5.414118345829589396e-01
5.402638440776822426e-01
5.404042933551369554e-01
5.397520105185905637e-01
5.411310493877151684e-01
5.405023019445434063e-01
5.411188274475147164e-01
5.408971011559440267e-01
5.405592518179113126e-01
5.403837423687314345e-01
5.412940319134647016e-01
5.415315092850084833e-01
5.401954649334372860e-01
5.407736479627776038e-01
5.403271606622963574e-01
5.404541551888117912e-01
5.397097206653705959e-01
5.411229868895670592e-01
5.413025842133067922e-01
5.396528270512876979e-01
5.403412720332035901e-01
5.403198495762888687e-01
5.408528279168560715e-01
5.423458277560934127e-01
5.400000606456587526e-01
5.394673022715390509e-01
5.394193020859294752e-01
5.410246079162387423e-01
5.405326454299024252e-01
5.411773687816539002e-01
5.409252543996181384e-01
5.405996683848266482e-01
5.412018482084715032e-01
5.410428212353932675e-01
5.411521014222125947e-01
5.411343024807333535e-01
5.413989945637757151e-01
5.405978494316450167e-01
5.399848983655661794e-01
5.400635258943116135e-01
5.406463125964415806e-01
5.408655755412714594e-01
5.402842181076445982e-01
5.405719120192040705e-01
5.408652352035002719e-01
5.408149393185122111e-01
5.401667716964089205e-01
5.406062454396309835e-01
5.408355847585630816e-01
5.394391182348015068e-01
5.407995911650519405e-01
5.399098443844858597e-01
5.412072863252576083e-01
5.416108587540084951e-01
5.412739545676046315e-01
5.408867592250923284e-01
5.410296032572178282e-01
5.406860999744074192e-01
5.407444292223120286e-01
5.401334032481185377e-01
5.400726376471521872e-01
5.405418521398236420e-01
5.410872091490912528e-01
5.401936462320886534e-01
5.400502655758785409e-01
5.422862135216213186e-01
5.416698883539872167e-01
