8.974123630863908851e-02
9.122447571235936525e-02
9.189336328524895514e-02
9.230901345584763273e-02
9.160306660930220279e-02
9.163401232667643670e-02
9.077590344259046928e-02
9.154683550671730008e-02
9.144090655894271391e-02
9.144809846393600616e-02
9.076672953967604429e-02
9.122931103662997032e-02
9.182737178425684488e-02
9.048371843653585378e-02
9.110685558190742550e-02
9.143321073735073690e-02
9.116648867257835798e-02
9.030118134743844727e-02
9.218195921604621645e-02
9.165867768798899307e-02
9.073798819532188920e-02
8.972573496439156804e-02
9.034138168373401223e-02
9.103306090337862089e-02
9.185987204965573305e-02
9.112954937746037265e-02
9.057590698409875851e-02
9.131742023053224244e-02
9.075833999679101816e-02
9.127645499534134399e-02
9.111354724686399065e-02
9.159593212233207993e-02
9.271140781092365724e-02
9.120155983023447988e-02
9.104703838993594145e-02
9.127460323167663203e-02
9.129307320633424372e-02
9.111599011027839146e-02
8.988660031941689277e-02
9.205799068626294157e-02
9.137774839011514327e-02
9.111036806379477215e-02
9.073514942000027172e-02
9.106880320085673775e-02
9.111468979888281972e-02
9.118567167373824167e-02
9.155142085504476557e-02
9.183335229722727755e-02
9.127036336224637891e-02
9.036574029084241955e-02
9.099602215923570381e-02
9.047835216794192226e-02
9.117467185788671880e-02
9.059494394668807238e-02
9.114071103224108406e-02
9.101047616950344588e-02
9.178309313488811072e-02
9.092955248313153160e-02
9.156558430008929217e-02
9.149533519743895116e-02
9.186637528946375864e-02
9.160598340569896247e-02
9.222926167562585376e-02
9.170939079998273458e-02
9.165561498160926246e-02
9.125238103814525825e-02
9.149233760720359987e-02
9.187412270678985138e-02
9.111235844721177202e-02
9.105580005250896169e-02
9.163573262157280463e-02
9.147467323192040589e-02
9.067102099193960485e-02
9.204508668965855067e-02
9.148981760884054848e-02
9.089204926790231398e-02
9.064411093051447099e-02
9.085584850061385886e-02
9.097441455459447102e-02
9.019929522438635550e-02
9.049681891810221201e-02
9.096199662992066060e-02
9.152722216834227598e-02
9.161222806356561499e-02
9.099451941222808093e-02
9.096162830981387171e-02
9.120188922620450778e-02
9.093723342749623906e-02
9.158152787881829182e-02
9.008425499651920298e-02
9.161719888213748497e-02
9.171274587140484935e-02
9.189353231095936936e-02
9.063523775610352051e-02
9.156764262641445273e-02
9.153757697793601933e-02
9.091540112898263692e-02
9.131022297197953497e-02
9.160062983574188133e-02
9.171009738459273697e-02
