4.005315220540178744e-01
4.023406173263552876e-01
4.027214616937281333e-01
4.011242682274700488e-01
4.020872334775004164e-01
4.021933842756140187e-01
4.028511523799511718e-01
4.014194575651253150e-01
4.026862185664852323e-01
4.018926054820316507e-01
4.018276343161021891e-01
4.027970954507787416e-01
4.036319486316843896e-01
4.019820772439948731e-01
4.020757261144630723e-01
4.034064597754537518e-01
4.028146747839033703e-01
4.027418966085933860e-01
4.020046556691089235e-01
4.014116657820792633e-01
4.027293217508742806e-01
4.018548351298796284e-01
4.026872442014785003e-01
4.018149882099411041e-01
4.010227695681251037e-01
4.029572987257209471e-01
4.019059885092121642e-01
4.017896576836876843e-01
4.034374536348405149e-01
4.025762765417948974e-01
4.027364148438504765e-01
4.020939735952043792e-01
4.024389301319719614e-01
4.021537446884683176e-01
4.011225599295059618e-01
4.025368928532755408e-01
4.021369108337766729e-01
4.029431641000986719e-01
4.020394649967084511e-01
4.032647927295812673e-01
4.034937766025965544e-01
4.032630412735617731e-01
4.025246795154682200e-01
4.015514039573517824e-01
4.025528722594572950e-01
4.020974973651230688e-01
4.020145728814300545e-01
4.017870445973988347e-01
4.020232659931771146e-01
4.009460277687117991e-01
4.029036825907906239e-01
4.031448682322474331e-01
4.027811407350960216e-01
4.018341213344956975e-01
4.037831511561346121e-01
4.010574909832624879e-01
4.034183715138045523e-01
4.017570280496074453e-01
4.021652481132970691e-01
4.019075842120246600e-01
4.030384406431765099e-01
4.022969632225550374e-01
4.020003299947826347e-01
4.019346333059291565e-01
4.026171153280977411e-01
4.024517102972660076e-01
4.037239014006148152e-01
4.018691585952369749e-01
4.022409492213919746e-01
4.017860469134821311e-01
4.030577063580756403e-01
4.022726274072869757e-01
4.033356532433875485e-01
4.030978183873655252e-01
4.028505333067877725e-01
4.017813039526336727e-01
4.034773404706012423e-01
4.015226062786204642e-01
4.022213231410653456e-01
4.024189076268888665e-01
4.029378370331649917e-01
4.028461000718691620e-01
4.028326457391518955e-01
4.030744504745799595e-01
4.025403273421656603e-01
4.028227500957807239e-01
4.025881904708223935e-01
4.015650773698446474e-01
4.021817352076118013e-01
4.037995704247857587e-01
4.018932060003768125e-01
4.033788496778730748e-01
4.029528616577915390e-01
4.039502310590044054e-01
4.017337352666721095e-01
4.020983019296560101e-01
4.021547791882843503e-01
4.021574977022190911e-01
4.026547753268641672e-01
4.028361946802838101e-01
