7.997324386968001075e-01
8.004012512817672009e-01
8.017100292585869203e-01
8.007740864655452651e-01
8.011685318434842440e-01
8.005152554507162233e-01
8.014553383654775542e-01
8.005888738820446937e-01
8.001749170407235212e-01
8.003234392766728211e-01
8.008033213999209421e-01
7.998068135655689304e-01
8.009089646694749209e-01
7.992627225699835414e-01
8.004407522063330394e-01
7.998923673800283352e-01
8.006367620263502571e-01
8.000483981491267604e-01
8.011209024691025027e-01
7.996153606880969100e-01
7.996512225736654988e-01
7.992575484868087443e-01
7.994304575113635458e-01
8.002359313616238534e-01
8.005205406016036029e-01
8.007663304767699275e-01
7.999728285937648398e-01
8.002957112700157527e-01
7.999619276662406353e-01
8.005919842808019160e-01
8.000303390577517826e-01
8.002109150042984176e-01
7.998920298510100446e-01
8.012994625462505072e-01
7.994713035743339358e-01
8.020091149756420901e-01
7.996517777622812462e-01
8.015136660567248050e-01
7.999513716860326973e-01
8.003464652796121737e-01
8.015012975003712459e-01
8.001115355805148432e-01
8.005526162254068545e-01
8.000689240807455915e-01
8.010383400070020254e-01
8.015609900311921887e-01
8.000057867140928369e-01
7.998524143408551890e-01
8.012084777390739987e-01
8.013336868555108738e-01
8.011862734201316005e-01
8.014903133554289738e-01
8.012682628499437909e-01
8.008610208443460721e-01
7.999951206263298253e-01
8.003209421165984327e-01
8.011378033170705182e-01
7.999752098920343002e-01
8.009660262454604274e-01
8.010588672550176259e-01
8.002573473076479704e-01
8.009053027345550690e-01
8.003457204635492372e-01
8.008753636198269188e-01
7.993151596132928027e-01
8.000241646993557776e-01
8.009184996510894106e-01
7.996260696746253505e-01
8.000896654450887491e-01
8.000681649652429117e-01
7.999858967701567458e-01
8.008408149583039481e-01
8.001752917946723942e-01
8.001230159342918036e-01
7.999164367840009282e-01
8.011228743436995536e-01
8.011117912514322814e-01
8.000738945774121813e-01
8.007444644186189064e-01
8.003645561030983124e-01
8.008511201950345715e-01
8.000963577703555929e-01
8.004412003341310200e-01
8.005055493345321072e-01
8.007356283610278513e-01
8.000154069183752492e-01
7.989050750742169305e-01
8.006998398467339850e-01
8.004848352085820462e-01
8.007648908767148743e-01
8.002314800972269992e-01
8.011909806830207481e-01
8.008053578396008287e-01
8.016125670041061024e-01
8.015584162071471841e-01
8.008299804127482213e-01
7.997587589841839151e-01
8.007801690342224443e-01
8.008360403906449321e-01
8.000826602844993696e-01
