6.303753060389047924e-01
6.328514963983465913e-01
6.323180725422526960e-01
6.322392438342873122e-01
6.326619220353352224e-01
6.327312824595368035e-01
6.324368878261135141e-01
6.322472347185575936e-01
6.327026049958329734e-01
6.323307820174941529e-01
6.325786746168666763e-01
6.329709084349544046e-01
6.324054081573233788e-01
6.326355553341904692e-01
6.325307882390269754e-01
6.331621398544259316e-01
6.336517728240722569e-01
6.342278277725144076e-01
6.320771228722763535e-01
6.327777273826405979e-01
6.323059572043385757e-01
6.324575363060183086e-01
6.316710510000762557e-01
6.330360625588271617e-01
6.325368881939554822e-01
6.322025065757643780e-01
6.329404800581330814e-01
6.328845985355423531e-01
6.327826728581957827e-01
6.319541307573137701e-01
6.327983211516329254e-01
6.325126293684841805e-01
6.322464987590704633e-01
6.321272000840647554e-01
6.326290753356906826e-01
6.327167811126639396e-01
6.311018174748714848e-01
6.323889877184433184e-01
6.330348064951583087e-01
6.315851660552413982e-01
6.324942607618566637e-01
6.326033251510723154e-01
6.308169587134249134e-01
6.330229541455816289e-01
6.329112522819279052e-01
6.322407990247244092e-01
6.318363589197752983e-01
6.320686560231916218e-01
6.318601505139764818e-01
6.328924404799517456e-01
6.336945442621920721e-01
6.321053067890363142e-01
6.335015225157580865e-01
6.339104292644173189e-01
6.327730623749103778e-01
6.322382022341417329e-01
6.316032749551097059e-01
6.324833769609209400e-01
6.322023158857702496e-01
6.325310559821488710e-01
6.325077948541677486e-01
6.315071448424138811e-01
6.319877166303027316e-01
6.315547580316576148e-01
6.322222801363879263e-01
6.329903625743413809e-01
6.322595654118712272e-01
6.318887767895948748e-01
6.316968127945667977e-01
6.331528242421644581e-01
6.326718576190561993e-01
6.318964845099142025e-01
6.321566983529416373e-01
6.326847914161111142e-01
6.316860684876741683e-01
6.326264149704876605e-01
6.328476244770903092e-01
6.326545428666576765e-01
6.333525223059959242e-01
6.321834736043402403e-01
6.320289719154752461e-01
6.333628109249688221e-01
6.331833973538755211e-01
6.324657997728024839e-01
6.316377268202537643e-01
6.312389536694950065e-01
6.320347348931845133e-01
6.323149495982633983e-01
6.336166289182518785e-01
6.317152949933034778e-01
6.326731547857309401e-01
6.331152251945193488e-01
6.326063886002137870e-01
6.317898865138751319e-01
6.329393775216367590e-01
6.335780331853810843e-01
6.314641381523340424e-01
6.317018232429474356e-01
6.332788529760817742e-01
6.319088699567194656e-01
