7.348193191530227875e-01
7.356214767421780376e-01
7.355926921313447053e-01
7.352658417263007173e-01
7.373087449533817228e-01
7.373415093850249624e-01
7.362544115515785581e-01
7.358648325427341597e-01
7.355376501250707744e-01
7.359069715400308187e-01
7.369367737865477608e-01
7.362206339301313740e-01
7.363235642705967532e-01
7.365701406623557101e-01
7.370067742096764185e-01
7.374044151065319852e-01
7.368507002163996455e-01
7.376047145058586274e-01
7.372586475775355641e-01
7.354888522695679498e-01
7.359749648914678533e-01
7.371907399074357770e-01
7.359713355874446528e-01
7.371199545866027325e-01
7.365125333145076114e-01
7.366127723235889047e-01
7.365391033532513454e-01
7.366068421433996649e-01
7.365448368456766204e-01
7.363765305100937741e-01
7.372175221904079256e-01
7.361415527168979622e-01
7.351588802004547230e-01
7.376115403843240825e-01
7.376499697885107176e-01
7.374409523035414527e-01
7.372287090222587880e-01
7.366650873761465546e-01
7.365506773932073425e-01
7.367635259980872542e-01
7.373412693584572297e-01
7.358999899292217872e-01
7.365607007169328035e-01
7.372752144830121424e-01
7.360984313705050130e-01
7.361944246678366888e-01
7.359294514371064189e-01
7.372508787068617897e-01
7.354752085773423875e-01
7.356384415792248666e-01
7.360756724291568354e-01
7.360638870940177103e-01
7.362221670523223516e-01
7.372695845524730451e-01
7.352243167157699322e-01
7.357954895792365724e-01
7.353341219519251570e-01
7.360899452584410696e-01
7.375790840345288757e-01
7.367424858275127830e-01
7.362237827894060338e-01
7.372992842718059103e-01
7.364796064454322000e-01
7.363763788476193062e-01
7.365570857010037553e-01
7.369378948968696719e-01
7.360283697088845223e-01
7.360717637957567838e-01
7.369782377826222808e-01
7.366679637495077149e-01
7.368552713607450233e-01
7.372434312734686968e-01
7.364527031702690074e-01
7.350273564845790641e-01
7.365935831652652421e-01
7.350777983262757331e-01
7.363169295637181921e-01
7.375803417263619988e-01
7.365382273057782259e-01
7.354704894589347841e-01
7.366503030234877736e-01
7.365880337721797400e-01
7.361323801674064526e-01
7.380412045705511126e-01
7.351013393844030297e-01
7.374054795407409824e-01
7.381560694409833312e-01
7.366588953469046519e-01
7.368312339744391704e-01
7.362511009299260722e-01
7.366287406301037510e-01
7.365201506267247122e-01
7.371711598078712901e-01
7.357249430176284744e-01
7.352580593814012078e-01
7.367447543388303544e-01
7.366117163438821169e-01
7.365918495990324555e-01
7.367524470942126147e-01
7.356083018500816362e-01
