4.982900914436572126e-01
4.982096370549766728e-01
4.990154895760136045e-01
4.987701819734040587e-01
4.985790985747764470e-01
4.981802027999792659e-01
4.988460128264408100e-01
4.980204972215630521e-01
4.981748024463030777e-01
4.990272151776737886e-01
4.986759852899339540e-01
4.981814585085905245e-01
4.991716722499160985e-01
4.986151334855832840e-01
4.987959977884480756e-01
4.999618677690814694e-01
4.980346513413808074e-01
4.985987374000944716e-01
4.990765880875140392e-01
4.984261973560861758e-01
4.986780335039481260e-01
4.985007538330237242e-01
4.976430805962670512e-01
4.997504609291893996e-01
4.991682642329269282e-01
4.978309399261947599e-01
4.988409855732280906e-01
4.986612706973391762e-01
4.985367609626539798e-01
4.985429635430665973e-01
4.985733575423191288e-01
4.995264900346255699e-01
4.986976015002492768e-01
4.973355625020433046e-01
4.975697295135516063e-01
4.978486442570823067e-01
4.986616659625908166e-01
4.982662991469237745e-01
4.991118135444300163e-01
4.979613754513932955e-01
4.980024274215940072e-01
4.989200003652181636e-01
4.993668833603660540e-01
4.985404752487445634e-01
4.985523185983474770e-01
4.995973286236114475e-01
4.999924555682492278e-01
4.997508489587608738e-01
4.991689377652419601e-01
4.987178054235988922e-01
4.993002797318699670e-01
4.984317254135196551e-01
4.989378755468434345e-01
4.988975822343893474e-01
4.989970226704554257e-01
4.983919015267473385e-01
4.989887562400904253e-01
4.986192062865814068e-01
4.989069324754511481e-01
4.985007300168476929e-01
4.988350267267368521e-01
4.977284517889741799e-01
4.992674037321234715e-01
4.986185737872731449e-01
4.978198989483676451e-01
4.990469899863120284e-01
4.998806207502161092e-01
4.979593536374063989e-01
4.994293828063434693e-01
4.983859425618825667e-01
4.991861980327698678e-01
4.988034756334178144e-01
4.987366994073044735e-01
4.981577527256585425e-01
4.981756517891985370e-01
4.991128169704016626e-01
4.986591287732438094e-01
4.988743084593096899e-01
4.983132796241087625e-01
4.977553276414095063e-01
4.983759962142683131e-01
4.985962909943925658e-01
4.971903362080472011e-01
4.989138023361608942e-01
4.975844966694453753e-01
4.983655541123873656e-01
4.981978908321391675e-01
4.987021423824517519e-01
4.986060097851161554e-01
4.987718989610211984e-01
4.982695929246657718e-01
4.979097497505191594e-01
4.967845753185587965e-01
4.971067608310943964e-01
4.993851682347640875e-01
4.988624875027294348e-01
4.986285255084402790e-01
4.984433503679204791e-01
4.974929873049716567e-01
4.977080054682342380e-01
