2.257312264650349620e-01
2.264394142368213181e-01
2.264009555793496387e-01
2.268317345109218675e-01
2.271954594275829575e-01
2.267480131952433475e-01
2.277512883546136124e-01
2.286264696095792193e-01
2.271186546088197478e-01
2.269343460625062314e-01
2.270551719341642460e-01
2.263282858312988255e-01
2.273494255251866658e-01
2.281302712082867723e-01
2.265395894905911922e-01
2.272901458118716245e-01
2.272986008164692429e-01
2.262050074724080151e-01
2.273193532218814872e-01
2.268386539056297668e-01
2.269594621273488821e-01
2.264119637592930667e-01
2.269020286117215957e-01
2.263681066594497582e-01
2.270451688231035214e-01
2.268445947852862354e-01
2.270750516085573156e-01
2.269686615896056581e-01
2.276592733991630868e-01
2.260418058202598168e-01
2.266580478023816347e-01
2.268161360618851652e-01
2.267723739607366285e-01
2.278882227457052767e-01
2.268642368369818141e-01
2.266424559005755512e-01
2.267661764282936365e-01
2.273707410525331873e-01
2.264530885842273300e-01
2.272296364941742142e-01
2.271097114217813240e-01
2.274137650003326683e-01
2.256278999378624472e-01
2.272870271651256102e-01
2.274091308521509758e-01
2.264491903095687819e-01
2.269394707884387630e-01
2.270874432754691752e-01
2.273279183576851770e-01
2.297765154360530693e-01
2.266312897864411757e-01
2.280875085697434135e-01
2.267592589034719275e-01
2.261634262083739300e-01
2.273309241131853675e-01
2.265334002962877680e-01
2.272256467938440494e-01
2.265610624232899106e-01
2.273555002897777455e-01
2.277861537711298456e-01
2.261577916655426457e-01
2.264573391363474131e-01
2.281010478057055035e-01
2.275337313852954235e-01
2.257560850913343797e-01
2.269366788420427716e-01
2.260939903989724331e-01
2.259107269818897978e-01
2.289203839257498707e-01
2.266209226596606896e-01
2.263404755013912473e-01
2.267542278384383492e-01
2.273392457300387748e-01
2.271327227197278420e-01
2.281339756474491942e-01
2.283512181592798340e-01
2.275651876446709299e-01
2.272353068551219435e-01
2.268993302512944399e-01
2.265134712286945573e-01
2.273251221709616798e-01
2.260703081794306346e-01
2.274437081533478566e-01
2.272953939282415237e-01
2.275027561440452484e-01
2.268651430704468619e-01
2.274068784974755397e-01
2.272102394381343149e-01
2.284892471652042456e-01
2.273786199787677653e-01
2.270963325703729274e-01
2.261302583401382515e-01
2.266300597902962677e-01
2.278185148459924148e-01
2.264483172888987483e-01
2.264498384192559222e-01
2.275268703459429886e-01
2.263668304706618895e-01
2.264149065147433026e-01
2.279694531909062793e-01
