4.156590334310173995e-01
4.178590043567882439e-01
4.177440650727652915e-01
4.165082671008234483e-01
4.181512169267069812e-01
4.181642989302081226e-01
4.161180331449947922e-01
4.190068391049640573e-01
4.171525870481327392e-01
4.165792313251633905e-01
4.177942405762578582e-01
4.171928155752322454e-01
4.162389361381741981e-01
4.167734488249710267e-01
4.173568235910212199e-01
4.181904603988708669e-01
4.167668053483435386e-01
4.166776263164746474e-01
4.181670265026743993e-01
4.175239114071687130e-01
4.169522737969214021e-01
4.171566813045114452e-01
4.164922898597462897e-01
4.178397746851989503e-01
4.171350375732411631e-01
4.174806753414342930e-01
4.176915589056940381e-01
4.183458062448832671e-01
4.179081049991633101e-01
4.173776166777904417e-01
4.171283777048562791e-01
4.178289549883317244e-01
4.178409802352929248e-01
4.174469052058268348e-01
4.193619636931760208e-01
4.161548811996140795e-01
4.180670501971920361e-01
4.173766421282505967e-01
4.175896511998823390e-01
4.180628782110862307e-01
4.172599355379207342e-01
4.169543653048181087e-01
4.171142630060986622e-01
4.173909908043079708e-01
4.173966791356242823e-01
4.173327032448164164e-01
4.185744116492308708e-01
4.180119826742068057e-01
4.169067458797668380e-01
4.182049636102337375e-01
4.178470874885383823e-01
4.177038113530622820e-01
4.171050707219038922e-01
4.183465789968106030e-01
4.176582200936879152e-01
4.176225570657633446e-01
4.172820613867784800e-01
4.173036443478332913e-01
4.162129958207776981e-01
4.173206566395413208e-01
4.185954956543106453e-01
4.175197082540152427e-01
4.178623880566208482e-01
4.175854017666343898e-01
4.176156707868796669e-01
4.171722535135556353e-01
4.183110775254303970e-01
4.169705015002359016e-01
4.169190548770080884e-01
4.185761097125799135e-01
4.176206338839226762e-01
4.185605703087482699e-01
4.164620955936849112e-01
4.171230972592557817e-01
4.168774523613910654e-01
4.192300586079741320e-01
4.170885477260958263e-01
4.173311040766795044e-01
4.176010753972307921e-01
4.170259773737102771e-01
4.171789002490484122e-01
4.179083816644785787e-01
4.179468341611813909e-01
4.168239906667617345e-01
4.168275228022264578e-01
4.177784493671625743e-01
4.176925756674614298e-01
4.171959258973941265e-01
4.175070961450190743e-01
4.174643361085091375e-01
4.170841435512844253e-01
4.165958209694471948e-01
4.164335388352855549e-01
4.178777734074017314e-01
4.179341712712816292e-01
4.174202663494051557e-01
4.170025061388851206e-01
4.177439021126580498e-01
4.170849691904549572e-01
4.174431344218291762e-01
