4.462140269698812167e-01
4.474476464312258095e-01
4.463911327224144854e-01
4.481996648963102459e-01
4.472387012179991905e-01
4.470275174260789908e-01
4.471637190933178685e-01
4.467893062368548662e-01
4.472746973328158293e-01
4.479732970238547440e-01
4.479832927956375332e-01
4.476274456716854977e-01
4.491224362926186653e-01
4.474372639582311906e-01
4.476577212541111850e-01
4.471430452266988431e-01
4.469460502029800608e-01
4.470604203320472370e-01
4.474654193344527742e-01
4.480951303744530323e-01
4.475946440860658626e-01
4.486910567289030816e-01
4.464561165314452351e-01
4.470938903406697085e-01
4.480507908738222689e-01
4.479212489139722253e-01
4.469207108027795083e-01
4.464138568527653006e-01
4.477358713046724614e-01
4.486148342515401954e-01
4.478020903428968635e-01
4.473930051167245847e-01
4.485678792565523931e-01
4.475622883785392858e-01
4.465225868959677991e-01
4.482312873406243403e-01
4.484707868099689909e-01
4.479273826672416359e-01
4.477153033235332646e-01
4.490184584089311204e-01
4.475017353513511820e-01
4.470056773499350156e-01
4.482685273755862565e-01
4.476499127406571854e-01
4.475148621572224705e-01
4.465515133692368743e-01
4.474847410629993472e-01
4.476322256114757536e-01
4.474353387828083894e-01
4.482488250491737380e-01
4.463256843830609721e-01
4.476233729998945199e-01
4.479600601130631077e-01
4.474612497998942673e-01
4.473936389103255751e-01
4.468605830918266353e-01
4.462394395262110902e-01
4.468484820686737802e-01
4.483700802889147852e-01
4.470604426136117748e-01
4.477998424350636553e-01
4.469614572789198936e-01
4.481792854676797111e-01
4.469987305360207941e-01
4.475935788063249987e-01
4.475912453431555305e-01
4.473741424925694599e-01
4.483990885631921608e-01
4.475441980458022551e-01
4.483699060264996206e-01
4.483340594649050104e-01
4.488336194761276543e-01
4.464378431542748160e-01
4.473350918893566064e-01
4.476025027444247018e-01
4.478339834155050658e-01
4.474963388853627766e-01
4.477824628066782164e-01
4.469667525067131386e-01
4.483829859298509302e-01
4.486541130130144994e-01
4.485141389417303670e-01
4.481412598895505028e-01
4.473440030822803393e-01
4.463572591973032910e-01
4.474264464980429179e-01
4.467444481574847082e-01
4.469371122590738432e-01
4.467187697918424405e-01
4.461879786136587756e-01
4.479482547081048982e-01
4.481263288709948500e-01
4.467922692152459518e-01
4.466620836538089945e-01
4.470550156902251548e-01
4.477832006035313284e-01
4.486267227151773396e-01
4.463312990962824967e-01
4.479739639665627493e-01
4.471052833626434353e-01
