3.827166812890556713e-01
3.845366607454486774e-01
3.837102889752850299e-01
3.848298741294540193e-01
3.842797820445800205e-01
3.848938717863190084e-01
3.839770532710775064e-01
3.846544018829037848e-01
3.851749861449322854e-01
3.843649342336504793e-01
3.846565826041440372e-01
3.840383760756806431e-01
3.839599460663334352e-01
3.836101444887948797e-01
3.846909290428565109e-01
3.838702800869273624e-01
3.852084068816417073e-01
3.829845174697904531e-01
3.838614010000495069e-01
3.852770955279095633e-01
3.852980378391182015e-01
3.844684781956793640e-01
3.847285633428683682e-01
3.830700256955631988e-01
3.846766265831271792e-01
3.850549663797109834e-01
3.845548044932195486e-01
3.847963168009228552e-01
3.838933676694422092e-01
3.841322331253513300e-01
3.854872857026178101e-01
3.829379770133643501e-01
3.842120455777557897e-01
3.848750213787663910e-01
3.843520051046522279e-01
3.848469681014471400e-01
3.822206977421631069e-01
3.838850768329957197e-01
3.834211630661696346e-01
3.846260131921131475e-01
3.846555761427815634e-01
3.838675791074077637e-01
3.848797373218940665e-01
3.856711167721665334e-01
3.843532825000830488e-01
3.842878787720388489e-01
3.842372153237438304e-01
3.836527916561590090e-01
3.852420774409322513e-01
3.840647009056798455e-01
3.850127193023277217e-01
3.842369040921365664e-01
3.848416409642274605e-01
3.844194955173292350e-01
3.837913307585635869e-01
3.839745176860560050e-01
3.837549026449260103e-01
3.851121777695301063e-01
3.841180733760093946e-01
3.840900844184801932e-01
3.826841941553549287e-01
3.837472522137806985e-01
3.849360615921324502e-01
3.847921549365483362e-01
3.842820963174284898e-01
3.841025201739189932e-01
3.840157080573428638e-01
3.853510705230160927e-01
3.842044287739176389e-01
3.846086739064321081e-01
3.840769409591994199e-01
3.843473383432611246e-01
3.832207950331699697e-01
3.835065411055847417e-01
3.852078150707353155e-01
3.843765290601358076e-01
3.843211530200272286e-01
3.843571193463635183e-01
3.832854797466360153e-01
3.852431729598662646e-01
3.841335094821118901e-01
3.833917552238088056e-01
3.838915461970764387e-01
3.845951417225156321e-01
3.846837947396883339e-01
3.852659810830207920e-01
3.837947324926112569e-01
3.837957338103398230e-01
3.841128796263726941e-01
3.850143644777157537e-01
3.840868183730488661e-01
3.846416612631938792e-01
3.838208610567281909e-01
3.847885477187493186e-01
3.845929227412246409e-01
3.844314522561509406e-01
3.840206431364576734e-01
3.836253056441589204e-01
3.856150398221773745e-01
3.839203733340130764e-01
