1.872075156787844641e-01
1.889380183977868721e-01
1.892963697258937539e-01
1.897849670163569702e-01
1.885307220387961169e-01
1.887938477513883828e-01
1.885179062144574647e-01
1.883729078741490370e-01
1.900339441941442109e-01
1.893086273211534998e-01
1.897262762462562646e-01
1.888837260500594029e-01
1.884865860939866633e-01
1.893634491015850352e-01
1.895555097250651577e-01
1.902315777512734452e-01
1.884590842134256927e-01
1.894701453884959641e-01
1.905746596866663700e-01
1.876132169534212024e-01
1.889268703229295132e-01
1.895147457963135829e-01
1.889527188304181704e-01
1.888565292894756609e-01
1.900655449770731475e-01
1.901481327698839041e-01
1.901303097647575324e-01
1.880321447476561991e-01
1.891829515394299888e-01
1.897322168082939964e-01
1.890325177139024204e-01
1.897587562138891570e-01
1.891670782644115090e-01
1.887140023216024587e-01
1.896926002534361499e-01
1.896499713456149816e-01
1.889866629958952826e-01
1.893919668598011419e-01
1.896508642095125485e-01
1.893597803569467830e-01
1.894477631217032498e-01
1.901621264196522165e-01
1.890710463811490771e-01
1.894028382915952102e-01
1.891181731964370061e-01
1.897352819550335856e-01
1.888881880404216229e-01
1.887056725799838852e-01
1.893919562838035364e-01
1.894637054561369160e-01
1.888836167424284285e-01
1.892545652392935152e-01
1.885900520270565872e-01
1.892653502891992190e-01
1.876796556104809444e-01
1.879246429079014791e-01
1.893370149842038830e-01
1.884532904136509424e-01
1.878320404977418812e-01
1.890167865605129061e-01
1.887162977112106232e-01
1.883763656658063446e-01
1.894830566981298148e-01
1.900812350787796368e-01
1.889624956298365244e-01
1.889261354639612256e-01
1.883816678691631052e-01
1.892905579378466041e-01
1.890786976210155901e-01
1.881355415939062470e-01
1.889960461997970409e-01
1.888720377091752112e-01
1.882047308957114362e-01
1.885919491797202197e-01
1.896642304484267294e-01
1.893777590494793994e-01
1.896244042450714873e-01
1.887848004825845027e-01
1.884101974928346357e-01
1.877798841433624133e-01
1.896368495733348203e-01
1.879743252878680049e-01
1.896778950598603519e-01
1.898010563760620106e-01
1.895031742984403800e-01
1.887945740480567181e-01
1.895692740412025235e-01
1.898188049698654734e-01
1.890203244855510611e-01
1.893752633163584553e-01
1.893638927486322454e-01
1.888585148113668677e-01
1.892529544583762546e-01
1.889746195358349978e-01
1.883085415759626069e-01
1.884089887933095286e-01
1.901179865779823175e-01
1.887689537993349487e-01
1.885987881390888965e-01
1.889456487785871885e-01
