5.811024825838757568e-01
5.820405795001208915e-01
5.815198620548710506e-01
5.818350585109388629e-01
5.815415580218077363e-01
5.811477972622242083e-01
5.809570014302769536e-01
5.821936579918749466e-01
5.829477064210304427e-01
5.819851483106605050e-01
5.815952249676739072e-01
5.812837029039742420e-01
5.809869077226234024e-01
5.816504845088166231e-01
5.815948723824719835e-01
5.812902134261326292e-01
5.822290917624097784e-01
5.810840932052689922e-01
5.826438863249114863e-01
5.816789763258236601e-01
5.814297432838740898e-01
5.816426977492967776e-01
5.818847784997597250e-01
5.821349398067048320e-01
5.809774433113255032e-01
5.810529858553851179e-01
5.802097958791758714e-01
5.814518111654332078e-01
5.817982320609669245e-01
5.815831772169633984e-01
5.820503235280114485e-01
5.811886857650858662e-01
5.815639620396261256e-01
5.818952254340682417e-01
5.816521645098831073e-01
5.812018698650081028e-01
5.815514081271380142e-01
5.810323528898955203e-01
5.798504477445953764e-01
5.808202226603006446e-01
5.810081444249363125e-01
5.826564753392413643e-01
5.815336278986844576e-01
5.820812110494789637e-01
5.801005481966826638e-01
5.816521159358434279e-01
5.808771038234223916e-01
5.824746397981905854e-01
5.818914205261165318e-01
5.815109941053776543e-01
5.822035251425385916e-01
5.813784415933835881e-01
5.807531462811593714e-01
5.817410621511872604e-01
5.814353234728921738e-01
5.818842593271139618e-01
5.816072171779309574e-01
5.805027491069592038e-01
5.817523605026846401e-01
5.811295402134157850e-01
5.815824602290504686e-01
5.815376661529968461e-01
5.804940595512936286e-01
5.808100067575501235e-01
5.817214593692596747e-01
5.808943034458475818e-01
5.800245036285383016e-01
5.809757174936780455e-01
5.821590265555839361e-01
5.812000936840222565e-01
5.828195006184299087e-01
5.825815680152238718e-01
5.814722177292633853e-01
5.811016648588218647e-01
5.815135780926321551e-01
5.809201970082349398e-01
5.804682529457932949e-01
5.823357476598960414e-01
5.806815211640492524e-01
5.817175490469675969e-01
5.817436494159180516e-01
5.803483728199918534e-01
5.815392127219810581e-01
5.816673507040035496e-01
5.812728065740621064e-01
5.816529018227696302e-01
5.821275227493967197e-01
5.820707054907171552e-01
5.830344206711963739e-01
5.813327927344067447e-01
5.822900442649148189e-01
5.820310320650083913e-01
5.814549178767607351e-01
5.818162380830917968e-01
5.812076822335239257e-01
5.806528520079246025e-01
5.812167594731554310e-01
5.820894911766503199e-01
5.809534685071608973e-01
5.827770504736163870e-01
