9.319422067713983848e-01
9.342527524422090668e-01
9.325337939926762187e-01
9.327622494479150816e-01
9.327652169617708378e-01
9.328377892219705814e-01
9.332129904191605041e-01
9.333827183664473726e-01
9.328020341844627250e-01
9.321269817705825078e-01
9.326838489584861058e-01
9.328839765543063267e-01
9.334868640662592476e-01
9.340479118777152978e-01
9.323448763366929404e-01
9.330485916007182912e-01
9.333659041137826184e-01
9.332106682699209399e-01
9.323225498760083774e-01
9.329439631805078736e-01
9.323113848992741204e-01
9.325016923297069216e-01
9.324320541012416363e-01
9.327014468738387132e-01
9.329907297109842901e-01
9.321327369891200254e-01
9.333206372897140390e-01
9.332917721858823290e-01
9.334282565795953834e-01
9.319424261876234628e-01
9.332585616512980575e-01
9.326271617905523836e-01
9.330007294596522893e-01
9.328364295731637057e-01
9.328685104643321679e-01
9.336772349700518392e-01
9.327413995703818239e-01
9.323342348311203232e-01
9.321611640942620847e-01
9.327406375108897585e-01
9.342219645602318767e-01
9.325207625540902212e-01
9.329383749156257011e-01
9.331691348627898508e-01
9.333478051555317290e-01
9.336418587987478368e-01
9.328464333245527484e-01
9.332378731918410386e-01
9.331350052245160898e-01
9.338971909269815352e-01
9.329539337310790437e-01
9.317666019243490139e-01
9.328298000391336275e-01
9.336067063481213735e-01
9.334491755064755480e-01
9.338757209122049430e-01
9.328785312069343139e-01
9.334824793878969684e-01
9.331306151339973098e-01
9.333596968952856399e-01
9.320160355874981262e-01
9.329867532935789409e-01
9.325990709193534567e-01
9.318063915449517065e-01
9.325108545193586673e-01
9.328290972613095811e-01
9.334550406151376212e-01
9.336490800789722933e-01
9.325812040113192758e-01
9.330879732607098020e-01
9.329933891246048328e-01
9.323807909652186421e-01
9.334210554865753906e-01
9.337947577690923762e-01
9.333651921986089173e-01
9.331049618641786836e-01
9.336256280161372434e-01
9.339521174676194137e-01
9.322596103054336947e-01
9.326950639163863466e-01
9.332901376396854909e-01
9.333171771867243560e-01
9.323677158441541213e-01
9.315482279376974262e-01
9.333473909521883272e-01
9.334956916805741134e-01
9.327030600093025869e-01
9.325862552918910975e-01
9.323644345655064392e-01
9.326008785241588495e-01
9.332291900043477861e-01
9.325144030335160705e-01
9.317701001534914873e-01
9.325601690534267574e-01
9.328683816918259541e-01
9.325076369035458779e-01
9.328390588544686057e-01
9.328335832342444789e-01
9.330531355629055890e-01
9.338559441443883280e-01
