5.331650618687153731e-01
5.345541058546262603e-01
5.358552454823852784e-01
5.353080027172774091e-01
5.334668724532170003e-01
5.339502597548332341e-01
5.342567865263798677e-01
5.335413100025736544e-01
5.336433304797543187e-01
5.341373940775401286e-01
5.348209288860747979e-01
5.349173927464803135e-01
5.342673573231015993e-01
5.349748242123886222e-01
5.345035480237793069e-01
5.346839973699958337e-01
5.349822078658497126e-01
5.349552677220399399e-01
5.348129183067836800e-01
5.339522448782355601e-01
5.334385198121140981e-01
5.349461417369454352e-01
5.363960867903740937e-01
5.347998635272548373e-01
5.340174759361767665e-01
5.350314160642963834e-01
5.351198637456839879e-01
5.344035542843208475e-01
5.352897217185899059e-01
5.347873532247949813e-01
5.332427025778141427e-01
5.340671462377493128e-01
5.346839929212843234e-01
5.336581495453943669e-01
5.351184592643540849e-01
5.336806262974231885e-01
5.338196725102561935e-01
5.349845841669691460e-01
5.350215904247004328e-01
5.348045341294175303e-01
5.353985075083762535e-01
5.346413426202405450e-01
5.350377263579702003e-01
5.346794231632812089e-01
5.356948413012725396e-01
5.344536669251380712e-01
5.345496451150117956e-01
5.338057540727098038e-01
5.343375433908040817e-01
5.343348376905600050e-01
5.335870517837779659e-01
5.352276722863660297e-01
5.343728696986231874e-01
5.351727016718587082e-01
5.337982718256046866e-01
5.350496309477824619e-01
5.340227927985915501e-01
5.356752713225919615e-01
5.351443344493784782e-01
5.339736705029110020e-01
5.353289358120806307e-01
5.348807104571478011e-01
5.350372869107810070e-01
5.334069416314614065e-01
5.359529932773272609e-01
5.338775462255587190e-01
5.345352809428596252e-01
5.347910692795277976e-01
5.342441108071646072e-01
5.339071610947927482e-01
5.355793642955525291e-01
5.349829288860306065e-01
5.350210794223313471e-01
5.345874384849240712e-01
5.360506179043971198e-01
5.357342430451645932e-01
5.340513028080978719e-01
5.354931409927101704e-01
5.335028494893181428e-01
5.346174253488853445e-01
5.342167148796075349e-01
5.340423219253955800e-01
5.350278305635196574e-01
5.346718752161384591e-01
5.350236421246630236e-01
5.342410480123227501e-01
5.349216611199717475e-01
5.350008151455316607e-01
5.341046852880647622e-01
5.353673285709399376e-01
5.357021577788658728e-01
5.341710922653841731e-01
5.343475138595114027e-01
5.347986761261878108e-01
5.349805140779124724e-01
5.350847819034372232e-01
5.345066878240112285e-01
5.346495955543182355e-01
5.340863789058108990e-01
5.343041000493941040e-01
