9.893693627734332363e-01
9.912334386898149496e-01
9.906413058837352237e-01
9.906045053344021412e-01
9.902326531662755116e-01
9.910782591554161414e-01
9.903146464572600838e-01
9.915565289513111891e-01
9.910838416562506303e-01
9.909986977108944384e-01
9.915015150561343749e-01
9.912872953074394200e-01
9.906582879686510745e-01
9.911625459973518737e-01
9.905219093619556103e-01
9.912502550142074931e-01
9.900598094022210471e-01
9.918221151434682969e-01
9.912896931425330127e-01
9.910669417081028332e-01
9.901101391898539106e-01
9.907590331035855957e-01
9.899313019690227922e-01
9.898750143264172241e-01
9.915204537423100151e-01
9.903808370620434953e-01
9.900348546527448779e-01
9.909492174961295197e-01
9.906749850181133521e-01
9.908968842023585522e-01
9.911240936382315070e-01
9.902352738275030930e-01
9.906494029483667862e-01
9.907665848302067424e-01
9.910945996174260753e-01
9.910684029220090396e-01
9.911584472601120410e-01
9.903891700293188105e-01
9.912306610574904697e-01
9.905265743756719310e-01
9.893837713178919024e-01
9.910061182891707343e-01
9.899291506961793718e-01
9.907227209694362546e-01
9.904238605174673360e-01
9.914339696322629347e-01
9.907677322423604771e-01
9.906332171726960345e-01
9.904690780936032946e-01
9.907828088306496195e-01
9.914706033084432768e-01
9.900813734488160822e-01
9.908495125202895215e-01
9.905775138394901091e-01
9.905170834073080410e-01
9.901341009180189001e-01
9.915634666773478489e-01
9.907830423908712270e-01
9.907146322259550164e-01
9.907181187669178435e-01
9.900459495887239392e-01
9.904468946737632340e-01
9.900430399607087484e-01
9.911859288215796315e-01
9.912722589904405801e-01
9.896028022886738107e-01
9.909449558113706535e-01
9.919712427457646475e-01
9.902470304896042741e-01
9.915699014038210635e-01
9.897092433773433395e-01
9.910033052715565560e-01
9.899537992406559628e-01
9.899346968118927226e-01
9.907586869375721861e-01
9.904203829418736227e-01
9.917840698253209686e-01
9.906931527890493472e-01
9.905655230183538773e-01
9.903805485423282651e-01
9.910984144329652024e-01
9.900833460314568679e-01
9.905665368334926058e-01
9.898310303587611880e-01
9.912701873047162771e-01
9.908914158330258681e-01
9.896359693739253949e-01
9.915646563515683187e-01
9.900481936389795568e-01
9.901203780095200191e-01
9.899751771134305267e-01
9.905270273963675542e-01
9.918642337011022159e-01
9.903685875393435367e-01
9.908471099582022434e-01
9.915568580369340523e-01
9.915185347070339938e-01
9.909780739686110396e-01
9.912084353004202431e-01
9.913146324205712734e-01
