5.840188962456031030e-01
5.860760378383965685e-01
5.855140941631966633e-01
5.850802984907050863e-01
5.849916490970830107e-01
5.864441596021982006e-01
5.850462807676590771e-01
5.863094383253053543e-01
5.839968818765854941e-01
5.852718797734997036e-01
5.850359530124700225e-01
5.854644585508812504e-01
5.855343479113022109e-01
5.848792391682766656e-01
5.854734701980729428e-01
5.842880270327168724e-01
5.865422313018299194e-01
5.853826647904054603e-01
5.858727428248429181e-01
5.856578144042852152e-01
5.851374722551778707e-01
5.857055237924384539e-01
5.865597218796230194e-01
5.863971403733315713e-01
5.850690392739177348e-01
5.863710903793224460e-01
5.856207582782302357e-01
5.862519799495391482e-01
5.853382958101327471e-01
5.862423607344073861e-01
5.857863492315119602e-01
5.856567315169781685e-01
5.860237656996063471e-01
5.849987201419348803e-01
5.866751440067398127e-01
5.850155311135716296e-01
5.858952608386436278e-01
5.862328918289082536e-01
5.860332965843059183e-01
5.850647472107494140e-01
5.863783132253395092e-01
5.862442751046109679e-01
5.854013103810744578e-01
5.860078845531686564e-01
5.851735918657068325e-01
5.848610176876136713e-01
5.855732417577605986e-01
5.848599794191882140e-01
5.855364406104801578e-01
5.840377704685727478e-01
5.852974806305877298e-01
5.854427105665455100e-01
5.855977218213205271e-01
5.849027330082542386e-01
5.850940881509234526e-01
5.852362778552160361e-01
5.843215139450631535e-01
5.847323213099430150e-01
5.854702678928047632e-01
5.864511001576424576e-01
5.858163749517366625e-01
5.851610276831225033e-01
5.845547806977131611e-01
5.861515756834980717e-01
5.872110824202774193e-01
5.859360871940673121e-01
5.855390126132370421e-01
5.850532981984002401e-01
5.855562465451251697e-01
5.850255038028002730e-01
5.844552437056427241e-01
5.860984595562140909e-01
5.853800397590886995e-01
5.843032436305197752e-01
5.848995373617457139e-01
5.848517223668195930e-01
5.852254720022933565e-01
5.856115131606649538e-01
5.854563154323833007e-01
5.859162628255887295e-01
5.848682698423264270e-01
5.867736944679140532e-01
5.846294260149351718e-01
5.849972400263209193e-01
5.846363463853264664e-01
5.850304719248188290e-01
5.843356263011533214e-01
5.853439965546727297e-01
5.858779612694167138e-01
5.858043698564021629e-01
5.857565959887377494e-01
5.857922730433879899e-01
5.858255078258226556e-01
5.857874962589841861e-01
5.857311196462866576e-01
5.857713251081897443e-01
5.850829887878223889e-01
5.859049826157300966e-01
5.851168089788700843e-01
5.849499146752377143e-01
