6.938540816128802025e-01
6.948842014567326864e-01
6.943443028676994366e-01
6.935677268094917469e-01
6.947284966703881626e-01
6.939411096226603126e-01
6.945566493623115401e-01
6.948551173122310409e-01
6.945089802258750389e-01
6.937761564891806731e-01
6.935870227061267101e-01
6.938247242642181511e-01
6.944403409445394360e-01
6.951985769516275671e-01
6.944745657166331299e-01
6.930131743473866290e-01
6.945544708129767209e-01
6.942440948003681944e-01
6.954241869204988991e-01
6.948539083328171273e-01
6.939683948161202709e-01
6.945075402875583448e-01
6.938595277135264361e-01
6.947450430495685225e-01
6.947601061269672584e-01
6.941521245544229890e-01
6.934943182237645054e-01
6.944100446368790536e-01
6.939606765410781808e-01
6.945706447488133595e-01
6.939528219949919752e-01
6.933618030783086361e-01
6.955238281990963056e-01
6.947740446541093018e-01
6.944560247321824864e-01
6.952813270526576606e-01
6.945691572270377145e-01
6.948764584288877888e-01
6.938882538501398578e-01
6.949784108080815370e-01
6.952271471150883730e-01
6.959743734010181981e-01
6.943590758932918217e-01
6.949793172409765019e-01
6.936758853356435051e-01
6.937823748184730466e-01
6.963230195812719625e-01
6.948071881790447435e-01
6.941364955922062485e-01
6.947324094475086920e-01
6.954536253076901708e-01
6.939243296226677016e-01
6.941976456395256845e-01
6.936495241738110940e-01
6.946662088777569855e-01
6.943244863969135761e-01
6.944309549211014065e-01
6.944432577198101919e-01
6.955276781347914383e-01
6.947831457860896842e-01
6.935982629784538389e-01
6.950138972938111337e-01
6.956510491452941869e-01
6.954229847813584442e-01
6.934704949646621763e-01
6.939656863752643456e-01
6.953259528227760944e-01
6.952605241525445789e-01
6.948426845864499324e-01
6.936333304888042672e-01
6.957255933901143052e-01
6.945288807254345054e-01
6.958582650414821824e-01
6.950991442432822298e-01
6.948316858790352102e-01
6.949389072044258597e-01
6.949811098389311326e-01
6.949947710172112991e-01
6.950931847605841263e-01
6.951174315134356352e-01
6.944047213283797149e-01
6.943799227633786764e-01
6.943768102597138725e-01
6.939080236589789674e-01
6.947062489360498194e-01
6.955441753409118411e-01
6.947672775463680228e-01
6.942955802056791637e-01
6.952203957294903480e-01
6.942133543349284786e-01
6.931475908636173244e-01
6.950026802388900027e-01
6.939510420347780872e-01
6.938163597971329644e-01
6.932942174398133428e-01
6.950627447938232395e-01
6.938745966415511557e-01
6.940969299029784434e-01
6.949506404835675832e-01
6.948012519122162001e-01
