7.202746342289658710e-01
7.204752665006243229e-01
7.213458059288897495e-01
7.205707716120284267e-01
7.218275118394554823e-01
7.222910878024778603e-01
7.239211774145934974e-01
7.220762951842464306e-01
7.212888688444776264e-01
7.211639033435693902e-01
7.213710447899377431e-01
7.221482061821831167e-01
7.208468832511372160e-01
7.223149451912449504e-01
7.201378077682270007e-01
7.210749955455635352e-01
7.213701305774631312e-01
7.214285209053235004e-01
7.204526640052419939e-01
7.213894582541990896e-01
7.228585726284002533e-01
7.215774079785841622e-01
7.224508875424927590e-01
7.214473758395968384e-01
7.226817304088029026e-01
7.227789561880729741e-01
7.222021614898536113e-01
7.219935147976297429e-01
7.210896089149172461e-01
7.216098424676551382e-01
7.209363265027691758e-01
7.220355575056344177e-01
7.219970081859861111e-01
7.213403945834693243e-01
7.209041077971217737e-01
7.209271979030089650e-01
7.209767637695376763e-01
7.215595637374404570e-01
7.205756817109441048e-01
7.220038211595389832e-01
7.219554569174266856e-01
7.212400455198313409e-01
7.216164072714763567e-01
7.216097812369313136e-01
7.210879496809668998e-01
7.218903785233873327e-01
7.209374670075375802e-01
7.208995779455115160e-01
7.215125971874638555e-01
7.219652931927738049e-01
7.211822660276252517e-01
7.224452978495283784e-01
7.213916258118431291e-01
7.209261397623036860e-01
7.209344188570352419e-01
7.213450269181409524e-01
7.219119026243463466e-01
7.217785066111507275e-01
7.204248068402328009e-01
7.210002915519723166e-01
7.202873020544073857e-01
7.217135785157879901e-01
7.215528662030183948e-01
7.195196413296998106e-01
7.221252669710273020e-01
7.217339510860363294e-01
7.222243664541250219e-01
7.207249876525945176e-01
7.216529109881781867e-01
7.212344724211154912e-01
7.214266361171119968e-01
7.219875516465940057e-01
7.199826441557026779e-01
7.203981823120806371e-01
7.205933772546686544e-01
7.219354208796076033e-01
7.220317630953091426e-01
7.215022455791761935e-01
7.212856577165511762e-01
7.210422149691700922e-01
7.206049139841634865e-01
7.212705215559594984e-01
7.202275537710209896e-01
7.203732516821108600e-01
7.218588024510610435e-01
7.228989677843733475e-01
7.213396190738008418e-01
7.213996571486092080e-01
7.212582047784799055e-01
7.212472576146193859e-01
7.222555632454609187e-01
7.210251822028433955e-01
7.219342692335426470e-01
7.217918910862570758e-01
7.223754752825997105e-01
7.216715424960855607e-01
7.221216731260535759e-01
7.213363851619976064e-01
7.214017981136192637e-01
7.203812849296467036e-01
