9.194383192897169765e-01
9.208621169414212826e-01
9.199643265216903565e-01
9.206016513674438739e-01
9.195347905129480637e-01
9.193153865338445918e-01
9.187631779831468837e-01
9.205168630026220322e-01
9.196412430138111160e-01
9.204678069654699257e-01
9.202474894895846802e-01
9.190023977363527274e-01
9.195039869816554745e-01
9.213122659020090977e-01
9.208864339466900084e-01
9.202702710023945576e-01
9.200581759812833660e-01
9.202094550484533064e-01
9.204793479339364870e-01
9.199352790763689613e-01
9.198278895986801151e-01
9.201032300541751585e-01
9.198312192450093239e-01
9.197859155176112411e-01
9.195251531572248282e-01
9.198251983695633349e-01
9.204614287532910666e-01
9.211006327788869852e-01
9.204353355271464032e-01
9.206328836616901601e-01
9.204858412990246652e-01
9.210892972965931680e-01
9.204227801022049071e-01
9.205134893581384814e-01
9.202789007429723611e-01
9.205251642704217474e-01
9.209338818095207380e-01
9.202624204333089697e-01
9.192077501628577174e-01
9.203413517457743609e-01
9.187592834713942391e-01
9.195620177126391237e-01
9.209199889197552391e-01
9.208752143415468439e-01
9.202071824448312398e-01
9.203528226596637829e-01
9.207995145536238546e-01
9.211479356889229475e-01
9.189356729733002549e-01
9.204979700690147926e-01
9.204602898110609832e-01
9.206530726960087119e-01
9.204504121042385023e-01
9.198928133819574970e-01
9.203797601205947476e-01
9.204068980464408245e-01
9.216328756255883770e-01
9.201951681545517125e-01
9.195077044440602698e-01
9.194114359493468225e-01
9.197919747273886060e-01
9.211469971567911585e-01
9.209256942997733342e-01
9.204219901861834252e-01
9.204066132565164038e-01
9.192523469777136302e-01
9.191682602972891525e-01
9.206448950376981966e-01
9.206474851914872026e-01
9.204747542652154113e-01
9.202491440830711245e-01
9.192826640098923363e-01
9.203438527222471688e-01
9.197338178177879575e-01
9.211818078818021505e-01
9.201398170444090585e-01
9.197269769385889582e-01
9.203041960224038753e-01
9.214095315659909247e-01
9.198693578470451548e-01
9.210401246257990948e-01
9.211402746308655631e-01
9.206463556710913210e-01
9.200363607993711224e-01
9.204341485593038330e-01
9.203015490035273416e-01
9.205923529769736158e-01
9.207541710142165270e-01
9.205857195796347536e-01
9.198718990117873417e-01
9.209440101867198969e-01
9.200283991122555349e-01
9.193958012819301029e-01
9.209144530865241984e-01
9.213487088121339319e-01
9.212222775149299103e-01
9.189836704468269390e-01
9.198094942332444290e-01
9.205608058318138776e-01
9.191317860065737477e-01
