7.461490023239785163e-01
7.473166636392193363e-01
7.479851356762314829e-01
7.468817008961268211e-01
7.479760996183691946e-01
7.468576628195088274e-01
7.474776321327682993e-01
7.479071861925696840e-01
7.488167212453775701e-01
7.476927735853164947e-01
7.471874752537334130e-01
7.475484969351204878e-01
7.472537011177100563e-01
7.480215570834163330e-01
7.488790127169089317e-01
7.476059583652187035e-01
7.468822814045912306e-01
7.471628867240334149e-01
7.468317152577059748e-01
7.479050538022036232e-01
7.480354511854139243e-01
7.477678860139038708e-01
7.473659851933570630e-01
7.473629077340698812e-01
7.469981072719988902e-01
7.470054689284357785e-01
7.466613981862449956e-01
7.478825138467231071e-01
7.469004343649410238e-01
7.489289753259180671e-01
7.467316642398549309e-01
7.472854826150923113e-01
7.476565638953829307e-01
7.474498241174882818e-01
7.481772535934334556e-01
7.476858729738300458e-01
7.481627868006257565e-01
7.471396067920130779e-01
7.473901310002309950e-01
7.468848201782775087e-01
7.477972901619958090e-01
7.469287310970487148e-01
7.466521956443723518e-01
7.469875552670791619e-01
7.479759240590289071e-01
7.476298171280486571e-01
7.479758592733034561e-01
7.475671260091611980e-01
7.480869983276303703e-01
7.474820077251402850e-01
7.474464803319111894e-01
7.466929564621545001e-01
7.471845197134286964e-01
7.480382122377255971e-01
7.490647957211812313e-01
7.479522033052568020e-01
7.472731259517877422e-01
7.480348384206350065e-01
7.474768427002429494e-01
7.473093551546959867e-01
7.464061362263134658e-01
7.486592114118211239e-01
7.471788498454221550e-01
7.465886286638868663e-01
7.480929094413433234e-01
7.467378647287055138e-01
7.479723437941274700e-01
7.483167923562041857e-01
7.476555494655784395e-01
7.471442241737400458e-01
7.468077809239099807e-01
7.474515341099172705e-01
7.475111599654905570e-01
7.474892873609966237e-01
7.464210682825251908e-01
7.474787956751411944e-01
7.480820900329310241e-01
7.473367915234716552e-01
7.464713916650189685e-01
7.475608442711306756e-01
7.464602569047322778e-01
7.473865571591941093e-01
7.466267644918689328e-01
7.471968080333304396e-01
7.473609626450080645e-01
7.475221256871444897e-01
7.478206380294201150e-01
7.472540289359691501e-01
7.477303559741417249e-01
7.473838048010953417e-01
7.463510889637895440e-01
7.475511657966825707e-01
7.479161045791982154e-01
7.484281519743177791e-01
7.466398241071853237e-01
7.481000272963678199e-01
7.479691126571138549e-01
7.475785585968358626e-01
7.474144836947737014e-01
7.475058235938909501e-01
