1.188227004123410258e-01
1.199439065447035491e-01
1.202498195326888175e-01
1.206762933485204525e-01
1.192540757910814514e-01
1.190712785307892763e-01
1.193595927476993473e-01
1.206426625617156717e-01
1.197658053113165311e-01
1.196573939434059791e-01
1.201319990797328208e-01
1.199020395581668480e-01
1.203991041158241904e-01
1.202025761650477587e-01
1.201790773705036508e-01
1.207364254047429142e-01
1.202967648370644183e-01
1.199828259637867600e-01
1.201019512168131631e-01
1.192964228443371411e-01
1.192596397510036349e-01
1.197327244076035191e-01
1.194372317488967689e-01
1.205824477729486310e-01
1.186887688204343316e-01
1.205215664446538937e-01
1.205040679362320566e-01
1.204467292739594825e-01
1.202204241591693784e-01
1.204225611216041547e-01
1.208476186942125108e-01
1.194365813424709544e-01
1.191701066321000230e-01
1.196091011618175548e-01
1.203290337959781880e-01
1.206360733250351064e-01
1.201335874523292852e-01
1.193608723092509649e-01
1.195855386861374298e-01
1.199960007082359753e-01
1.184627558038553741e-01
1.199936113295518303e-01
1.196139622844066136e-01
1.199785888761531888e-01
1.202093925950983161e-01
1.194356115126802564e-01
1.198173522495071253e-01
1.197106107248682161e-01
1.204558541393268012e-01
1.200948935010312801e-01
1.197120045310649250e-01
1.220337951674544813e-01
1.196902523593813272e-01
1.197905657614325575e-01
1.196591329218599231e-01
1.203166570202056085e-01
1.201316958213927977e-01
1.198427238932716077e-01
1.195533126655700384e-01
1.198831270469054716e-01
1.186062020339117562e-01
1.191795384587352180e-01
1.191439448780938354e-01
1.196916511940546296e-01
1.194329923590756737e-01
1.212829951510462773e-01
1.202688344308702473e-01
1.187178314968055093e-01
1.190913956764976245e-01
1.200138667821405714e-01
1.199050666144716726e-01
1.209354280800268300e-01
1.203012002750827592e-01
1.195926269517677831e-01
1.198843381147426390e-01
1.203758308274299332e-01
1.190590461195175087e-01
1.202303960404678546e-01
1.207413383845339638e-01
1.198154920488943842e-01
1.202549237022759732e-01
1.187827971208048200e-01
1.198651135889087782e-01
1.193680675191834406e-01
1.189193443150362989e-01
1.200192174077377438e-01
1.199529569051365485e-01
1.194057857046835480e-01
1.206553751819293141e-01
1.193672937239054488e-01
1.199138248127331330e-01
1.197783206251023247e-01
1.200576779900476843e-01
1.204886029966211469e-01
1.196605242950361386e-01
1.202449909452052157e-01
1.190085881181135175e-01
1.196561816386123578e-01
1.188940197948865907e-01
1.205928833795767152e-01
