4.910175839845850598e-01
4.917210346617229555e-01
4.910738608577165376e-01
4.925282283162983887e-01
4.920427611012226365e-01
4.914982266545973588e-01
4.910238457061862349e-01
4.913127377394245210e-01
4.911082209213367689e-01
4.916185740697734952e-01
4.913801469485314932e-01
4.916409818735679726e-01
4.915305988570489726e-01
4.922763488740113935e-01
4.914478829946388738e-01
4.915970555044633650e-01
4.915358932626461841e-01
4.904324800818605223e-01
4.920565643026860170e-01
4.912793473416412482e-01
4.918486721546684870e-01
4.915560501236844182e-01
4.917168413911478519e-01
4.899891005768206020e-01
4.918259934993987059e-01
4.919869947480770556e-01
4.908936081895666215e-01
4.912004628544248130e-01
4.921805916629944377e-01
4.912428557467488632e-01
4.913492067863888813e-01
4.920850478395011329e-01
4.913166419595900170e-01
4.916537103448188617e-01
4.912671026607049463e-01
4.898664513671175946e-01
4.928105237434731167e-01
4.921764188427646958e-01
4.913165595937477592e-01
4.900677850540926528e-01
4.918835487473723900e-01
4.904436207077133014e-01
4.910843718211940212e-01
4.926356337302186250e-01
4.911840383373172747e-01
4.916479755669103113e-01
4.918612124246536377e-01
4.914050750747529506e-01
4.910390813624763151e-01
4.915786631656837713e-01
4.929837022254107137e-01
4.916561880764929171e-01
4.925227775917352391e-01
4.921525284990278526e-01
4.913894752294364343e-01
4.909217945748143297e-01
4.916547446699571222e-01
4.921498501268826153e-01
4.921140530145465264e-01
4.919633789833415261e-01
4.909806271242482811e-01
4.907572944827631733e-01
4.922609531016884921e-01
4.913825474072144317e-01
4.917273768123928690e-01
4.920399132478902038e-01
4.908029941825748921e-01
4.914670720195062903e-01
4.917677937509450370e-01
4.916979059626368498e-01
4.913571613962642304e-01
4.913739568081101350e-01
4.915947362850284774e-01
4.919684909124268923e-01
4.916411866494339034e-01
4.923958264358337944e-01
4.910840318564381191e-01
4.909620237890283678e-01
4.918744253849401948e-01
4.918733707838677249e-01
4.919427508936123905e-01
4.924593975693599690e-01
4.914115180225805402e-01
4.895259100439460775e-01
4.910061418805459765e-01
4.918682017645613080e-01
4.921231359105471270e-01
4.914594403935590439e-01
4.912777800511614057e-01
4.917560697363309585e-01
4.911851175877199882e-01
4.919064458098997838e-01
4.920086053192702646e-01
4.927420012142110783e-01
4.923201640155777659e-01
4.928150114713456542e-01
4.911314330650772275e-01
4.919372842383180622e-01
4.916126403247451648e-01
4.917406403787117353e-01
