7.246180190356721340e-01
7.267240586150958137e-01
7.258831818839348582e-01
7.258883208901292239e-01
7.258885017153198227e-01
7.267231593110041743e-01
7.261632910498061477e-01
7.248696225783548552e-01
7.266656358614611566e-01
7.261720373406521656e-01
7.269442066026730043e-01
7.260297891592404351e-01
7.264373104556924865e-01
7.273292369940712598e-01
7.268368980352056807e-01
7.265845114090254686e-01
7.259219378786527788e-01
7.267627609504311303e-01
7.268299311861718959e-01
7.265544288834542286e-01
7.266510749138359593e-01
7.258650901474849038e-01
7.263405530782933717e-01
7.264866387253244850e-01
7.263639465463025413e-01
7.265973744565805692e-01
7.266846089272672726e-01
7.267643617184617044e-01
7.260712000789433240e-01
7.267644334979276310e-01
7.270151597878793392e-01
7.252522070207518823e-01
7.259627058945936628e-01
7.270650099726789772e-01
7.261866393177140999e-01
7.246912130413899478e-01
7.270439309776053349e-01
7.270082248721703166e-01
7.263960559783304571e-01
7.266523734928976852e-01
7.251714684513753673e-01
7.264011734536753861e-01
7.260066154675822725e-01
7.256565053639634222e-01
7.261165136266622966e-01
7.255897415688790097e-01
7.264653244985991298e-01
7.268218443533522866e-01
7.268120826397506118e-01
7.259537494066632402e-01
7.258154874406932411e-01
7.263739165929128383e-01
7.269844726926537604e-01
7.269395954755085709e-01
7.274425228505898566e-01
7.263015211380761116e-01
7.266904256846228316e-01
7.265356531021858189e-01
7.265426883001875336e-01
7.269730827347387070e-01
7.254936709713496468e-01
7.272262943631130350e-01
7.258776388141969793e-01
7.260786943336491328e-01
7.271387256085100059e-01
7.267223238075328773e-01
7.261594309253163182e-01
7.271062504988515807e-01
7.261865646116376638e-01
7.259952341135702536e-01
7.259112093713750991e-01
7.267229224873233973e-01
7.269325086051747764e-01
7.263377065438947344e-01
7.259413410614841133e-01
7.261214865872039903e-01
7.269864329938657832e-01
7.269743754307946837e-01
7.266510505192392833e-01
7.268472285405225275e-01
7.266950189926729697e-01
7.266926931679831281e-01
7.274940894497812227e-01
7.258489363573142894e-01
7.272695197565258729e-01
7.263722728413128937e-01
7.260151406299625299e-01
7.265928451958696410e-01
7.253591913063560659e-01
7.267555214117313866e-01
7.262194185389516665e-01
7.276665376999287282e-01
7.255827110009659409e-01
7.277439730020299757e-01
7.271904289210473493e-01
7.258884777577475633e-01
7.266784866538189558e-01
7.249383247772913652e-01
7.261049200603395537e-01
7.271452553078360248e-01
