5.131475107815310910e-01
5.148757388942079016e-01
5.124420132187350596e-01
5.139581081723760825e-01
5.131323391216895402e-01
5.146862625785283418e-01
5.140364105113237603e-01
5.136685415723376558e-01
5.144967153698059015e-01
5.132389036694962048e-01
5.142467113032593851e-01
5.148403205092713097e-01
5.124488964529583246e-01
5.142136631591283091e-01
5.145276387702470977e-01
5.135078278032922938e-01
5.152803178031163389e-01
5.136577442853497155e-01
5.137640648667857191e-01
5.134969622244918153e-01
5.135011123383543818e-01
5.139941997108511407e-01
5.134885236027585398e-01
5.129791575658783076e-01
5.139318874210899724e-01
5.128141697908724650e-01
5.150106346387847145e-01
5.142599011583033342e-01
5.123034816879767916e-01
5.134046156026011998e-01
5.131839459737952414e-01
5.141918629792210371e-01
5.142911813639781116e-01
5.142637679634626258e-01
5.138968052326919889e-01
5.134964330078440886e-01
5.141009931052875626e-01
5.136436562467805444e-01
5.134693557848264422e-01
5.131740181339827789e-01
5.128841689804856108e-01
5.145074373727662742e-01
5.141088373863513805e-01
5.133759531806763032e-01
5.129996508907166408e-01
5.142622872581108506e-01
5.136402524562925231e-01
5.132804144278153569e-01
5.133662783915660111e-01
5.140023843203156417e-01
5.140886794375343349e-01
5.142035825491253487e-01
5.142889020038627912e-01
5.150196274963778631e-01
5.136351917427764979e-01
5.144816677444490338e-01
5.148451274143828194e-01
5.136072748048434722e-01
5.130875036459974226e-01
5.131103345975884800e-01
5.141787663575483336e-01
5.128712365460450506e-01
5.130499215881892949e-01
5.133511949421923903e-01
5.135028451684588990e-01
5.129602895174356636e-01
5.137230114175556084e-01
5.135723650400508822e-01
5.140174105933071891e-01
5.139722580147048081e-01
5.141482862927155839e-01
5.134523022992941721e-01
5.123279085867653571e-01
5.128169581623710505e-01
5.130596334487445009e-01
5.128915992883038566e-01
5.141552392702095631e-01
5.127798449365078559e-01
5.132297937286539602e-01
5.138178757310458700e-01
5.135799065433578336e-01
5.138719083324808645e-01
5.131964042049224073e-01
5.128956379108488006e-01
5.139151066384364253e-01
5.131723060505255507e-01
5.138072446061798804e-01
5.138796547786246283e-01
5.137963302751495931e-01
5.134186161781065794e-01
5.135762383866286918e-01
5.141844795634118448e-01
5.129809331321751875e-01
5.135662331035180106e-01
5.138187762070219877e-01
5.125538254763883916e-01
5.135954443801347136e-01
5.139871820505621525e-01
5.133396987145641965e-01
5.146850167802849985e-01
