9.474885147386310491e-01
9.478495196544836077e-01
9.486563255446016640e-01
9.478100334785390935e-01
9.473603685673706032e-01
9.494258274377851414e-01
9.483990175008750745e-01
9.479309229203054521e-01
9.491337599237008593e-01
9.488782794333463499e-01
9.478483379326594349e-01
9.489942887583540099e-01
9.473409614428802694e-01
9.482923653425721078e-01
9.480646299053387960e-01
9.484402356432337644e-01
9.491518168290862256e-01
9.476095883116132379e-01
9.483474409605806565e-01
9.480298704812886168e-01
9.490881737939254048e-01
9.482981859006333059e-01
9.488209723069482848e-01
9.491977403387359402e-01
9.481184436028800011e-01
9.482523800846607287e-01
9.484685532115243456e-01
9.481185528305194898e-01
9.477509434238339248e-01
9.475576285046269920e-01
9.479241891759327965e-01
9.480382184928229927e-01
9.487293490985713174e-01
9.486540293514006406e-01
9.477192199935344785e-01
9.477332431831091419e-01
9.484169078109763174e-01
9.490365007671763831e-01
9.490454547183919676e-01
9.487174379192099272e-01
9.482040937255029611e-01
9.478476528919839161e-01
9.488647774210405839e-01
9.484991082256194472e-01
9.490233579822838772e-01
9.484411581383846990e-01
9.493769540417719144e-01
9.480371481043849968e-01
9.480441143250752933e-01
9.486758656638857312e-01
9.481422900296685441e-01
9.477890926673777638e-01
9.472908727876424573e-01
9.487861490859170743e-01
9.488275779874587590e-01
9.483281327794426119e-01
9.479050791384574515e-01
9.479054412061116430e-01
9.483728797453179205e-01
9.484203617902942085e-01
9.483262867068360524e-01
9.478574676362468976e-01
9.477972004231508540e-01
9.481645060232211097e-01
9.486413447450188219e-01
9.489621616545604876e-01
9.487932175532460821e-01
9.483223632604751430e-01
9.482742438751288194e-01
9.472967215660090812e-01
9.479325014602593136e-01
9.485115064758308234e-01
9.482817949884664310e-01
9.486894798530409734e-01
9.473697183620533036e-01
9.483626155744060426e-01
9.491810820086070688e-01
9.485065259815715910e-01
9.488251728048613387e-01
9.469941214641334204e-01
9.471176703007720965e-01
9.480408422035897509e-01
9.487164108326917589e-01
9.480897218572001961e-01
9.479119934376400991e-01
9.486315049847948710e-01
9.487373541956481970e-01
9.482320665070784749e-01
9.488153647881391040e-01
9.475613879035242881e-01
9.497160176496097783e-01
9.485446112891604553e-01
9.482254520288625477e-01
9.474735252574755240e-01
9.484166450202662357e-01
9.488460542250967134e-01
9.474802647176692183e-01
9.489364464681139255e-01
9.479915002783940725e-01
9.480257647059419090e-01
