4.350255703138674601e-01
4.366598140779338610e-01
4.365485806620039710e-01
4.366248241333207103e-01
4.368736766880021438e-01
4.356279049233836576e-01
4.369524774587018601e-01
4.369710443090460417e-01
4.367541343843974189e-01
4.362965354526000539e-01
4.365288962304649800e-01
4.367457549205961964e-01
4.359909655065938860e-01
4.349873219840539873e-01
4.367014077659718274e-01
4.365282496052047545e-01
4.380250079167027355e-01
4.356971342497407695e-01
4.363707006373910291e-01
4.353362310086384968e-01
4.359406688393399620e-01
4.367399105671149195e-01
4.360127761709908789e-01
4.365907878203348358e-01
4.354425819332594649e-01
4.365063682059412420e-01
4.359141875791793241e-01
4.368280503085936184e-01
4.361742421270388692e-01
4.375079089288116396e-01
4.372806891329975576e-01
4.371070192466293691e-01
4.358523369739185638e-01
4.373087525116621799e-01
4.372970923249122621e-01
4.365657415265918884e-01
4.355870976771498704e-01
4.371533531678894469e-01
4.370152891642756776e-01
4.374705353534691366e-01
4.355519361957193025e-01
4.377776797733610170e-01
4.360029373743288805e-01
4.363377040943548502e-01
4.370867013454943217e-01
4.355550291166032650e-01
4.351108570769324779e-01
4.367316256559796162e-01
4.358098248214956616e-01
4.362530016783623954e-01
4.360608494562070447e-01
4.362872753990650887e-01
4.375992914222882613e-01
4.349606101235266031e-01
4.364397513591233846e-01
4.365098952596678794e-01
4.363119178314684987e-01
4.355070315744142828e-01
4.361437900645628862e-01
4.366527922359044744e-01
4.366189557884679884e-01
4.359332725635746142e-01
4.361094383633428717e-01
4.374374203193946431e-01
4.355207186272886943e-01
4.366166512380500464e-01
4.359398758588483580e-01
4.365683234313434413e-01
4.373835831321144507e-01
4.372900346680444472e-01
4.362708055493503267e-01
4.371418240385636644e-01
4.365724199270032413e-01
4.374594127650865971e-01
4.360862468097633227e-01
4.364114342504059052e-01
4.358418122924585525e-01
4.373997047319255205e-01
4.358623151950602459e-01
4.379919356366271943e-01
4.369751652538911291e-01
4.372007744331584123e-01
4.369087687476717052e-01
4.367748380997260593e-01
4.364692458251950291e-01
4.360099512727692583e-01
4.364776837955186561e-01
4.360285907739150923e-01
4.370995835430448451e-01
4.367409710402168077e-01
4.365439743866411648e-01
4.363410988368139343e-01
4.369651272758214855e-01
4.376439313174348422e-01
4.360958305803542823e-01
4.361831248480784184e-01
4.355283182050661006e-01
4.374783496817906681e-01
4.361502549313860388e-01
4.377026285925041393e-01
