5.037280183650497678e-01
5.047618674254338300e-01
5.052964722742543380e-01
5.039880780785885861e-01
5.046541221276449329e-01
5.051441194126902179e-01
5.047630697926565047e-01
5.045278795981068543e-01
5.044901466258145950e-01
5.046082571390271276e-01
5.046423550749081777e-01
5.048126124253460301e-01
5.048816518186589608e-01
5.061556561241578045e-01
5.039801216144030871e-01
5.044544969406078438e-01
5.041347795228213746e-01
5.051838129651126108e-01
5.049598083667204973e-01
5.050270741458491308e-01
5.041265994287015273e-01
5.032047754867735589e-01
5.050780075959739879e-01
5.059831545010090581e-01
5.047730675839126047e-01
5.039079654895821658e-01
5.055539877079129329e-01
5.037321026668892809e-01
5.045714147912414571e-01
5.049237550144258790e-01
5.038903762330202429e-01
5.043151694930154694e-01
5.055861954283654702e-01
5.055465733250006366e-01
5.055153370761442666e-01
5.046258679976471928e-01
5.048392406082656825e-01
5.051465592650324909e-01
5.052047919062579995e-01
5.049362109495688644e-01
5.049563603664843914e-01
5.049162241098037462e-01
5.044236825173797900e-01
5.046271627560069417e-01
5.048779223258583748e-01
5.044177755373302485e-01
5.046988167048491736e-01
5.050985489310403365e-01
5.042750186131377266e-01
5.043125052720098811e-01
5.051050661625865468e-01
5.037740332948389410e-01
5.038807540441534449e-01
5.057929350531094048e-01
5.037878291385311513e-01
5.043832610626011181e-01
5.045037155945439888e-01
5.053084550681540277e-01
5.039092586483306935e-01
5.040365513457042423e-01
5.036843532468562312e-01
5.054537537493446475e-01
5.050769020883647542e-01
5.055030836759820678e-01
5.050260253072585970e-01
5.039237531603021347e-01
5.058308849047977729e-01
5.041707800710033549e-01
5.047159636529591209e-01
5.043274731308807768e-01
5.055726466435106481e-01
5.051394303691194576e-01
5.045581467825255295e-01
5.044242810154899725e-01
5.050016470774705279e-01
5.044386614192859497e-01
5.061342042448935263e-01
5.052840032122007941e-01
5.039023958605861608e-01
5.053429412473873228e-01
5.043344954823770765e-01
5.041737450222645300e-01
5.053113557204766959e-01
5.062498829639432429e-01
5.043293710026419685e-01
5.045779615163972220e-01
5.043432542392940476e-01
5.044637864767322899e-01
5.047228324224269924e-01
5.049511613762480700e-01
5.043620187665334154e-01
5.036459381126449086e-01
5.052518912679234697e-01
5.043257842841508687e-01
5.039252346242271141e-01
5.042927512679866719e-01
5.055762470770988060e-01
5.049781034026943338e-01
5.041396673039300058e-01
5.049226908090670429e-01
