5.240187050584310668e-01
5.248244365384209242e-01
5.254131406383475422e-01
5.252921152396387017e-01
5.241939322770508003e-01
5.262638034562547862e-01
5.256583385636997008e-01
5.263074485386989299e-01
5.255382848557125230e-01
5.255445243116017018e-01
5.262554544483009078e-01
5.245826380874247796e-01
5.239686266051831742e-01
5.253197911191032077e-01
5.249641719761165559e-01
5.253472692292169288e-01
5.250930515362022266e-01
5.247957798619118375e-01
5.265918443669198590e-01
5.252101202984028605e-01
5.253739931603061963e-01
5.253898659091001955e-01
5.256615916009715894e-01
5.263649860845864836e-01
5.248318177355670855e-01
5.245481440894701475e-01
5.249126982145952969e-01
5.260873702116424244e-01
5.256284204873290511e-01
5.259728418330997801e-01
5.255183570923445124e-01
5.258825514821677816e-01
5.256055410005578965e-01
5.252402727878737743e-01
5.263058758378129642e-01
5.251982355201797459e-01
5.253445302288464180e-01
5.254460303149633971e-01
5.254125538534576423e-01
5.260474126155259000e-01
5.254290891713919720e-01
5.264255964023529799e-01
5.251356828606936755e-01
5.261189327313620101e-01
5.258026528887268514e-01
5.254487727579981726e-01
5.249166788720408539e-01
5.245717513226506590e-01
5.254831450035623019e-01
5.249146991907214232e-01
5.257209604166778183e-01
5.255494418042170324e-01
5.248208416279308564e-01
5.251458803177588841e-01
5.251350554724727449e-01
5.265254959463805395e-01
5.249879534345063270e-01
5.250110975314590256e-01
5.266860116432190431e-01
5.260545619575723864e-01
5.268040962317939169e-01
5.259877548907557765e-01
5.246402152987005296e-01
5.262142234334573621e-01
5.262246516495825421e-01
5.252498073963820513e-01
5.254652288968451046e-01
5.256071386479092000e-01
5.261696796827939338e-01
5.262983043230171631e-01
5.246072718786765066e-01
5.246329398407666433e-01
5.252620378921751820e-01
5.262320094284946848e-01
5.250124527992205969e-01
5.267639981102476554e-01
5.248575398927852742e-01
5.248235602357482765e-01
5.252927494461372415e-01
5.260989357215991591e-01
5.261927485528250514e-01
5.249965270105172443e-01
5.274395702112957274e-01
5.254820436152549679e-01
5.258214540661430014e-01
5.268584159665923305e-01
5.268614762559875597e-01
5.254953411542793162e-01
5.257324079877128131e-01
5.251480347485401046e-01
5.256031542070074281e-01
5.257026632538512878e-01
5.247142150072459099e-01
5.252298048224173233e-01
5.244588037184867435e-01
5.251603763009310422e-01
5.248989066697777872e-01
5.243528243964943325e-01
5.250728056869399252e-01
5.257634218049255237e-01
