4.747518560468367843e-01
4.762857201113686045e-01
4.759512489208138630e-01
4.757154444398164483e-01
4.753189289210877355e-01
4.760172196705813041e-01
4.757707328311235884e-01
4.759990797243268679e-01
4.757394188562164006e-01
4.756852674874526565e-01
4.739067768157601002e-01
4.763740885283946347e-01
4.760473079569338406e-01
4.747301409787446080e-01
4.756668679495030805e-01
4.752276195096665767e-01
4.758555249210796312e-01
4.752143577441375610e-01
4.752280030726638849e-01
4.759203918032147707e-01
4.760997323041817331e-01
4.766756388489281626e-01
4.767267543972217858e-01
4.760071137367726246e-01
4.753474858746173370e-01
4.747226033448271876e-01
4.758393773234952939e-01
4.758746410886468547e-01
4.763784295325816931e-01
4.740633062943342413e-01
4.753184201592362546e-01
4.758699577659198932e-01
4.759977474685693211e-01
4.747656857981286671e-01
4.759567447860469369e-01
4.748320281648630292e-01
4.745355929266059647e-01
4.765431895790560035e-01
4.754287690915325326e-01
4.762233278545018877e-01
4.761819181894278996e-01
4.749212962056228449e-01
4.759195043796193292e-01
4.749520757101797219e-01
4.753313239116419009e-01
4.751720134502067650e-01
4.757822029281366660e-01
4.761941971058168410e-01
4.755051647690639594e-01
4.751563676769062772e-01
4.748215217382072417e-01
4.756017601276770201e-01
4.763081022490843752e-01
4.751382520790297104e-01
4.751711348240469368e-01
4.756456828702904649e-01
4.756069865917799122e-01
4.761243519768093568e-01
4.758333478382615889e-01
4.751984402843159039e-01
4.751857903556088170e-01
4.756725301538358153e-01
4.760268373917510010e-01
4.753894345888129980e-01
4.748436799122702778e-01
4.747735983877743871e-01
4.752999140029104397e-01
4.757265948129976718e-01
4.748657277595472737e-01
4.763175334835730856e-01
4.759395545934378968e-01
4.766990471771894167e-01
4.748948932026765823e-01
4.750780547295359035e-01
4.760526710526461480e-01
4.750651594565642455e-01
4.755645716433948844e-01
4.758833334461216591e-01
4.764382235545269739e-01
4.741970866970576237e-01
4.755736287173516486e-01
4.752713200851741426e-01
4.757479775538897560e-01
4.734427681473731830e-01
4.750248330706652866e-01
4.765211121513380776e-01
4.747819130612681016e-01
4.747281130673382532e-01
4.767551657622204342e-01
4.750335815122981309e-01
4.767635853481783093e-01
4.753725930031870162e-01
4.756532412624602246e-01
4.752216205843997621e-01
4.741549480069880973e-01
4.751103152566055754e-01
4.742391428998464220e-01
4.755356740541590299e-01
4.758293840810996489e-01
4.758626700338669524e-01
