8.818726601026831702e-01
8.823322895335838911e-01
8.820258488860761581e-01
8.822105299702052150e-01
8.817240117712992209e-01
8.827777700546473039e-01
8.824507204084659495e-01
8.824802756360227152e-01
8.824951211802438689e-01
8.817317217811500019e-01
8.818306518382785786e-01
8.807544348262139611e-01
8.814449341276822114e-01
8.816290875848560304e-01
8.809767557713230612e-01
8.824664568133830933e-01
8.827312538682663412e-01
8.819196109849178900e-01
8.824720544356712271e-01
8.825088168337904548e-01
8.820886191484382799e-01
8.830304810715584596e-01
8.823154906655572560e-01
8.828374223490290662e-01
8.825484564639135554e-01
8.827785443918959585e-01
8.820255115316983918e-01
8.828188729738306595e-01
8.825874330324100514e-01
8.825393812312903874e-01
8.823735704789821277e-01
8.811207584943242521e-01
8.821135961845492091e-01
8.821133325020953375e-01
8.819652837332128126e-01
8.818351667737497346e-01
8.812665369231548196e-01
8.815564298761533468e-01
8.817735554874854831e-01
8.816474137376757447e-01
8.829395423005064192e-01
8.814072624529744049e-01
8.820188625055442877e-01
8.822807374214003406e-01
8.821836489194037068e-01
8.819540152648543962e-01
8.817930977994110631e-01
8.813070042526545134e-01
8.816927463054905489e-01
8.822805336453872771e-01
8.817329689003247095e-01
8.811661844905162022e-01
8.817618797322672730e-01
8.809376636960069007e-01
8.815381089250553526e-01
8.805869844765376042e-01
8.815953928311236476e-01
8.824558296474795949e-01
8.822079788908180342e-01
8.822048255667087613e-01
8.826467099215167256e-01
8.827916204710212211e-01
8.808238979408035130e-01
8.828662073946099698e-01
8.823193955633250596e-01
8.819034763220797712e-01
8.806431467866646656e-01
8.819045803955568585e-01
8.816936951341990403e-01
8.826203393448620593e-01
8.826228324188980512e-01
8.813607826070295470e-01
8.812926697320221381e-01
8.816584053209679528e-01
8.817954960193814529e-01
8.810701675823660040e-01
8.820606129070780455e-01
8.811012293576769849e-01
8.819923494776272799e-01
8.813656258363021800e-01
8.824769919804991147e-01
8.826410519028666801e-01
8.811072085990780955e-01
8.832119555528905597e-01
8.819694011706061820e-01
8.815869263599607208e-01
8.822460116313459721e-01
8.821672806503867426e-01
8.811658613631256909e-01
8.819229477703277587e-01
8.811570305292665273e-01
8.825475841197731874e-01
8.819001827025739759e-01
8.821443392029402197e-01
8.813353840137976292e-01
8.807426000559173129e-01
8.822547014229833451e-01
8.821721978553045407e-01
8.824156049824999348e-01
8.818973655971916736e-01
