6.092742856871828927e-01
6.091019697361843566e-01
6.116499070311747221e-01
6.103066258637526165e-01
6.096444468577129072e-01
6.106322388821115998e-01
6.101978242061356639e-01
6.116277897582915735e-01
6.111667072542286139e-01
6.109254014234166696e-01
6.104260126322236246e-01
6.097934372165226824e-01
6.110446753755855998e-01
6.109944349658303908e-01
6.104557697598345101e-01
6.109659330001591115e-01
6.102765187107119793e-01
6.108041101755701252e-01
6.116036698663371851e-01
6.104983657073210779e-01
6.103333095224987570e-01
6.113491239765613816e-01
6.106371867051948454e-01
6.101726528125978044e-01
6.106865758997801485e-01
6.100614478965631360e-01
6.106250840087978915e-01
6.112461143184878543e-01
6.114737687880973382e-01
6.108230587030933911e-01
6.117534418820643749e-01
6.102080207233704368e-01
6.100393112598088141e-01
6.097837821935374603e-01
6.113900360305537518e-01
6.108312784620169023e-01
6.110905802691405375e-01
6.108573311513845194e-01
6.107600499647872772e-01
6.100779369862137091e-01
6.110929633979544917e-01
6.101421091998574520e-01
6.116106405719679007e-01
6.110587510915896914e-01
6.094034980571053639e-01
6.098224640352777337e-01
6.100537655757687361e-01
6.106966617144991005e-01
6.097343437811798550e-01
6.107657500535904616e-01
6.103304539490826963e-01
6.102621144120297103e-01
6.108256254490630477e-01
6.092466254086229549e-01
6.105385246427778023e-01
6.101011091975214740e-01
6.099128165623741715e-01
6.112005320658147056e-01
6.102151569264391284e-01
6.116310509985367627e-01
6.108620629261585222e-01
6.105475165588392095e-01
6.098559014190674255e-01
6.100326821254226095e-01
6.095204182621074551e-01
6.097108810204016072e-01
6.089817248235793734e-01
6.111951414557265094e-01
6.099049221450713043e-01
6.097442802855218558e-01
6.114426146473979085e-01
6.114240222744473652e-01
6.109140329186111273e-01
6.097396750236463436e-01
6.109531551891207446e-01
6.098356254516388297e-01
6.108115723228014771e-01
6.110976650985826542e-01
6.101486846573358491e-01
6.109310984292837254e-01
6.107467105760709947e-01
6.104029705353792856e-01
6.095843177364057563e-01
6.096585066002322417e-01
6.112013293681239912e-01
6.109475765335236064e-01
6.109866918577377959e-01
6.112201479066977639e-01
6.114407807514834481e-01
6.112687505094492879e-01
6.113059067474198027e-01
6.109922566220721274e-01
6.113464339662785241e-01
6.098784267849197693e-01
6.101917358581957496e-01
6.097273994279280851e-01
6.107562931924561678e-01
6.104119381635907393e-01
6.114621792675922762e-01
6.097968093035137649e-01
