9.696420968534117391e-01
9.696486068093083110e-01
9.710268701744131370e-01
9.712758956159757151e-01
9.703680717148590595e-01
9.690409560082304807e-01
9.703216535647627428e-01
9.699511328708888547e-01
9.701749501029721667e-01
9.708033549141413809e-01
9.711748340779782218e-01
9.702019719238770268e-01
9.708828747573805540e-01
9.699365302826250534e-01
9.709528662850812619e-01
9.701276652193950856e-01
9.708507701231727793e-01
9.713940094114177359e-01
9.697380039163043808e-01
9.695304047382957702e-01
9.703770671020213179e-01
9.705613886332760121e-01
9.694937505789191778e-01
9.711665620603925353e-01
9.703538512135341243e-01
9.711167213318434577e-01
9.710080715571536292e-01
9.705200225818406690e-01
9.712405975994384821e-01
9.700607260500551110e-01
9.713115726793710714e-01
9.702995166241412672e-01
9.710779525690400593e-01
9.704044534718059278e-01
9.708694867411636897e-01
9.704563744749979959e-01
9.716843278418880736e-01
9.706314919629566162e-01
9.700325985434377074e-01
9.716649681793629867e-01
9.706856057375490288e-01
9.710807330879887012e-01
9.700105760741641880e-01
9.704693328228469751e-01
9.705604778942444888e-01
9.703351590923302572e-01
9.706217453928460692e-01
9.701642243878659810e-01
9.700750177476786806e-01
9.695113729641890998e-01
9.709852844628521495e-01
9.704404183449413246e-01
9.706481930000898650e-01
9.702254771028688829e-01
9.700994781871883355e-01
9.703477403162965587e-01
9.703648478280439971e-01
9.703779215700824023e-01
9.709254974335408406e-01
9.715944424435334348e-01
9.697241032246571857e-01
9.706993129983720880e-01
9.702604958652858436e-01
9.695838726986735212e-01
9.711408527962612780e-01
9.706742354785795612e-01
9.707474793543466873e-01
9.706201510798575516e-01
9.706821490227668381e-01
9.696769013280879257e-01
9.710995999753733177e-01
9.695458342912108840e-01
9.710715230713213852e-01
9.702911080205203209e-01
9.701834056606148948e-01
9.703466801784308426e-01
9.716946362449929708e-01
9.713888865706473696e-01
9.710824043621231194e-01
9.702919543392871660e-01
9.706593342965810223e-01
9.692258271596785324e-01
9.710076002187548738e-01
9.694649744087564525e-01
9.714986903556014353e-01
9.707039605543993366e-01
9.717424335640642008e-01
9.706316858184084184e-01
9.716520143361091488e-01
9.706532504824100238e-01
9.700454270463196860e-01
9.705368655446013904e-01
9.703495790594698356e-01
9.701208868363904170e-01
9.707013778524862246e-01
9.698516948606935584e-01
9.702516549037012439e-01
9.717185980738187734e-01
9.702180369453582420e-01
9.702928428695047902e-01
