6.189277780760829017e-01
6.185021124080480881e-01
6.202988419923853858e-01
6.192442583839286030e-01
6.195643756634978683e-01
6.180037067392327721e-01
6.193637627460244488e-01
6.214151899681426006e-01
6.194681734424244413e-01
6.190696335246554938e-01
6.190216348075433528e-01
6.198485059697182997e-01
6.191629737005495127e-01
6.191444278026059234e-01
6.188948710463719749e-01
6.193329957205198077e-01
6.184555530145851021e-01
6.181311768416849484e-01
6.198016526867007325e-01
6.194813440919100245e-01
6.182744654346050694e-01
6.201770649158808713e-01
6.201261944720939390e-01
6.195558349887637650e-01
6.192422134082986585e-01
6.194133371142892530e-01
6.193200361331617776e-01
6.194585714373307406e-01
6.191574899967420276e-01
6.195352038687333973e-01
6.194627709416238304e-01
6.191481942092371682e-01
6.189422596891618333e-01
6.191722972872556463e-01
6.197241200296045305e-01
6.195720556222247266e-01
6.188957924234028685e-01
6.196693111470161774e-01
6.194172763904877144e-01
6.189845365526869259e-01
6.208105295520640610e-01
6.196695232823788979e-01
6.209592981235473319e-01
6.191966938621212835e-01
6.203514427304255285e-01
6.193763877878011304e-01
6.200471317874733934e-01
6.191102467964169076e-01
6.197440688904385375e-01
6.191742437927877374e-01
6.194973345745160564e-01
6.205400581986773023e-01
6.191351013234470679e-01
6.192380179774443771e-01
6.189533738198409463e-01
6.191992579565056554e-01
6.197378253464461695e-01
6.183357973250100947e-01
6.200274789730431113e-01
6.197842101053330222e-01
6.193427609237200926e-01
6.190113506399377297e-01
6.193124550019729613e-01
6.192635149477514478e-01
6.188478174866572923e-01
6.193820414047671585e-01
6.197437836825121504e-01
6.207205126296291287e-01
6.194795618538729842e-01
6.195131072919977111e-01
6.202245826500670800e-01
6.204659302397487197e-01
6.194596367196891773e-01
6.189627577176743944e-01
6.193380692173604540e-01
6.197217982206599807e-01
6.198387714544293381e-01
6.197417264683032778e-01
6.203886993233553859e-01
6.191152165626545578e-01
6.203963256980147278e-01
6.201201014815198587e-01
6.183097707040847713e-01
6.196188976936247705e-01
6.199047500059878812e-01
6.202714426135640391e-01
6.191751952194208819e-01
6.184256034724890938e-01
6.199073327788442445e-01
6.205379350198990673e-01
6.196857841609973994e-01
6.190356000940364645e-01
6.190914159049905052e-01
6.187048123188604309e-01
6.186989613386839615e-01
6.185651929707264296e-01
6.201818698203893643e-01
6.195309975829960125e-01
6.192067330396151537e-01
6.198174038544430609e-01
