8.211957377879325337e-01
8.226480663492923284e-01
8.223731197979617935e-01
8.223034994749326421e-01
8.232363898628065613e-01
8.223271431564130873e-01
8.223766625445806389e-01
8.232864422659205150e-01
8.229313671578832867e-01
8.227758569070131589e-01
8.220618006206825701e-01
8.216501550800048292e-01
8.221957325703836972e-01
8.222819396501912514e-01
8.226440156247488700e-01
8.218767963651129049e-01
8.227841525779887588e-01
8.227782193833145241e-01
8.216700525686608803e-01
8.228413405200964981e-01
8.226859160097816925e-01
8.217824471054049340e-01
8.214865683782335282e-01
8.239237026144967668e-01
8.234915431701567146e-01
8.224592726042354585e-01
8.225204972147053262e-01
8.215996353156900245e-01
8.222853562464194077e-01
8.225534922798711790e-01
8.221426371213468309e-01
8.224688994444212531e-01
8.225030498184981997e-01
8.223522228467642359e-01
8.217460785645481769e-01
8.219405981830942842e-01
8.218911278303693280e-01
8.215862886434722734e-01
8.223418514389293499e-01
8.221314180872325572e-01
8.224674335401687131e-01
8.223619133805368797e-01
8.222997061736151414e-01
8.229056644589917147e-01
8.223587650435667529e-01
8.221849670880514438e-01
8.230423673236004767e-01
8.217501381471965516e-01
8.218599962033508177e-01
8.224938414994829028e-01
8.212793040275905287e-01
8.215781169317264432e-01
8.221403200436392389e-01
8.218187035806077123e-01
8.228424217023263543e-01
8.246777152470354810e-01
8.233872078393682514e-01
8.226919225264964775e-01
8.212293764359461790e-01
8.223799140163434718e-01
8.221901651534229138e-01
8.216638512706135877e-01
8.223458736510153022e-01
8.226509912248896050e-01
8.210737279694331203e-01
8.218060800017886747e-01
8.228671442624018173e-01
8.222590049914904053e-01
8.222384357360124074e-01
8.224315725494945051e-01
8.228385564440672262e-01
8.226578772484145485e-01
8.227196828880638524e-01
8.214565202446115766e-01
8.223548985394977251e-01
8.238888525918798278e-01
8.228460230155971722e-01
8.216746720192567022e-01
8.219477475103925679e-01
8.219209607445671084e-01
8.216905522996403866e-01
8.218552740268230128e-01
8.217803478260448102e-01
8.223501814535385535e-01
8.224183786048637756e-01
8.225611274030563136e-01
8.223230549536114653e-01
8.222508033807300887e-01
8.226718514161447393e-01
8.220881832132900247e-01
8.239337327659490562e-01
8.229439917700366314e-01
8.232424816868084694e-01
8.225882301123421669e-01
8.232416981309715887e-01
8.229333793356858884e-01
8.236093803880770725e-01
8.226107291833003599e-01
8.238028954608176413e-01
8.235304171473933899e-01
