9.247550318833301919e-01
9.267939947575628556e-01
9.272570925982404066e-01
9.269205653983152438e-01
9.262570700962985404e-01
9.259024055936828645e-01
9.269705389341089674e-01
9.271322449016343725e-01
9.271394075652078515e-01
9.269149326388048671e-01
9.271275443666604499e-01
9.267879789657568201e-01
9.271385344054808852e-01
9.272375179606295870e-01
9.271698943536839099e-01
9.264868331030717830e-01
9.261854189894892508e-01
9.275144503755473613e-01
9.262152135072355685e-01
9.264632578073175306e-01
9.272754302193233489e-01
9.257054688593095992e-01
9.264338305843748955e-01
9.267449005580545851e-01
9.273948322921787835e-01
9.252016279848709335e-01
9.269646883731385012e-01
9.254094798005688682e-01
9.274577884416927986e-01
9.262751164079092714e-01
9.268468437260106718e-01
9.273700873810716283e-01
9.256933629548796949e-01
9.268065754174147353e-01
9.262435954370493718e-01
9.276105309976316882e-01
9.262305885413486539e-01
9.265799480682503919e-01
9.267627755652605437e-01
9.270987227020779375e-01
9.276311851796630314e-01
9.275744311581082258e-01
9.263575417400311540e-01
9.267581562520413874e-01
9.258950330973044762e-01
9.263962192817645214e-01
9.269218103799350406e-01
9.258100734658347708e-01
9.267358017726090580e-01
9.266057097381683594e-01
9.266482471509946972e-01
9.256050198041421151e-01
9.266665640260709491e-01
9.263752866222656479e-01
9.274085720375286890e-01
9.271320212749972756e-01
9.264812763801471007e-01
9.251613673250524972e-01
9.263417935798458069e-01
9.263211497424308494e-01
9.269297600472949927e-01
9.263192478905925009e-01
9.266924982214799211e-01
9.273213210188971933e-01
9.268535120851693065e-01
9.268881542082318958e-01
9.272046573505985378e-01
9.258847954807996050e-01
9.268967602311526388e-01
9.266112822873859844e-01
9.267134017495584075e-01
9.263345922640024988e-01
9.258201577050820807e-01
9.263970364543243630e-01
9.271394858167888442e-01
9.273204023764540782e-01
9.263019391797159274e-01
9.279847666240645943e-01
9.256712315134956182e-01
9.262510736259538247e-01
9.267249800016721384e-01
9.263729969840192036e-01
9.268744499365226819e-01
9.265331585318562491e-01
9.264469101380954363e-01
9.279588603157551407e-01
9.261954215832752801e-01
9.269152662332300618e-01
9.258008283214127498e-01
9.264770023742224803e-01
9.265810534997642733e-01
9.263370539271016391e-01
9.260240750617022565e-01
9.274686555927609266e-01
9.268611999233428156e-01
9.278062683015030343e-01
9.259494233358704918e-01
9.268333233502863422e-01
9.265496424077086512e-01
9.272142705674777385e-01
