1.185423673481281193e-01
1.185550327624111944e-01
1.185693244316141093e-01
1.189650954874915262e-01
1.189693275922799193e-01
1.193438133154261366e-01
1.186821115308932389e-01
1.182736613323300823e-01
1.198541166532878510e-01
1.184623911838384169e-01
1.196477983900742503e-01
1.183992043791270571e-01
1.193197893159349821e-01
1.196330909026885603e-01
1.184262981130015935e-01
1.179560100479557366e-01
1.183881799491396242e-01
1.190022981108973532e-01
1.181342742095581044e-01
1.196081966092810978e-01
1.194709704320320587e-01
1.184755443123366031e-01
1.187935563040338344e-01
1.184061515231390749e-01
1.199733155199742690e-01
1.193106507019918161e-01
1.203594265169827537e-01
1.185927551916853284e-01
1.197813288412920563e-01
1.193647335090248784e-01
1.191703898678517642e-01
1.203750261903389213e-01
1.197962965211370329e-01
1.186905912585397849e-01
1.190106584874322249e-01
1.190428901398399852e-01
1.184700288120080491e-01
1.196710217745608762e-01
1.176983294124699236e-01
1.190732350921734628e-01
1.190742572115193743e-01
1.194980442683306054e-01
1.192533152157908977e-01
1.183442857700889028e-01
1.186783892410213231e-01
1.193103254803137142e-01
1.183915449388392577e-01
1.182120440735092010e-01
1.191775964373239793e-01
1.183589602362983828e-01
1.190255930947882179e-01
1.186983997366664323e-01
1.196468638266246776e-01
1.192516604280566966e-01
1.185357368887104690e-01
1.201100377154033366e-01
1.188716781605540784e-01
1.186808063067135988e-01
1.183748909315795877e-01
1.196626163773427676e-01
1.190877997307036584e-01
1.176646131353992208e-01
1.184400998697305307e-01
1.198594535811903644e-01
1.192063988654714773e-01
1.196481871138650732e-01
1.186333746918214749e-01
1.188573347465025770e-01
1.188374870083960394e-01
1.181547355280470751e-01
1.175122666619798639e-01
1.181756675666593426e-01
1.191756766669479495e-01
1.192463155708814587e-01
1.192817689325495478e-01
1.187634515357725851e-01
1.192833167192821481e-01
1.187650662957198816e-01
1.188567202199877632e-01
1.186390842684186264e-01
1.189912867409491926e-01
1.194924490922850968e-01
1.192810672189865279e-01
1.192781855650913159e-01
1.188398380355779743e-01
1.180077036252006606e-01
1.175155351279204563e-01
1.183533209467192149e-01
1.183349014410432498e-01
1.178353461952331704e-01
1.185646597623295495e-01
1.190638977580999458e-01
1.184428930707475680e-01
1.192774285518741900e-01
1.184630448386177481e-01
1.190767971917989360e-01
1.184656182422656190e-01
1.192317265324603776e-01
1.185325931286499851e-01
1.184609857104036990e-01
