7.950632648712562256e-01
7.967650500017156023e-01
7.964563899315195705e-01
7.962034782851907799e-01
7.960135330820876653e-01
7.956509603514099194e-01
7.973969063246019173e-01
7.964481980778486125e-01
7.965874233872707322e-01
7.975304488096800482e-01
7.960263194290688737e-01
7.968489532419809063e-01
7.960695225093441518e-01
7.957842459221811104e-01
7.962821642313728798e-01
7.965272468304063214e-01
7.968324744511214863e-01
7.956171799375745257e-01
7.979285164206899594e-01
7.965645324913088743e-01
7.965486280937723595e-01
7.977670748923475497e-01
7.963054365391699640e-01
7.961095481510560568e-01
7.968949518689404377e-01
7.968471847637232930e-01
7.959165469731197540e-01
7.960382049782044334e-01
7.976845231881963816e-01
7.962222658329042302e-01
7.959753386395480579e-01
7.958757152841067217e-01
7.963870376379555971e-01
7.965722072013148303e-01
7.970257418633550639e-01
7.954139428905866449e-01
7.970089079961448775e-01
7.970297107741410869e-01
7.963693673643457149e-01
7.966829607229690691e-01
7.966172142779666121e-01
7.958673535856171100e-01
7.977995973598652757e-01
7.967666908843489271e-01
7.959715687181820876e-01
7.966875487325106864e-01
7.959578654597471159e-01
7.964322151920335546e-01
7.956306764445153501e-01
7.971323156446625813e-01
7.956597349258524021e-01
7.956614067849157035e-01
7.966144995576882604e-01
7.970401366592596570e-01
7.956308045325961587e-01
7.962948661130774264e-01
7.966244387913887781e-01
7.965569502705514005e-01
7.971788484208464087e-01
7.956697084383459462e-01
7.955503668538275175e-01
7.962180987460660830e-01
7.967909535805253185e-01
7.960220916053981632e-01
7.961058802455922567e-01
7.980956475631013625e-01
7.962649315790497617e-01
7.966447004537315912e-01
7.958007141658435257e-01
7.960656858742294339e-01
7.969331094904867907e-01
7.971993359673489321e-01
7.961384202722501247e-01
7.964885263145863314e-01
7.979380785452419023e-01
7.963666686795900507e-01
7.973612491856105766e-01
7.968667574873734560e-01
7.961751402064183303e-01
7.968826297827250604e-01
7.967842698687059855e-01
7.959572870225111174e-01
7.966918478132203330e-01
7.957228700823967271e-01
7.971001868101477150e-01
7.960397613381759996e-01
7.971030448165099536e-01
7.972445472259046539e-01
7.958760368419672826e-01
7.958599405852651021e-01
7.966972199393742571e-01
7.962933659524122909e-01
7.973856279233300093e-01
7.957714966155586822e-01
7.977816356976956680e-01
7.957556450768403788e-01
7.952572054236078936e-01
7.961854064104214590e-01
7.956219566739386462e-01
7.958858585956093412e-01
