9.449098732341870699e-02
9.623501307895385160e-02
9.523014995466622112e-02
9.515924825041896518e-02
9.631856471250610507e-02
9.545463621293026613e-02
9.521054024688893613e-02
9.489991052344129430e-02
9.567911144592375350e-02
9.552005114756548232e-02
9.629993594744160057e-02
9.624216532784776734e-02
9.590013451473364259e-02
9.648987953068685619e-02
9.592238476747519393e-02
9.561140826245198565e-02
9.656893542492935023e-02
9.607732936441427951e-02
9.647097770844215159e-02
9.563469949148924176e-02
9.583750451982696317e-02
9.623576921055460032e-02
9.631251087151829204e-02
9.620121542425946748e-02
9.625623741605429662e-02
9.613555703095055804e-02
9.699779141130160376e-02
9.434610641353158300e-02
9.518318947142387354e-02
9.655292166863303771e-02
9.603319734111849526e-02
9.639178798063913201e-02
9.662491275437998239e-02
9.604536390028582671e-02
9.599176615682095126e-02
9.542706359654301584e-02
9.538921739143720047e-02
9.639040584125034561e-02
9.668019696758235748e-02
9.744448594810364850e-02
9.676133687571847330e-02
9.577601531675020152e-02
9.647157017018712089e-02
9.624163959888162867e-02
9.619541504464981796e-02
9.624947417920154402e-02
9.635064642645765898e-02
9.615882338439578347e-02
9.537137083430964613e-02
9.658109560442300345e-02
9.644255810745433477e-02
9.598313381251293019e-02
9.514798528164807034e-02
9.555806530089117068e-02
9.748210147888611288e-02
9.653524467755332517e-02
9.600850532106058877e-02
9.561193582020890980e-02
9.664920051281374047e-02
9.609885016489398690e-02
9.606290959065766355e-02
9.630393617675056528e-02
9.618879073577456251e-02
9.416004297301680537e-02
9.561056531514783297e-02
9.632881644105500962e-02
9.594796475740666186e-02
9.662106255236950492e-02
9.545369194606004304e-02
9.566293217464125198e-02
9.569138555361331178e-02
9.564253370023867440e-02
9.714016078846576807e-02
9.569733230738375340e-02
9.599459514121505554e-02
9.664269629231914127e-02
9.748449009201146098e-02
9.644456120786187858e-02
9.571890059901624892e-02
9.523384147692992574e-02
9.503038662588234042e-02
9.686987122405596451e-02
9.528583408300214663e-02
9.589165736971641540e-02
9.587892500838787746e-02
9.604988515933057802e-02
9.625020829339916983e-02
9.663858536681230182e-02
9.603109621532002205e-02
9.448845430458613359e-02
9.697779221844038400e-02
9.694205855295724705e-02
9.575963588378019753e-02
9.521698038683261422e-02
9.633946696173606439e-02
9.643265364050233879e-02
9.648163904734063934e-02
9.600375695143406607e-02
9.567569846344377293e-02
9.608504633926755190e-02
