8.293282961870855896e-01
8.316506034186935681e-01
8.309531434858914434e-01
8.309280270252397127e-01
8.318035023744406731e-01
8.311892984281552543e-01
8.315559272606913854e-01
8.308126486832743129e-01
8.316241965907712475e-01
8.307198451628878821e-01
8.314409265384603565e-01
8.304269119483023154e-01
8.309066008581885709e-01
8.305473515901202752e-01
8.300286787824571189e-01
8.308481904060154299e-01
8.318784609729377166e-01
8.310348637151515616e-01
8.305395920308991098e-01
8.318365169972830042e-01
8.313513260799165749e-01
8.328087413642910608e-01
8.304388652526435433e-01
8.315961727199117082e-01
8.312606658739666310e-01
8.327321257350830397e-01
8.318812677060475336e-01
8.311333997189354061e-01
8.307024615706255499e-01
8.311017409424221736e-01
8.307697302728196398e-01
8.315747062133257428e-01
8.312467177131288576e-01
8.314114631399004418e-01
8.314912927540142329e-01
8.314491055658195240e-01
8.314180158498534201e-01
8.316120109525642068e-01
8.295691187198156458e-01
8.308904780546311208e-01
8.306344873796638328e-01
8.316615728121612428e-01
8.303918870806965558e-01
8.315505942668938166e-01
8.304202332798134023e-01
8.307049808909194866e-01
8.300246989402895181e-01
8.301248206836437937e-01
8.303125076698858464e-01
8.313177862686520481e-01
8.306470599759021578e-01
8.322113447592595081e-01
8.310238962526119710e-01
8.308704673392641737e-01
8.304930543544996047e-01
8.308456479847922127e-01
8.310133895945603921e-01
8.315546294393908466e-01
8.316034216222718545e-01
8.308032958006479340e-01
8.307157701557766893e-01
8.308618414877030345e-01
8.300488561601421234e-01
8.320474256232162080e-01
8.317218359055056354e-01
8.310460134393784504e-01
8.310602590983777738e-01
8.307852760881928589e-01
8.311852323196178283e-01
8.305238106261663145e-01
8.317219053434641296e-01
8.320901963148259473e-01
8.320707615364858478e-01
8.319069261855785991e-01
8.313528098427502844e-01
8.320549989111367672e-01
8.321418831391287352e-01
8.309654381236124543e-01
8.307134561426923192e-01
8.318396429467003195e-01
8.306154390524480569e-01
8.326824353731623329e-01
8.316975435673559236e-01
8.306762868719155257e-01
8.311968227468607973e-01
8.308183579114534201e-01
8.306095745884106707e-01
8.331116233485569289e-01
8.299275725856456454e-01
8.320008961568809980e-01
8.312249139929051012e-01
8.323021440453430841e-01
8.293403338138969350e-01
8.329587355580055918e-01
8.315183575916431646e-01
8.320487581454263371e-01
8.305457192303320468e-01
8.312882811135507977e-01
8.327333037920927605e-01
8.316792847513109210e-01
