1.250975551105820982e-01
1.259923512040921900e-01
1.270180172247094563e-01
1.258643041027575626e-01
1.248402056263148707e-01
1.254814774295737456e-01
1.250250002784256964e-01
1.248387748313150858e-01
1.266004817328091059e-01
1.255440653693023489e-01
1.252504926238761085e-01
1.258888571674541546e-01
1.255547461653723773e-01
1.257358018128137411e-01
1.251989084167660915e-01
1.258637936415590575e-01
1.266861704702681446e-01
1.253316548910700101e-01
1.257531159276600308e-01
1.258479197582341169e-01
1.251559215147948212e-01
1.257877904995534091e-01
1.257375446164220589e-01
1.270916720462746397e-01
1.247226914505911582e-01
1.255448545817001715e-01
1.269758015019629149e-01
1.255380785256361709e-01
1.256305291167762461e-01
1.259733825275388686e-01
1.254072726212428490e-01
1.246325309728941733e-01
1.262946416070129252e-01
1.251682855438555619e-01
1.255298790655089980e-01
1.251103850628522141e-01
1.273834760461793891e-01
1.253937382526471023e-01
1.267752449435287088e-01
1.255175488205752810e-01
1.268530419925840425e-01
1.252323365158150292e-01
1.254856326898271535e-01
1.262810631152582186e-01
1.257211243033246051e-01
1.264421476733817995e-01
1.259391887176293245e-01
1.264095512872290550e-01
1.253050472821130024e-01
1.254018127947573169e-01
1.268060367774802022e-01
1.261541804686938661e-01
1.251871501993604696e-01
1.250586433162530486e-01
1.263160756734177381e-01
1.255333420333161198e-01
1.255253595947133372e-01
1.257369533601141454e-01
1.265875188541201180e-01
1.258345284883088389e-01
1.255259915676053273e-01
1.256455748875293377e-01
1.265585800849494125e-01
1.261161617879891506e-01
1.258383888583258781e-01
1.250629443023855980e-01
1.246928060064416421e-01
1.261949985498427851e-01
1.249420914623352863e-01
1.252423326114693314e-01
1.256925979896875711e-01
1.252931383225466822e-01
1.247300122902256503e-01
1.261007113341928720e-01
1.260885150874249405e-01
1.251541266537290475e-01
1.265816049829245893e-01
1.263549301323478313e-01
1.251642497405767718e-01
1.249852249217298650e-01
1.255322320504445588e-01
1.258240859977926562e-01
1.254641644169317560e-01
1.253467911998552564e-01
1.261359149599997620e-01
1.265238406994776410e-01
1.256239262113297561e-01
1.259435835322610941e-01
1.251327428001270947e-01
1.245884205564073421e-01
1.244905890142838922e-01
1.246761193436314724e-01
1.247589027460767885e-01
1.254656469099583727e-01
1.246985961357737066e-01
1.250895789080860854e-01
1.253484477614025261e-01
1.263433148330865841e-01
1.264729983289715476e-01
1.261306619142614494e-01
