8.411571966117528110e-01
8.403805925595022597e-01
8.406502665677695330e-01
8.414988644387035865e-01
8.403377196079986344e-01
8.419030761502233062e-01
8.407849621662653039e-01
8.410917777707629384e-01
8.408531895754087770e-01
8.415673938909491447e-01
8.412878624208312006e-01
8.420725615192286018e-01
8.417301530843283031e-01
8.426266121881429427e-01
8.412945245966729768e-01
8.414420543180938239e-01
8.426169242687033822e-01
8.405235087419784534e-01
8.407179554621841966e-01
8.414576784473920545e-01
8.412432216109607674e-01
8.407439855964859987e-01
8.410430036492232420e-01
8.410576292367080153e-01
8.424104458655325978e-01
8.411313547456362727e-01
8.420757855997907937e-01
8.408875422633499408e-01
8.407385183644562332e-01
8.409191636639926637e-01
8.411472491822054032e-01
8.411591323242291196e-01
8.405319831406490305e-01
8.420787552249716645e-01
8.421611291126710475e-01
8.408226013131669951e-01
8.409476409481657644e-01
8.424259882586501158e-01
8.416167344635631098e-01
8.424648551710869349e-01
8.422964921935145455e-01
8.416978906312064801e-01
8.413750417367253931e-01
8.416698748116553386e-01
8.419349969842093717e-01
8.423817981025011337e-01
8.440380562308906764e-01
8.409901952033546069e-01
8.421134694360897788e-01
8.416236165505671663e-01
8.413634980909929784e-01
8.407339170383985039e-01
8.412491547513493151e-01
8.414972831775520135e-01
8.420674684623319362e-01
8.418251804689963480e-01
8.418813663179398610e-01
8.420182066310926139e-01
8.408352674557242334e-01
8.426873173869151579e-01
8.414624527253946606e-01
8.414334548146606974e-01
8.396603266503108731e-01
8.416706557173929681e-01
8.412003850336722266e-01
8.411713023826778990e-01
8.406808195901744885e-01
8.427363811226149526e-01
8.410778218001728757e-01
8.417970679213766516e-01
8.410093038892980655e-01
8.420302574138180951e-01
8.429298074119755402e-01
8.412045557944299867e-01
8.401936617091174675e-01
8.416683343929651784e-01
8.420074983996856943e-01
8.419373577910458373e-01
8.405824993879150719e-01
8.415224864429249330e-01
8.414938219193281999e-01
8.402750753228239722e-01
8.421030977796886141e-01
8.416694080738779116e-01
8.422119134506351745e-01
8.412325749479938608e-01
8.414702398214745083e-01
8.407289730805165284e-01
8.421642851810005048e-01
8.418110436350930703e-01
8.394150383965811590e-01
8.410941191686618357e-01
8.410264833094998060e-01
8.414074460062062055e-01
8.411662117173749342e-01
8.412923875894096071e-01
8.404034328241499763e-01
8.410280138205121769e-01
8.406722726808623092e-01
8.418022076917914820e-01
