2.412952290880216455e-01
2.407276366706274096e-01
2.423010441513942792e-01
2.425143671699863113e-01
2.437548739463029634e-01
2.419914394519879497e-01
2.422413341764738104e-01
2.419901426686695556e-01
2.426437722106437600e-01
2.427578974889768593e-01
2.424844307240935359e-01
2.426136303594645660e-01
2.423664128653570948e-01
2.423191304304863625e-01
2.422317151186157702e-01
2.412162914915559064e-01
2.426999379378796395e-01
2.430009510717315857e-01
2.423485577446516381e-01
2.421274142620393754e-01
2.415793990172052097e-01
2.418295754324318869e-01
2.425579508941340390e-01
2.417844556466069994e-01
2.408411500228330726e-01
2.423292324833638545e-01
2.414785465876783110e-01
2.425249310113596901e-01
2.421668853061402504e-01
2.421354699857833637e-01
2.422498546884613857e-01
2.413062122979265367e-01
2.408469889926051488e-01
2.412588102089323061e-01
2.421497634337747840e-01
2.423660832939693310e-01
2.422513072823929969e-01
2.421867956674687572e-01
2.420501658273818135e-01
2.439310713226014449e-01
2.418848019302809738e-01
2.423323374853224577e-01
2.429953818163698709e-01
2.426137956365853887e-01
2.417868981511417659e-01
2.414829843936150133e-01
2.421357377843850744e-01
2.418687928241793905e-01
2.425051954983803992e-01
2.426590048594001736e-01
2.422812648197797958e-01
2.435541807156903771e-01
2.423497738443390059e-01
2.420635385451108124e-01
2.428353948396175521e-01
2.432398905869479488e-01
2.424297813396062429e-01
2.434570729336327788e-01
2.425857087772288756e-01
2.429026425439164694e-01
2.428801743555197290e-01
2.431335443469584967e-01
2.423337982055450701e-01
2.422518548529102311e-01
2.420310113619322800e-01
2.413404485101681984e-01
2.420398296390505188e-01
2.413470239784796800e-01
2.423742252133175845e-01
2.425171501313684030e-01
2.417268035405072957e-01
2.426909803069535743e-01
2.423563655387982740e-01
2.419277909812863614e-01
2.418981568213061928e-01
2.428822898013195397e-01
2.419855523706781475e-01
2.418411904109994404e-01
2.426999729166290365e-01
2.415213246497748545e-01
2.425511962920290920e-01
2.422019741193085773e-01
2.415001460026729441e-01
2.417566439382525523e-01
2.421821700670000743e-01
2.431140930090278651e-01
2.421923586982236976e-01
2.419494439939357810e-01
2.430747583268146883e-01
2.407227278790079750e-01
2.425369133733829008e-01
2.410507677587648834e-01
2.425595380402628676e-01
2.419077123534993101e-01
2.420086699456638069e-01
2.432910968142632524e-01
2.432987217743906305e-01
2.422039728468419195e-01
2.411672544701324583e-01
2.420566215800848964e-01
