5.616905268784330718e-02
5.732507432609148385e-02
5.727313414224300542e-02
5.729255242492521660e-02
5.733031145646260568e-02
5.732147672325288434e-02
5.729015499711075099e-02
5.664992831911704052e-02
5.679348303323049352e-02
5.699299542776423838e-02
5.719853278068640079e-02
5.685663087845707619e-02
5.639569739970891338e-02
5.725520612570870332e-02
5.647663940042473019e-02
5.774260146028700746e-02
5.694298972164474337e-02
5.646531158780428161e-02
5.577065275512204517e-02
5.572006510582992733e-02
5.754956662693501424e-02
5.609319020766656561e-02
5.690422521173359865e-02
5.651521012297866520e-02
5.692627072609699607e-02
5.600154660703351300e-02
5.700542895297025514e-02
5.634582697868693868e-02
5.695544236133010668e-02
5.700258545562322809e-02
5.700777987099379940e-02
5.661667297310559593e-02
5.634010934912153656e-02
5.705726984910650806e-02
5.669867334297349487e-02
5.632986322824348052e-02
5.701581014300816097e-02
5.674955248174445854e-02
5.697708175010297860e-02
5.668022753810379039e-02
5.742299205386473121e-02
5.722068008849173076e-02
5.770990872031804553e-02
5.763209588639707504e-02
5.681423502707386164e-02
5.615382374225956486e-02
5.779777061276059752e-02
5.559598032016723618e-02
5.666563622597034500e-02
5.723464591719547301e-02
5.600972667933399457e-02
5.604210044241147992e-02
5.629155271315443299e-02
5.696730209090217212e-02
5.750706827008150029e-02
5.744088343572327504e-02
5.693525548234334988e-02
5.658823352025771358e-02
5.682516927155019382e-02
5.679048870443575980e-02
5.626216553287316513e-02
5.693199779730054311e-02
5.704013077779049312e-02
5.656083215481885057e-02
5.601144002296121194e-02
5.700000167924543226e-02
5.687997760004202125e-02
5.680250500329998842e-02
5.651289977861100045e-02
5.522019459323929125e-02
5.592241696962471642e-02
5.716338624611512487e-02
5.603706149185215535e-02
5.794570316297383006e-02
5.693996103365643602e-02
5.676314890214045894e-02
5.704664108841465964e-02
5.659348391656988247e-02
5.651460330290342116e-02
5.648535170941432204e-02
5.655617028225555509e-02
5.657521691820056875e-02
5.661217157762139102e-02
5.680847618921398834e-02
5.679774559342599949e-02
5.722159726880220870e-02
5.697712703866326944e-02
5.596080062717098680e-02
5.680606082871490770e-02
5.724477497228505629e-02
5.690004578151030418e-02
5.672360448717048143e-02
5.723191743734659664e-02
5.692822557913501669e-02
5.672339379352592248e-02
5.686613391761881353e-02
5.630686826193712080e-02
5.607865529690771872e-02
5.722251360925236646e-02
5.689741115752644518e-02
