2.723815697875991981e-01
2.734638414452079669e-01
2.731156967191624707e-01
2.731938337939437966e-01
2.733873113199301041e-01
2.735828849811620112e-01
2.725906607233620216e-01
2.732422486089831071e-01
2.736736105248017692e-01
2.736040827601889935e-01
2.735367846618304011e-01
2.732331502176024718e-01
2.720292963247884499e-01
2.731548528019733801e-01
2.745577909300215835e-01
2.735955977402954598e-01
2.734952118680412103e-01
2.730965778243518716e-01
2.733728575169512287e-01
2.733987926406572511e-01
2.732552491508379866e-01
2.731023636771114926e-01
2.729828327246932029e-01
2.727844281539015814e-01
2.734444370077688258e-01
2.718261624510148189e-01
2.740764281381185552e-01
2.735944435871560665e-01
2.732329340776631921e-01
2.727329716189518249e-01
2.735915374215520668e-01
2.728912933438256139e-01
2.728261202144020570e-01
2.740097066746124965e-01
2.731272801734375699e-01
2.729457670524544910e-01
2.736647331768569114e-01
2.743444247142264869e-01
2.728345363870381401e-01
2.732502507138896974e-01
2.730214120129497157e-01
2.730301797293434585e-01
2.734437056768760366e-01
2.742238650407057277e-01
2.728266555567235296e-01
2.731899614252459862e-01
2.730543950058832992e-01
2.734011586779465097e-01
2.728592594909321489e-01
2.726112157288577142e-01
2.732741432440524143e-01
2.722577780373796053e-01
2.725222966797906654e-01
2.742639110258293655e-01
2.737735398500175110e-01
2.737256249038376166e-01
2.738373997496301726e-01
2.732062127606997848e-01
2.731627025702784151e-01
2.727066225937408994e-01
2.728725816444057539e-01
2.733882302951763377e-01
2.734746779016781204e-01
2.733391890110565825e-01
2.728068055611593268e-01
2.725815057291743337e-01
2.726887020792364558e-01
2.721943890809381816e-01
2.725256007062671904e-01
2.742874503791136176e-01
2.734378215788448863e-01
2.729476206758454926e-01
2.725891599409949739e-01
2.734902982866877497e-01
2.739452882160983149e-01
2.729976961751587883e-01
2.730980539973976717e-01
2.734059735556251258e-01
2.732856733228193336e-01
2.740565766821220217e-01
2.723883235946208958e-01
2.720364997210088509e-01
2.718142670607235356e-01
2.735099573343311996e-01
2.740553369221018221e-01
2.732203874280637601e-01
2.733446486881813686e-01
2.741894599502001095e-01
2.736810201202156123e-01
2.731061652117402483e-01
2.741742216892504302e-01
2.746071605979809038e-01
2.743470115547987920e-01
2.739679803570426730e-01
2.733843839431764899e-01
2.723884044984249964e-01
2.725347057023591590e-01
2.731137914743221318e-01
2.740011361629496878e-01
2.736040064306443087e-01
