9.940413121914151162e-01
9.948741968234583455e-01
9.950002031494979970e-01
9.959981401764308462e-01
9.942959398197559473e-01
9.947993522201934447e-01
9.944998217520697459e-01
9.957118256717865101e-01
9.950254738729799042e-01
9.952037714504077259e-01
9.951263659818934126e-01
9.950446556444931812e-01
9.956926739538515259e-01
9.946371319109976739e-01
9.954164101217730654e-01
9.941052855485973394e-01
9.944924519652936779e-01
9.945948241885685936e-01
9.957373167166916339e-01
9.948032970280966669e-01
9.947703567755810106e-01
9.946810535840855394e-01
9.958522788494633682e-01
9.951507844199205532e-01
9.937382807415515718e-01
9.940012955801592609e-01
9.954300222779814966e-01
9.954577619175494219e-01
9.960265966025290130e-01
9.959005691525602000e-01
9.953501156172692710e-01
9.947874666389564524e-01
9.947651711896685622e-01
9.933105334435489153e-01
9.949369987770450008e-01
9.951912187498701545e-01
9.956176493637214353e-01
9.956162769118328537e-01
9.948568582703803953e-01
9.948549456892853415e-01
9.955113195520353120e-01
9.943102351816459628e-01
9.941966146200724719e-01
9.959286931167186108e-01
9.951823437128513028e-01
9.954953283112265572e-01
9.956306424429015589e-01
9.946397489333060893e-01
9.948686316827251019e-01
9.957334809821611898e-01
9.956865386998895451e-01
9.950880622312285873e-01
9.953845636260085783e-01
9.961191028876870135e-01
9.960981816060940908e-01
9.954014679848124381e-01
9.941603594596550852e-01
9.959342690818330235e-01
9.950920677703756212e-01
9.947926147963034316e-01
9.944432557080356005e-01
9.943942763708898402e-01
9.956900344397437985e-01
9.957199654750596984e-01
9.952500057441455716e-01
9.963686497347409299e-01
9.947032084994917867e-01
9.958565213233581126e-01
9.954325526286095238e-01
9.947826156100606498e-01
9.954846981773104453e-01
9.946909699545305461e-01
9.949620202155863291e-01
9.951633603087460811e-01
9.942869970086896103e-01
9.949072629141890722e-01
9.950158000104230016e-01
9.951534292059291964e-01
9.955041802057593703e-01
9.942321945426300100e-01
9.966311614778299299e-01
9.955630946274640625e-01
9.945313264094881589e-01
9.945271851276373809e-01
9.942077407456838545e-01
9.944144914179957606e-01
9.959347541119494274e-01
9.954224161971221285e-01
9.953449116372217187e-01
9.961205858750490361e-01
9.952769518924057257e-01
9.945261605277058159e-01
9.942565066484863046e-01
9.956671354930552997e-01
9.958390766249095583e-01
9.948018916641635512e-01
9.948716585287026293e-01
9.948857306727586503e-01
9.946439784419257579e-01
9.942486781752030156e-01
