3.152169867028670747e-01
3.166706256539397191e-01
3.172808791540940310e-01
3.163745086888851143e-01
3.172670459039031998e-01
3.167251830468539864e-01
3.170753083337514155e-01
3.159452304119108046e-01
3.168272034118378988e-01
3.178567387917994869e-01
3.168279658777580221e-01
3.183749390452488282e-01
3.175468377941659814e-01
3.176845428740867616e-01
3.167199051187499226e-01
3.175121723279106245e-01
3.166858459028722983e-01
3.176914429949196927e-01
3.172796916682284474e-01
3.168321121230807114e-01
3.180682835440210576e-01
3.187395971032339070e-01
3.173449910002353325e-01
3.188599955719451651e-01
3.173453812047640210e-01
3.167022574466545892e-01
3.182818307007784231e-01
3.174977130892266963e-01
3.175643732747058801e-01
3.172947356200136459e-01
3.165913196488729375e-01
3.166965313989095754e-01
3.169993223584025577e-01
3.175059154487478996e-01
3.173695779891451130e-01
3.177288072096596805e-01
3.175535540827842396e-01
3.166003428532963571e-01
3.166619525495582010e-01
3.173998732060564487e-01
3.173563170701130254e-01
3.182161273301085114e-01
3.184958834085602764e-01
3.169951106218275583e-01
3.169043768363025149e-01
3.173986488044264198e-01
3.165042667598582105e-01
3.178816785369925624e-01
3.165283346941524245e-01
3.172411879838505366e-01
3.184227623785473860e-01
3.180965873685503986e-01
3.170202785329229722e-01
3.159870162056741538e-01
3.178313407277847391e-01
3.165693230921419743e-01
3.179299497105486649e-01
3.170527832695695936e-01
3.175167965734342346e-01
3.174276156535292825e-01
3.178231401565327907e-01
3.163679459858674825e-01
3.168235651184048152e-01
3.175679562996228666e-01
3.167076297498834236e-01
3.181340526712970185e-01
3.172310774178812021e-01
3.186691839392826742e-01
3.170049948066354650e-01
3.174605283859890381e-01
3.166144391222506238e-01
3.169340945127427922e-01
3.175910961767688390e-01
3.178965037979011310e-01
3.161665722899869024e-01
3.162657816426482915e-01
3.166424651067322182e-01
3.159826961768412157e-01
3.170353443988728759e-01
3.173042765890494721e-01
3.178252631245501725e-01
3.174185511536861681e-01
3.168710396700982757e-01
3.174772858758030392e-01
3.173229231345082169e-01
3.176134558429000720e-01
3.180934148323676380e-01
3.179105621280444161e-01
3.175529397720212588e-01
3.179739271146762025e-01
3.171075729906447371e-01
3.171619221281667400e-01
3.173548741955614649e-01
3.168265547342609123e-01
3.173165423834881094e-01
3.171434843945154514e-01
3.178165630973171507e-01
3.173102210084311481e-01
3.175355265551054185e-01
3.172355596907225905e-01
