9.614838407164486567e-01
9.629779729755558737e-01
9.625589791626368852e-01
9.625238570486884804e-01
9.616857579646631571e-01
9.636045602792810971e-01
9.627963366239459253e-01
9.626556557431324990e-01
9.630932363613475822e-01
9.632172947922159612e-01
9.633275699035837025e-01
9.620096336429408979e-01
9.626528756044627766e-01
9.621841440775036336e-01
9.624728214194031573e-01
9.621152903659712097e-01
9.628589907036566586e-01
9.626438442850850929e-01
9.629226614090018455e-01
9.628045842859696002e-01
9.619531645185448454e-01
9.634122371411002472e-01
9.628170043576766979e-01
9.629661021637259122e-01
9.628774716445990256e-01
9.623022789795894205e-01
9.624959158676523741e-01
9.618106956046615919e-01
9.624591359417111747e-01
9.623655149000264197e-01
9.627439902124694804e-01
9.639203937516935827e-01
9.622196501760293952e-01
9.619240772051944610e-01
9.622534500813052505e-01
9.614741292882194035e-01
9.634241290155842741e-01
9.625004024110312972e-01
9.621308237259301732e-01
9.630615422474623211e-01
9.625746469487909129e-01
9.620078469348730676e-01
9.626320707392341802e-01
9.629673397028830628e-01
9.618737233221528182e-01
9.628444330418111097e-01
9.631786288160171239e-01
9.623074032579914672e-01
9.635849984853042116e-01
9.630058160518117916e-01
9.625800296573696624e-01
9.616599050141385607e-01
9.617469723299247875e-01
9.624481439172337671e-01
9.629357638518665219e-01
9.622894991224300032e-01
9.618010933901990356e-01
9.629077873770605089e-01
9.625359232772427998e-01
9.624688670167302895e-01
9.610155088702627690e-01
9.627617380359928534e-01
9.626375560546498455e-01
9.633516888802947653e-01
9.619423529335215939e-01
9.623036139051907023e-01
9.635314772392332694e-01
9.633564040447893939e-01
9.625552620211016430e-01
9.614958270026852105e-01
9.624613857142101381e-01
9.615357343657631173e-01
9.636774095371548610e-01
9.630845036380073498e-01
9.632160658222264082e-01
9.613704898915494956e-01
9.626627081615217740e-01
9.624023441836204729e-01
9.624944387281175739e-01
9.629457203580880087e-01
9.616311898018307103e-01
9.626787729702970253e-01
9.627000636093767660e-01
9.630365440333088500e-01
9.628450138270543412e-01
9.623664680269630178e-01
9.629649447347019553e-01
9.632225356905318447e-01
9.623978523910988736e-01
9.619938015350129046e-01
9.621667889011563668e-01
9.626916294501906002e-01
9.621006470521502596e-01
9.619473984682487266e-01
9.627823410043068186e-01
9.632842088280890724e-01
9.632449894281791547e-01
9.619477288161115691e-01
9.628009621605617685e-01
9.635662002095966017e-01
