6.959324768583454723e-01
6.962877287783277858e-01
6.959064125699496728e-01
6.965801817975928456e-01
6.959484469378938165e-01
6.961152614688821405e-01
6.960246904227730402e-01
6.971920652730109191e-01
6.972776156939350933e-01
6.958700747977686341e-01
6.965987724098070544e-01
6.961513228637574713e-01
6.965816954636819824e-01
6.971060619453661733e-01
6.956982930385833264e-01
6.960317515019022183e-01
6.959138910436630798e-01
6.959769963177629970e-01
6.973192537501264887e-01
6.965613694970598235e-01
6.967229311441200945e-01
6.964350797607546939e-01
6.956154383497807903e-01
6.975794750656680865e-01
6.961010535879010863e-01
6.962099992656375358e-01
6.960868361315755148e-01
6.963489529341977402e-01
6.965108365894591147e-01
6.962691919556014408e-01
6.958012242103959188e-01
6.961951896654279270e-01
6.962702476994295786e-01
6.965133875618521042e-01
6.959139459318197662e-01
6.966001897168150325e-01
6.976709680931394431e-01
6.963651790103878580e-01
6.966783149553568144e-01
6.958436210622841456e-01
6.953832267335873230e-01
6.963936194794175805e-01
6.961202054248891713e-01
6.966531383259568777e-01
6.972505221327458536e-01
6.958544305465941271e-01
6.957354551466350401e-01
6.967491282209721248e-01
6.965143097670727368e-01
6.968244713174887028e-01
6.959411455090163123e-01
6.964250845213456609e-01
6.957179257315452281e-01
6.969910327394988059e-01
6.963306650467528947e-01
6.968566845012365008e-01
6.963381521836157217e-01
6.965100063246103534e-01
6.971881422075492107e-01
6.963856023763184133e-01
6.967645621915565801e-01
6.953417741300446098e-01
6.971057380356446842e-01
6.973898129140011504e-01
6.956088746533459766e-01
6.959888287426347908e-01
6.960030543267220482e-01
6.961906330445957192e-01
6.963452458523048394e-01
6.973143323803931981e-01
6.969682040091105257e-01
6.962476083518346348e-01
6.958572611117387341e-01
6.963124022566788973e-01
6.972824750214977607e-01
6.954001998435870302e-01
6.967084751720638014e-01
6.962850981856587573e-01
6.968667431635970910e-01
6.963568356110412250e-01
6.963732533047627404e-01
6.969255299620031874e-01
6.959771022162097864e-01
6.977727115176397543e-01
6.969495807714465307e-01
6.967511302240287918e-01
6.972660468348346186e-01
6.966994405247031175e-01
6.960763110406380516e-01
6.957888246837349300e-01
6.952003698598476777e-01
6.960106250634481295e-01
6.958786546647135474e-01
6.972330318098830526e-01
6.971014906002475087e-01
6.971067434690632059e-01
6.958325953207873393e-01
6.965410583265194688e-01
6.970876832655957811e-01
6.966475656999753241e-01
