8.672304626936626626e-01
8.685416568126509418e-01
8.671475422836929514e-01
8.682653683140552081e-01
8.687776510509925831e-01
8.693201756385411372e-01
8.681923738006518398e-01
8.689710312083093191e-01
8.689272087010284640e-01
8.692054384666225708e-01
8.686748897972349504e-01
8.687134218702849964e-01
8.676744827102286228e-01
8.680045148509012432e-01
8.691498962710466625e-01
8.689921085069307605e-01
8.688382395924407753e-01
8.680206632940624667e-01
8.667771313964673929e-01
8.680446547779303579e-01
8.688279190337522273e-01
8.687288919120996766e-01
8.680816498201684439e-01
8.678245039706573571e-01
8.680044338159168538e-01
8.679908267274929479e-01
8.690505236547002577e-01
8.686180014391058357e-01
8.690170192293023010e-01
8.686412978407133112e-01
8.684414731988916447e-01
8.703449153515958603e-01
8.695314696815712452e-01
8.694025652681204308e-01
8.683784436022852216e-01
8.680647386565949475e-01
8.685798610860084867e-01
8.687890230190749019e-01
8.696241881672666096e-01
8.691247368613026492e-01
8.691333461421593132e-01
8.697830837828779416e-01
8.686862818880705106e-01
8.697970847674809658e-01
8.700893548536384747e-01
8.699345460469287694e-01
8.684903561112080617e-01
8.681195478702046220e-01
8.674709349156912719e-01
8.677705756852576169e-01
8.685143931975276566e-01
8.687319649545345301e-01
8.686282465925827534e-01
8.697014844585965188e-01
8.673626539663303880e-01
8.686714548433978056e-01
8.692830612985380512e-01
8.686129797486716875e-01
8.687408328629384613e-01
8.672250029812540451e-01
8.684487745941495973e-01
8.683932014876012406e-01
8.696064160332616089e-01
8.676563497951446102e-01
8.685903139667714434e-01
8.683262721019304742e-01
8.682697755942547779e-01
8.681153496947888737e-01
8.684937852886842613e-01
8.685106974352467812e-01
8.683732503494335786e-01
8.678651306416456102e-01
8.680458769678627284e-01
8.672943262481576099e-01
8.689771034338725775e-01
8.693036084866017088e-01
8.675266580767764246e-01
8.688752767776792840e-01
8.678333859515376947e-01
8.694193474207412287e-01
8.690246811047905862e-01
8.694189706269717099e-01
8.685567448531481549e-01
8.687518136179042116e-01
8.679323077126012143e-01
8.676555426922942793e-01
8.678922683092713530e-01
8.689597843951717415e-01
8.676458808536651190e-01
8.699812550785290810e-01
8.692672061095912950e-01
8.698717717395521021e-01
8.690961239317713805e-01
8.678943062868276215e-01
8.691155275600792596e-01
8.682631649975581789e-01
8.688158515359185596e-01
8.701405857784887399e-01
8.699497769199597830e-01
8.687017349903578545e-01
