5.653860649913278191e-02
5.838794688090523377e-02
5.711376601779710044e-02
5.786726101248575171e-02
5.703445139160744082e-02
5.620204745904582022e-02
5.690010104346586439e-02
5.827592129688968087e-02
5.847549839067551353e-02
5.754901956097516202e-02
5.765443573951134493e-02
5.771316736738651976e-02
5.757526505305578246e-02
5.746577716827803994e-02
5.754847652641868760e-02
5.649189447988358509e-02
5.759295105434439344e-02
5.820921062050089800e-02
5.790330823685038708e-02
5.688046984985446752e-02
5.802046768642048213e-02
5.802725055216825800e-02
5.723176974845339826e-02
5.684202059072953478e-02
5.792135868030524187e-02
5.786828215565370526e-02
5.744824718033380434e-02
5.754602041393647865e-02
5.717505172584621403e-02
5.679561380665973380e-02
5.767674219635120225e-02
5.787334641430644938e-02
5.701121522665494185e-02
5.841264608579477963e-02
5.792040201844611547e-02
5.833387069085371052e-02
5.727922991719899826e-02
5.731312861426220151e-02
5.728524658728547519e-02
5.827305336718286571e-02
5.924815775975411647e-02
5.691488566126597093e-02
5.776883205619637307e-02
5.800715972805844944e-02
5.797327442990492241e-02
5.865990695663900190e-02
5.721186938819443346e-02
5.758366289379832775e-02
5.831410939379758074e-02
5.667413927387439376e-02
5.757251843515853729e-02
5.781513214108464915e-02
5.846517323284244894e-02
5.923657752682458255e-02
5.800117812218485991e-02
5.767904894008264033e-02
5.745264043743415761e-02
5.714521840553394433e-02
5.786935288663765109e-02
5.666702807456804047e-02
5.902672570552229547e-02
5.850026239488638480e-02
5.693858184752366436e-02
5.610081213184917037e-02
5.776208233776960327e-02
5.769742530312031714e-02
5.824667911842001944e-02
5.769532020645214143e-02
5.883672711272235067e-02
5.744517367577309241e-02
5.851171466880610017e-02
5.807324248184340953e-02
5.848315669662595973e-02
5.763691363882589291e-02
5.786633979963125285e-02
5.771646827367040572e-02
5.813567087312784126e-02
5.799169134866746789e-02
5.842037181466330775e-02
5.784937980455796824e-02
5.776951386347089351e-02
5.750915212969204271e-02
5.704270600021860149e-02
5.892056628954508990e-02
5.780666275183146685e-02
5.838476773582108176e-02
5.829968228009923398e-02
5.697413369080063517e-02
5.711861930945505428e-02
5.697009927215135328e-02
5.736803957390633479e-02
5.756850822962762682e-02
5.872430609711333516e-02
5.791638198796712766e-02
5.706744363591256808e-02
5.768623715918639455e-02
5.888040536807015446e-02
5.872342464645269322e-02
5.682290113182798114e-02
5.788116198008604052e-02
