7.066113924210446484e-01
7.070113276355542986e-01
7.073649715874978927e-01
7.080462953440207485e-01
7.074038622698847201e-01
7.079304261669034926e-01
7.077579151392365819e-01
7.081648599034314762e-01
7.076255400290045738e-01
7.066018906060241855e-01
7.063214426926365253e-01
7.080268005946881438e-01
7.070540018867642607e-01
7.087278503660614515e-01
7.077569199114887022e-01
7.078606999284388079e-01
7.074949186662190526e-01
7.076782692216032622e-01
7.075963829810603123e-01
7.083583339442839355e-01
7.070649110829794193e-01
7.081681375925248378e-01
7.077311344255540204e-01
7.067057813546566702e-01
7.077182272881687997e-01
7.074610683958919566e-01
7.085472437868217677e-01
7.069859780901991408e-01
7.079780561024247021e-01
7.081091247979924841e-01
7.074216585777497457e-01
7.080076855081313125e-01
7.077540971914687562e-01
7.074538624288404520e-01
7.069378099560992279e-01
7.066163530974292062e-01
7.075297077918915045e-01
7.075304087813063525e-01
7.081084417244877249e-01
7.073570362211721863e-01
7.076707461024798196e-01
7.072172117802204561e-01
7.073250158079957828e-01
7.073480577274274816e-01
7.066477839713948272e-01
7.068800763005438359e-01
7.068998010850584546e-01
7.074855533385576711e-01
7.079717178920557075e-01
7.081705826826347749e-01
7.082871168378703786e-01
7.067442855950856195e-01
7.074030930737522649e-01
7.078552686653669657e-01
7.081459551447796263e-01
7.067256650420327135e-01
7.071366688386793165e-01
7.069526093151221602e-01
7.073648986159173369e-01
7.085345312082530489e-01
7.077214265854456787e-01
7.078026457374163583e-01
7.075966768139430041e-01
7.078334968816335504e-01
7.091178783401776986e-01
7.075961225241332864e-01
7.084890615359009658e-01
7.087877459236602284e-01
7.078187558334692042e-01
7.084390702853606836e-01
7.073393400328938929e-01
7.085060106604266217e-01
7.073537940470935315e-01
7.077549679133406935e-01
7.073631863331709679e-01
7.073445962494639971e-01
7.081675884440188362e-01
7.084145813639126654e-01
7.079230951248716153e-01
7.070405689084025003e-01
7.062515149236645584e-01
7.080016941973430455e-01
7.071063526461329740e-01
7.073388649731311428e-01
7.076006169789659239e-01
7.069061561691848405e-01
7.079695164927377604e-01
7.071767413521090617e-01
7.082091470564861879e-01
7.064771258710517143e-01
7.059160797876309346e-01
7.078340182597122610e-01
7.077072356481450832e-01
7.078392505181775318e-01
7.077873189316586933e-01
7.067795774177716428e-01
7.086178553547154424e-01
7.079870884253158803e-01
7.073875143725919523e-01
7.081047876757664561e-01
