8.885209474766129212e-01
8.897366146726792824e-01
8.899672915988849908e-01
8.874929441404830754e-01
8.890870604651150977e-01
8.899317451503886423e-01
8.891994748202949328e-01
8.895297311693742826e-01
8.886880635793417138e-01
8.895045625075262974e-01
8.898491308040616943e-01
8.905413195452112074e-01
8.892556377646965160e-01
8.883307069776689158e-01
8.887991794378649058e-01
8.886807813984504145e-01
8.902541289758623133e-01
8.893509617498340791e-01
8.886842911359110753e-01
8.879726109862724481e-01
8.884688040262311848e-01
8.899698813987245716e-01
8.893298135031789675e-01
8.896017019619204547e-01
8.898974256053592269e-01
8.888974865218920440e-01
8.895729771914352435e-01
8.885822677546014736e-01
8.883018669765516684e-01
8.890481822532094736e-01
8.887842579819873468e-01
8.881627619158107834e-01
8.888483345089621679e-01
8.884626874383589890e-01
8.899390984511996727e-01
8.896297146181579851e-01
8.889487796994410829e-01
8.887113892818714334e-01
8.881243210498310781e-01
8.891019501351246079e-01
8.894840081833201850e-01
8.903130202839730778e-01
8.893529535885449366e-01
8.891288000221362342e-01
8.894086943933341427e-01
8.892782750294137006e-01
8.881540454046741306e-01
8.891434351817011361e-01
8.896314939009108969e-01
8.881528005516923230e-01
8.890267323427816226e-01
8.890697554178668138e-01
8.887624394977038378e-01
8.901042919020798472e-01
8.903521760752839409e-01
8.886597337431909605e-01
8.906397206489349294e-01
8.888671592154668843e-01
8.887974604817099333e-01
8.901363445735661628e-01
8.892414422274790287e-01
8.892325602566172327e-01
8.890455663684294629e-01
8.891620272291866911e-01
8.901834358701100625e-01
8.887068173261515325e-01
8.885624277803287896e-01
8.889537088499777084e-01
8.889090809549575756e-01
8.894893852178886728e-01
8.892196581643107001e-01
8.889389314788354035e-01
8.899958495901673095e-01
8.884132228536470999e-01
8.888413641844077340e-01
8.892586387039358442e-01
8.897570883600083302e-01
8.879787870175875897e-01
8.890601978013245033e-01
8.886091175205400594e-01
8.885344278974698362e-01
8.893256261499169479e-01
8.891234737639930330e-01
8.901587617436936828e-01
8.890672028273636229e-01
8.894542329227349553e-01
8.888025670394387179e-01
8.901937012747898059e-01
8.896250524627293821e-01
8.891515461416732435e-01
8.890860820433340583e-01
8.884478437337044454e-01
8.900259219409309974e-01
8.892954474590144542e-01
8.888636228846500398e-01
8.895119219949221279e-01
8.880593845942984510e-01
8.886955267435439065e-01
8.893874108647622512e-01
8.888612677540210782e-01
