4.413737345478739860e-01
4.412637852846780229e-01
4.420516856693211816e-01
4.416844821119129683e-01
4.413857728138811942e-01
4.408403738335487931e-01
4.409964288331242876e-01
4.409878448705506493e-01
4.413262018867995518e-01
4.413794815832864371e-01
4.415548148903060133e-01
4.409411233054076895e-01
4.423710381447780171e-01
4.420376349059899623e-01
4.398569259577242985e-01
4.417782766944431394e-01
4.417819082396313712e-01
4.419198185414785485e-01
4.408493135165251209e-01
4.414085825243345695e-01
4.409148750499918279e-01
4.413521758801052242e-01
4.416742932687726664e-01
4.411224540044584863e-01
4.422577342326675653e-01
4.410054586744157623e-01
4.404699635196092089e-01
4.407025386151901536e-01
4.409965425643456172e-01
4.409278953663165468e-01
4.413759884327163041e-01
4.418821841750646962e-01
4.403248494201523755e-01
4.409876654408630969e-01
4.432780575947378732e-01
4.416322737979502255e-01
4.418391160202121970e-01
4.420577252658692835e-01
4.415153913460055923e-01
4.408233456753780088e-01
4.430065657157513659e-01
4.416410513843619934e-01
4.414306804511741733e-01
4.414947356739162831e-01
4.425988244157548213e-01
4.406506100671339077e-01
4.427197321561023857e-01
4.417466140840019539e-01
4.403078467812066021e-01
4.410896804156924644e-01
4.418353553247236221e-01
4.416810691132471156e-01
4.420460864261263056e-01
4.422095794629246068e-01
4.417139088299754657e-01
4.412849176427420250e-01
4.421816318100735832e-01
4.411642080898707796e-01
4.419714013412389120e-01
4.412272462057704181e-01
4.424533007646335725e-01
4.416139254582491791e-01
4.425145796693783495e-01
4.413931714351051472e-01
4.414605237333631971e-01
4.416924864583673394e-01
4.422615558761808785e-01
4.421404752827352569e-01
4.402247010198312438e-01
4.421235099723981321e-01
4.418490660234699607e-01
4.412759032098026446e-01
4.414157684404395043e-01
4.420697099457051582e-01
4.425006827857808078e-01
4.404567699830777006e-01
4.427961709728220896e-01
4.421201604074775915e-01
4.409177738422829229e-01
4.420335322989437654e-01
4.418027985023124660e-01
4.424203225009455398e-01
4.413961071283725168e-01
4.418377188010896295e-01
4.413731186129775663e-01
4.411413173713069069e-01
4.417437744422106904e-01
4.406313372319998756e-01
4.422669135793972917e-01
4.416791548439289450e-01
4.422933144106805381e-01
4.413149686454654885e-01
4.410098816440484182e-01
4.423412442541493350e-01
4.406525073703456696e-01
4.419398128277437499e-01
4.408268637266740120e-01
4.401532899096221030e-01
4.421031531971486572e-01
4.406797954231671532e-01
