5.854248383407686385e-01
5.888845972976030074e-01
5.890540689146133158e-01
5.886215394007414670e-01
5.876812050978843516e-01
5.880060810295697493e-01
5.887258364678773503e-01
5.891707155970333787e-01
5.889798535773338450e-01
5.887049942236723954e-01
5.887866915483415120e-01
5.894474615043145960e-01
5.881451168339190128e-01
5.888808818306245918e-01
5.889293272726499051e-01
5.881479824507314103e-01
5.890121724516733659e-01
5.877594122559381962e-01
5.894151505166904670e-01
5.879623663296456026e-01
5.883399281009700221e-01
5.873467848918618728e-01
5.884035617173410948e-01
5.883629308463624863e-01
5.879769869337508892e-01
5.891093841177460488e-01
5.872447634719892839e-01
5.892338646727888207e-01
5.892265075709617328e-01
5.883976239091709415e-01
5.888593542553048898e-01
5.879812271982083338e-01
5.891593008652021846e-01
5.886271282498323210e-01
5.887358989846844803e-01
5.879753861608811860e-01
5.880943243713760982e-01
5.880757921189134763e-01
5.880415697280425569e-01
5.890982197293966882e-01
5.888730318364776561e-01
5.890489561455933831e-01
5.887239194286848498e-01
5.890004560428243607e-01
5.896525785213642123e-01
5.883203141568988936e-01
5.874919280314734316e-01
5.870908063177996405e-01
5.881430198893448091e-01
5.877941935554441555e-01
5.881737830016007251e-01
5.876461933833370122e-01
5.890821329661817263e-01
5.892602766511757517e-01
5.887294367643560733e-01
5.889921013481342893e-01
5.879153125199447771e-01
5.872414736652513678e-01
5.890990656902622691e-01
5.882498523203379959e-01
5.883722992872214563e-01
5.881252019201255177e-01
5.881836985708011056e-01
5.882663115333807147e-01
5.893942152837243764e-01
5.879244998607229267e-01
5.880616752821004045e-01
5.875884484619759984e-01
5.889493885174911236e-01
5.875263024282081359e-01
5.893646675601373897e-01
5.884269423531747201e-01
5.892201513001361635e-01
5.880131565187676213e-01
5.893965822388007592e-01
5.881516755131350749e-01
5.876659420841634507e-01
5.892574754043320429e-01
5.886219310593387988e-01
5.886417414778175594e-01
5.889993706595115786e-01
5.891296251927976568e-01
5.885728091365778347e-01
5.897108003554760725e-01
5.889413609164015906e-01
5.880065702589087895e-01
5.886491202263434142e-01
5.883091381052204527e-01
5.884437382051226351e-01
5.879195136581985004e-01
5.887616346508742771e-01
5.878978170064869113e-01
5.877552451495613450e-01
5.885104576713386937e-01
5.881213408932652875e-01
5.879910633033181844e-01
5.887455626176882895e-01
5.877139554363604024e-01
5.873333124411064254e-01
5.887400632285794133e-01
