3.464165850809021174e-01
3.473106389803260474e-01
3.478834309110876433e-01
3.472405249337629507e-01
3.478574742236933970e-01
3.479930318380962673e-01
3.483915118044885184e-01
3.473236141059080073e-01
3.476996576567834007e-01
3.473587395202592520e-01
3.470265716016506241e-01
3.482756094603468577e-01
3.485330938586668204e-01
3.477960300076691769e-01
3.470293574564488615e-01
3.465863474831981650e-01
3.470303176863068217e-01
3.477132643927276501e-01
3.465012022301480754e-01
3.475851410911735551e-01
3.471445444695498428e-01
3.476119351685673098e-01
3.477314182878988857e-01
3.482049939308734521e-01
3.471997192344186134e-01
3.468585690556783008e-01
3.476288856454754495e-01
3.467003730647671977e-01
3.473338328098553585e-01
3.482193238095576682e-01
3.462481463500910461e-01
3.467442294326125163e-01
3.470318548272997572e-01
3.480208046439157710e-01
3.475865944626359560e-01
3.469772587375427042e-01
3.472980314797708967e-01
3.481334847345647909e-01
3.478067044208007497e-01
3.477893678975825242e-01
3.485948748879512671e-01
3.473725169654596767e-01
3.478985116027865088e-01
3.479660954848061705e-01
3.476957285111165197e-01
3.482766316906477089e-01
3.466705642634718143e-01
3.487004289198091800e-01
3.475669205834617248e-01
3.476684845650394040e-01
3.479949473060631737e-01
3.477166521659401099e-01
3.473147492184033291e-01
3.470290859964632602e-01
3.468528811669407963e-01
3.470322111094850670e-01
3.471738066151220936e-01
3.475097230869927389e-01
3.470840577718969366e-01
3.481564204079049540e-01
3.477806978012629169e-01
3.467200559426073525e-01
3.470396581291884663e-01
3.461887570967244199e-01
3.463486748833725093e-01
3.463421840956441011e-01
3.473399732089645919e-01
3.480636440641977636e-01
3.470011649361289252e-01
3.484381622947471113e-01
3.479206463797370197e-01
3.479817714189810118e-01
3.473082000588419427e-01
3.477748768795619894e-01
3.471803220691083158e-01
3.474764695087119160e-01
3.472651672776278509e-01
3.468918415429141922e-01
3.464594671974485784e-01
3.467994467344833742e-01
3.471628132064649153e-01
3.465216259368470997e-01
3.472850880813077579e-01
3.471630800440646536e-01
3.469616793637781971e-01
3.471840621990349707e-01
3.479644943258324297e-01
3.471127591823158220e-01
3.480702588771782402e-01
3.460614176539055231e-01
3.470054809375223703e-01
3.473943309742612007e-01
3.485853129829590280e-01
3.485978755572815002e-01
3.482224780879468184e-01
3.478409880190332926e-01
3.470674485541808130e-01
3.470979826226274212e-01
3.466364012922412696e-01
3.480176165087039974e-01
