1.331894315879538770e-01
1.347626412245491734e-01
1.345018951948750985e-01
1.351223120283994161e-01
1.346733240605832993e-01
1.347609162204258804e-01
1.355921473476852102e-01
1.352263340275444703e-01
1.347120246984850334e-01
1.339941728111108121e-01
1.346921130393875510e-01
1.341020440702125338e-01
1.341297736860827261e-01
1.348124660200741287e-01
1.342258975860390890e-01
1.338083284837832676e-01
1.341622917671117521e-01
1.350201420266530505e-01
1.344795725216096360e-01
1.338683310808318483e-01
1.351848560702825497e-01
1.342500076348567550e-01
1.335770919626941555e-01
1.352821254819673857e-01
1.344693882734252499e-01
1.341897953608033878e-01
1.351501604747576690e-01
1.344942046608032793e-01
1.350456369923053457e-01
1.345577987680283416e-01
1.344017828975839213e-01
1.351763476056774271e-01
1.349108757639280731e-01
1.352758866965524387e-01
1.349039483026981401e-01
1.342704802030967315e-01
1.352835076373268275e-01
1.343871026509402822e-01
1.341200881947812729e-01
1.351636986501174309e-01
1.343926787510082710e-01
1.343957767065267483e-01
1.341205969849203761e-01
1.336889876039672465e-01
1.338923866856496780e-01
1.340148117185135102e-01
1.350358227919530862e-01
1.336913775690691253e-01
1.354687593670765300e-01
1.347181218363719402e-01
1.341209671430508288e-01
1.343595594511459712e-01
1.334732440642068529e-01
1.326097993866368341e-01
1.334482977473867571e-01
1.331221593224316546e-01
1.337163676769810849e-01
1.337924350461319190e-01
1.343449487995542757e-01
1.339665043489269569e-01
1.339078335482537796e-01
1.342225577284484883e-01
1.339947962124548586e-01
1.339770479724790297e-01
1.350601172712968534e-01
1.340006231876015863e-01
1.338724122811179029e-01
1.343819342182094034e-01
1.339437444454846249e-01
1.350543532578961925e-01
1.337741087626139747e-01
1.329145173201573271e-01
1.342108484837662430e-01
1.344463459553020823e-01
1.348827758019898182e-01
1.344645174935143461e-01
1.344344579607359425e-01
1.358792639160602556e-01
1.339306820412071164e-01
1.346124260386618587e-01
1.351160774233042261e-01
1.346139980179679452e-01
1.351574349546899034e-01
1.336860530445751760e-01
1.344356756124441277e-01
1.352340303637944996e-01
1.348350698066161368e-01
1.336380165470391623e-01
1.348901836582852565e-01
1.341778065806362163e-01
1.341186425702202700e-01
1.354958094095460308e-01
1.333465705326400408e-01
1.351317409019070770e-01
1.343232518091753702e-01
1.329824966728375413e-01
1.336468517566563041e-01
1.344409373400707319e-01
1.344829135565725753e-01
1.331188420691247210e-01
