4.572069313537224788e-01
4.572588688018006664e-01
4.567780380868839973e-01
4.568605595803387209e-01
4.571684154026918745e-01
4.564020495118498721e-01
4.571088711454582842e-01
4.568906990175237159e-01
4.578344865312746204e-01
4.574783427708104533e-01
4.572978607016667807e-01
4.587911647362524770e-01
4.562904001899956707e-01
4.569404187508346871e-01
4.577572445005715918e-01
4.565802837821261173e-01
4.577411915745128179e-01
4.582956246274346723e-01
4.572811984549710607e-01
4.580897257155649438e-01
4.583987714142918612e-01
4.580582327454984504e-01
4.571561896316961304e-01
4.571669375920781597e-01
4.579161608818103635e-01
4.580340070025510912e-01
4.572444355421277917e-01
4.567663991980096538e-01
4.590076966761029165e-01
4.578455808521794124e-01
4.583538235280599782e-01
4.569546941961893927e-01
4.563758969915624464e-01
4.566844698123420088e-01
4.583276463880416318e-01
4.583717450231389323e-01
4.578523162077241526e-01
4.568667516212477353e-01
4.576848469702654576e-01
4.576140808534179261e-01
4.572137131991724224e-01
4.574196265983209719e-01
4.571635161798479619e-01
4.564583654397591506e-01
4.575186640192370757e-01
4.585067337339034932e-01
4.577758588396689809e-01
4.573760568828749706e-01
4.561462600223752939e-01
4.568725404208308083e-01
4.576689844539696406e-01
4.565778019045880765e-01
4.566114378621532466e-01
4.579854440226938106e-01
4.574071557120003018e-01
4.576228671594299580e-01
4.565072459429086460e-01
4.567576325291426431e-01
4.578292906439295207e-01
4.579122877126182711e-01
4.574504103319102510e-01
4.581854409596630151e-01
4.576692432979755365e-01
4.566971095313390183e-01
4.572065995308635666e-01
4.580816886409192490e-01
4.569609802007642552e-01
4.575698063712254626e-01
4.581952262836672674e-01
4.558694077350595175e-01
4.572384179584632058e-01
4.572654264153017678e-01
4.581276674500412982e-01
4.574653871950964401e-01
4.582028464990042238e-01
4.574150012617521077e-01
4.562479531220677842e-01
4.573078630080211759e-01
4.575418431745190695e-01
4.576571292088987830e-01
4.574454781443711426e-01
4.568680150237817150e-01
4.580813216951982181e-01
4.569769017998961402e-01
4.581432066676439652e-01
4.570142630891984026e-01
4.577610427441453633e-01
4.575915791922036124e-01
4.574750641298302445e-01
4.575968245153078096e-01
4.576215756285808567e-01
4.577161284090272009e-01
4.566345047474448249e-01
4.587059855748810699e-01
4.571041177840605152e-01
4.586386665095819604e-01
4.568810869278935316e-01
4.583023735103028407e-01
4.571235457504385646e-01
4.564329512657562260e-01
