2.668054669340239049e-01
2.672001664002268129e-01
2.676174440135584143e-01
2.671055005429078255e-01
2.670226162149191285e-01
2.675952507633880817e-01
2.674833595865497293e-01
2.672689498250986895e-01
2.671802646485282873e-01
2.677710040027901917e-01
2.679927832743325689e-01
2.672698970886160930e-01
2.673080399756835313e-01
2.670272171380640991e-01
2.675206484637906446e-01
2.662284562425182854e-01
2.677063841888759343e-01
2.670411638705941781e-01
2.665796588869791539e-01
2.684266536930252633e-01
2.678102122523305928e-01
2.664428135459688818e-01
2.670702480728083250e-01
2.668138812948041005e-01
2.664134305315889462e-01
2.674420872540947958e-01
2.668030418443917973e-01
2.670901655936535057e-01
2.680606091458490603e-01
2.669999695864031519e-01
2.676431669249414447e-01
2.664580581444473406e-01
2.676254063281624518e-01
2.669380640568876917e-01
2.681656000170453691e-01
2.666954206407060601e-01
2.660583732663889256e-01
2.664858746331474348e-01
2.651657054708542183e-01
2.673368468291346667e-01
2.675341140885245106e-01
2.671100324195339604e-01
2.683003746008826851e-01
2.670439187884738885e-01
2.665539858725247124e-01
2.677081877338310933e-01
2.671379500230062765e-01
2.673491868442796626e-01
2.669805615956854505e-01
2.679006490959652820e-01
2.672423389660125714e-01
2.673811061062119632e-01
2.671291230802085859e-01
2.686535282615513109e-01
2.662314374158585850e-01
2.667278574971932992e-01
2.676809099275950787e-01
2.669816351447906744e-01
2.668990722157949524e-01
2.675481822435629709e-01
2.668945576609128567e-01
2.680477060348195883e-01
2.675356712221431121e-01
2.673050858395892848e-01
2.679351107758971562e-01
2.666257512868229762e-01
2.672765217262620951e-01
2.671178274112708806e-01
2.675805122880867137e-01
2.672569183843459539e-01
2.667578120198365044e-01
2.670446821232981827e-01
2.677331817891869248e-01
2.679851456011219657e-01
2.668442341299609999e-01
2.677157631319827535e-01
2.677411600360283805e-01
2.681270061659777881e-01
2.677601916680152350e-01
2.672282698989241201e-01
2.676783515844712857e-01
2.672412010827203699e-01
2.667081781360776116e-01
2.674935135929034646e-01
2.677343046144098349e-01
2.672178275555122107e-01
2.672160995379727066e-01
2.666091590191100313e-01
2.668220959567916273e-01
2.670143016510044820e-01
2.670244929192306382e-01
2.672987963555248370e-01
2.682277272591888639e-01
2.672414668498398482e-01
2.683989048012052070e-01
2.684163161829902222e-01
2.665146675959142453e-01
2.674500192538680210e-01
2.668088756866892619e-01
2.666104334391281028e-01
