2.111614829707336716e-01
2.120402696821124811e-01
2.114409745865384882e-01
2.127510996694567669e-01
2.111819791742352570e-01
2.122879584248938967e-01
2.123611628906658944e-01
2.121933656845497729e-01
2.127991938299073071e-01
2.130267664581608766e-01
2.116187142461139481e-01
2.127510968400918301e-01
2.124261310781477563e-01
2.118159812165021916e-01
2.131268106548624974e-01
2.124644955867960039e-01
2.112913002295904175e-01
2.124159398921337538e-01
2.123954441632997792e-01
2.135028942198411439e-01
2.110180854560441133e-01
2.111764336545210730e-01
2.127642222576087150e-01
2.132111195956158944e-01
2.109096507362021033e-01
2.118673677453862814e-01
2.120276195274719278e-01
2.121549343832502266e-01
2.115591128133664789e-01
2.128286180040383502e-01
2.132481942465240254e-01
2.114065799622141806e-01
2.123118916930688271e-01
2.112094271564474712e-01
2.110163278331093073e-01
2.121158461046345201e-01
2.123280201856499183e-01
2.111717472951948338e-01
2.113100055461384075e-01
2.107350764874502957e-01
2.118359375726687754e-01
2.123098724774374335e-01
2.125101772704651448e-01
2.121742253598636607e-01
2.120347932033033733e-01
2.122561304845440033e-01
2.119152324753135752e-01
2.126344172868074311e-01
2.109723597699620368e-01
2.119118595713796460e-01
2.115548663092378656e-01
2.122074941354577526e-01
2.123234408563902664e-01
2.130912756501182892e-01
2.117866342799940571e-01
2.121136090893912529e-01
2.115519680678861481e-01
2.120486115546029726e-01
2.113652247303292597e-01
2.122108011717930842e-01
2.127873936988803893e-01
2.115088674419634551e-01
2.123099103066209414e-01
2.121675462031576698e-01
2.125393525073085987e-01
2.129383400155666628e-01
2.120471022597170685e-01
2.120800204585068238e-01
2.111142024494123692e-01
2.115180053831431095e-01
2.110447924486786864e-01
2.123134126079821438e-01
2.124476624798363189e-01
2.116655319730263440e-01
2.107899005296584583e-01
2.114897162361271399e-01
2.122061027729191252e-01
2.126790876559055410e-01
2.130834433427115093e-01
2.118542471231839031e-01
2.123466441235923319e-01
2.131818241940514058e-01
2.120700801984275463e-01
2.122239859841004161e-01
2.121867928291220340e-01
2.114717274995169538e-01
2.121764605400797699e-01
2.111379509474217708e-01
2.125472608357144855e-01
2.113184690761661377e-01
2.133930521110500855e-01
2.124650516882349294e-01
2.129893150670923996e-01
2.114365665824814999e-01
2.133651484032233203e-01
2.129583646170247757e-01
2.122598651477212162e-01
2.114762775283934304e-01
2.112904261666713468e-01
2.121184751724484174e-01
