4.835158570898020480e-01
4.854646082541037577e-01
4.853452305615815199e-01
4.853701559227703299e-01
4.847505556784614256e-01
4.837925263593723657e-01
4.847834704954573359e-01
4.838000353439260159e-01
4.841849779616884675e-01
4.838976811028504743e-01
4.846425418593710566e-01
4.833541852794058791e-01
4.836217832632838665e-01
4.832088091178709521e-01
4.836170596628713847e-01
4.850024352160360874e-01
4.839215767093811293e-01
4.858691792747034666e-01
4.849983605092395011e-01
4.857681214980534845e-01
4.837264474026157779e-01
4.839163007274177586e-01
4.838251943972065039e-01
4.841877801414729565e-01
4.843283491207535096e-01
4.847326125343119352e-01
4.843727688620934613e-01
4.852432316224426501e-01
4.845635080718316279e-01
4.836138624055512647e-01
4.845663291313901944e-01
4.847280104341610274e-01
4.844429222810004432e-01
4.837528967952094971e-01
4.830307131334047877e-01
4.844179318863620631e-01
4.848156413969845757e-01
4.839160431489866188e-01
4.850193007915649113e-01
4.849416354573026222e-01
4.846877295764647764e-01
4.838026589837103320e-01
4.845676314649686178e-01
4.839690156986030667e-01
4.843674300566657154e-01
4.841587052885256703e-01
4.851684519497559411e-01
4.848396109255255215e-01
4.844870142187871487e-01
4.847428309665502977e-01
4.844247805878730828e-01
4.848021159716944806e-01
4.839123256168015308e-01
4.837164671887815848e-01
4.839794530877196688e-01
4.845671973886304662e-01
4.839915335058441181e-01
4.846299425373991610e-01
4.849920823018753491e-01
4.840714680777599144e-01
4.851077028353692477e-01
4.843924546163719258e-01
4.846476772847573278e-01
4.840216301146746947e-01
4.846102539022976163e-01
4.836184675353661921e-01
4.855371487989457724e-01
4.855170581209437008e-01
4.848578981444642277e-01
4.845106409078269172e-01
4.845493152764960287e-01
4.839602589106339892e-01
4.850970952656549762e-01
4.834079357749375694e-01
4.840845142900941922e-01
4.849800252047353766e-01
4.853846357567127012e-01
4.832752208961762497e-01
4.848569304280504477e-01
4.846093646362090723e-01
4.845888467877922934e-01
4.849310204716082429e-01
4.845795168086584614e-01
4.842538285185528091e-01
4.845216503765317206e-01
4.844437014130541508e-01
4.845485422426215605e-01
4.850621501704467375e-01
4.843931101252876292e-01
4.840657852842326636e-01
4.853346050565625069e-01
4.849836722911591291e-01
4.857706426809743627e-01
4.851084252857894574e-01
4.843860197029371539e-01
4.849159309667440132e-01
4.851008605786246708e-01
4.854230448364218464e-01
4.840194986271317279e-01
4.843138780162904444e-01
