1.831887481176977528e-01
1.842364346723103230e-01
1.832324678402396656e-01
1.837378762439147162e-01
1.834076849777085128e-01
1.849628934095306487e-01
1.848088464300555178e-01
1.828242766567027278e-01
1.837914078636059545e-01
1.839099194852946428e-01
1.834173350291373739e-01
1.833200107463382744e-01
1.844656335067189068e-01
1.852045572460838396e-01
1.833974212070690335e-01
1.848178712786318623e-01
1.846576625548606576e-01
1.836498038745204842e-01
1.830677358264869437e-01
1.833427878191701832e-01
1.836095325494968566e-01
1.836134104619916163e-01
1.837948891455620237e-01
1.848822560232621648e-01
1.839389463787973189e-01
1.835806327084660294e-01
1.840780116813262313e-01
1.837726488021049209e-01
1.851267430681096671e-01
1.839163027792802829e-01
1.822751760704746371e-01
1.838007044926054101e-01
1.850359549513896917e-01
1.835032424336704993e-01
1.842724511331664261e-01
1.831927457950015548e-01
1.838888739610400891e-01
1.832597103333835076e-01
1.847125868703764495e-01
1.844894796405526782e-01
1.837871211444495612e-01
1.831313008244644380e-01
1.842818798861386442e-01
1.841321723321024395e-01
1.840871538760512627e-01
1.840855633087659371e-01
1.848956589935348560e-01
1.832393181252925662e-01
1.843286627501055097e-01
1.848970576886091455e-01
1.844814384720463163e-01
1.843592984613710017e-01
1.843274072810510977e-01
1.846327707670962492e-01
1.836704784838536775e-01
1.830998275600236314e-01
1.843823243029595049e-01
1.839626285965186014e-01
1.834819989359465775e-01
1.837332436118057077e-01
1.847645440604359646e-01
1.838528599455995782e-01
1.832265735811383911e-01
1.851878887649084648e-01
1.827296873291856250e-01
1.832415241440291109e-01
1.834753613540095196e-01
1.844220724256279698e-01
1.837803098592069584e-01
1.842655034423871518e-01
1.830900851988956357e-01
1.836540564417077082e-01
1.851980676744858223e-01
1.846155602160814702e-01
1.841459328702868825e-01
1.857406419492441119e-01
1.829630323178197682e-01
1.838636730390985075e-01
1.841987665181387124e-01
1.835817005909154420e-01
1.835276594611486289e-01
1.835325732344870175e-01
1.826356280594384762e-01
1.845864694078483970e-01
1.832495893534370202e-01
1.835164969020922632e-01
1.839323523084532841e-01
1.841861980308619473e-01
1.840403845954675099e-01
1.835385050186466582e-01
1.829224819816833714e-01
1.845565860726665064e-01
1.838180721695830966e-01
1.832877236263514287e-01
1.838222494409740004e-01
1.842595059300203286e-01
1.845509002806112187e-01
1.839379690196173422e-01
1.844095977965455047e-01
1.837654835091681038e-01
