9.589278709534299061e-01
9.604847313508364515e-01
9.598996014971181712e-01
9.605463802626128533e-01
9.603233708229076404e-01
9.604670078339961892e-01
9.603304548918754069e-01
9.598708993269200462e-01
9.594277550429630708e-01
9.605437439108577280e-01
9.599187675535181263e-01
9.591410359315732936e-01
9.600982822639203551e-01
9.603065841232565347e-01
9.606107243562624909e-01
9.597829582314747476e-01
9.590699781430911397e-01
9.585080939293563196e-01
9.604609597414150990e-01
9.603896705963728131e-01
9.597563796047585694e-01
9.596187262465617485e-01
9.599464737469607378e-01
9.599131535921521241e-01
9.599207182807414362e-01
9.595585189427986439e-01
9.607898987185659045e-01
9.597629618909471194e-01
9.599460995779801609e-01
9.596074010307569235e-01
9.600179152216912204e-01
9.598410039239393399e-01
9.592385659302375966e-01
9.600120325962382406e-01
9.607283072466323848e-01
9.601696178184642161e-01
9.599879891871260229e-01
9.604437730104302684e-01
9.583340669078691532e-01
9.602730465500634027e-01
9.582934181987553535e-01
9.599266878873681241e-01
9.590832407019587169e-01
9.588155579951889163e-01
9.603471524927570391e-01
9.599053152176370007e-01
9.601192209201372396e-01
9.606089484501071363e-01
9.604003000497645104e-01
9.601387053950862782e-01
9.601748639975672406e-01
9.591452658579351365e-01
9.600851942701501551e-01
9.602926263596303080e-01
9.596876365796471742e-01
9.600048969998196124e-01
9.600824801286437227e-01
9.603700490973658965e-01
9.588250693658387780e-01
9.590006164922527665e-01
9.606042450833074398e-01
9.596570518701685870e-01
9.596684366005535649e-01
9.592907538962736069e-01
9.594524815437276422e-01
9.591221542658019406e-01
9.595348530529986819e-01
9.598124778954175707e-01
9.591834038042323929e-01
9.597331665338071360e-01
9.596589544156646223e-01
9.602698418728672358e-01
9.610939580746580280e-01
9.603764510744335903e-01
9.601534100170070474e-01
9.603844179402379888e-01
9.605384669262038155e-01
9.598154944796848387e-01
9.600372899090041656e-01
9.588966320054432835e-01
9.595885642401293936e-01
9.589852811242463027e-01
9.600235508464202150e-01
9.603910308237485483e-01
9.586414362050007520e-01
9.595771953851603975e-01
9.589224014262319740e-01
9.606892410541090221e-01
9.594074896582523992e-01
9.602747210273379075e-01
9.607010736616548030e-01
9.603712848002809999e-01
9.603292614574601149e-01
9.598006952376656464e-01
9.603787185043491936e-01
9.605336416190637383e-01
9.600530332421077784e-01
9.600790958707319245e-01
9.600793029024914382e-01
9.596914457085512495e-01
