7.247861834518940505e-01
7.256673485475945151e-01
7.247534164531159728e-01
7.255066526857507636e-01
7.258280175414052460e-01
7.263746535769075585e-01
7.259845726456608528e-01
7.256674489191987654e-01
7.253877687828349519e-01
7.246769968627221337e-01
7.261181385031685309e-01
7.257254305050873100e-01
7.256577651727657008e-01
7.257960624104323744e-01
7.254915297174961974e-01
7.263085134964694101e-01
7.251084519727724054e-01
7.247696430643242316e-01
7.255512862767637960e-01
7.245602377743225464e-01
7.262316617809310149e-01
7.247393439275519045e-01
7.264172613676340706e-01
7.257298006029779813e-01
7.266302167418168256e-01
7.250493075047330649e-01
7.251430066935553587e-01
7.255428459424441145e-01
7.241550706047870101e-01
7.254595678474655696e-01
7.248360757344594063e-01
7.254944143113000177e-01
7.250574799929235814e-01
7.260255870355438734e-01
7.239160557473347524e-01
7.263821310433895562e-01
7.253978500209377067e-01
7.255115199551835925e-01
7.257045651051834412e-01
7.254384611890556389e-01
7.260116796552960050e-01
7.254057875570121272e-01
7.247470695915787520e-01
7.250413406366971181e-01
7.246252299936055685e-01
7.247285020351759144e-01
7.263556764768566154e-01
7.250730708962377369e-01
7.244208792180029111e-01
7.263357066727711420e-01
7.240325293266003381e-01
7.257783042375556271e-01
7.258262833959761018e-01
7.255841948962938881e-01
7.250557023362163012e-01
7.254887228972046742e-01
7.251948282185460837e-01
7.258262930732446438e-01
7.257396780209774967e-01
7.261158155985268925e-01
7.268476398788824566e-01
7.254503554476374738e-01
7.259156170126901397e-01
7.253098453164652515e-01
7.248679551179114666e-01
7.252728693918742975e-01
7.250945083694306792e-01
7.257315542804507746e-01
7.256224102172533774e-01
7.243699760244461938e-01
7.253695979144867412e-01
7.258955137740630281e-01
7.246782828366427065e-01
7.247909083480654768e-01
7.256921381779413149e-01
7.250297258056148664e-01
7.259249885861582818e-01
7.261069337283352354e-01
7.256231883230980229e-01
7.258693264553290891e-01
7.257545679413764939e-01
7.254009574703863539e-01
7.253003634103873942e-01
7.256797271161528062e-01
7.265772102788723430e-01
7.259171307681269170e-01
7.255989912648057594e-01
7.266845710648419665e-01
7.260721269308398895e-01
7.256889337605525458e-01
7.254559277320049571e-01
7.252587379563096848e-01
7.257523109636732084e-01
7.252962931599897800e-01
7.247957105329219107e-01
7.248353118880805912e-01
7.251649641920266953e-01
7.255838956747880930e-01
7.244417852121332047e-01
7.251315553372220668e-01
