4.839908579422805834e-01
4.843361035833544381e-01
4.850646019706329470e-01
4.859498827038848390e-01
4.847580654961193281e-01
4.859841759476179468e-01
4.858172937021066895e-01
4.870932091536412933e-01
4.858386777429242742e-01
4.846362415945686397e-01
4.853793457112585696e-01
4.857923236908149311e-01
4.851884657636278408e-01
4.863521424879619359e-01
4.849277650997637634e-01
4.853936763633997509e-01
4.863395702447789182e-01
4.854547356461669239e-01
4.852013205232006410e-01
4.873786948853007228e-01
4.854872118501468714e-01
4.854843769854971791e-01
4.854285826898330214e-01
4.865772085337182751e-01
4.858540461202126015e-01
4.851650755049522479e-01
4.844970595202263697e-01
4.854670177372154560e-01
4.855670519385906214e-01
4.856926200158146467e-01
4.850663230730108966e-01
4.854337968818848159e-01
4.850403159760953153e-01
4.854071703593290099e-01
4.855658013735929535e-01
4.845038847147805638e-01
4.856388578935483258e-01
4.858915642927981171e-01
4.852422420098566613e-01
4.848739377182464949e-01
4.856372395089694205e-01
4.842001686661743243e-01
4.858300717942511948e-01
4.867797959070896407e-01
4.854231332110446884e-01
4.858613424172822381e-01
4.857325470436497650e-01
4.861496265140978768e-01
4.861763812235075366e-01
4.860805064320984359e-01
4.856062684552903130e-01
4.857172679266496540e-01
4.853973293758840346e-01
4.863085767845348739e-01
4.856323186616188226e-01
4.858052019329851534e-01
4.859096355543605084e-01
4.857597182747271924e-01
4.852453566759437065e-01
4.848829553409209625e-01
4.847905948318445013e-01
4.865474091224343267e-01
4.850136141223380659e-01
4.860263768112735305e-01
4.864769465633750900e-01
4.860425478631562601e-01
4.862570790388075492e-01
4.859579289531711921e-01
4.853330443333371269e-01
4.851745447822126689e-01
4.865741445789866226e-01
4.868233206956636971e-01
4.858670389571456139e-01
4.855151133577992884e-01
4.851395995287204888e-01
4.846251614992500567e-01
4.857306685551641690e-01
4.855378869132619402e-01
4.860262154350453168e-01
4.860726113453153752e-01
4.854769428903409900e-01
4.860676675536375058e-01
4.852803535543327995e-01
4.847485563971820621e-01
4.855722342845779638e-01
4.858803357049024663e-01
4.859569634511954339e-01
4.846452175384866057e-01
4.847229985827417043e-01
4.851991687273027876e-01
4.862708859508074744e-01
4.860527813294363009e-01
4.858030811807190763e-01
4.851124922243351123e-01
4.861757115847072930e-01
4.851039941810411094e-01
4.854888573703659560e-01
4.851698302949596919e-01
4.854630596247548335e-01
4.842599786837754050e-01
