4.330066349165056505e-01
4.325142809413785039e-01
4.330832694153416429e-01
4.329531337111396372e-01
4.348132039608563204e-01
4.340139346135937215e-01
4.333636372812072479e-01
4.330085911029221690e-01
4.338013246599937145e-01
4.338993414810473626e-01
4.345289626509684089e-01
4.345688567988708062e-01
4.333584934611667272e-01
4.334904325573650241e-01
4.332893437591507357e-01
4.333529625816843200e-01
4.324047484898746463e-01
4.331703364735479678e-01
4.339394023645416487e-01
4.341417754531644579e-01
4.341891250914338696e-01
4.335118683603488288e-01
4.340594278826220287e-01
4.318430182594495959e-01
4.342334311774221911e-01
4.345856985414777163e-01
4.335277967611362859e-01
4.327544262801660269e-01
4.342846519521683657e-01
4.338925911377053968e-01
4.331425152663325173e-01
4.335773477122060737e-01
4.341380270042967116e-01
4.336063544638345535e-01
4.341286272578606109e-01
4.337726443640691487e-01
4.338892123881428198e-01
4.337624226026660645e-01
4.334184346619608386e-01
4.330919651530871217e-01
4.346980502411392777e-01
4.322661126238133700e-01
4.334744120483774443e-01
4.338499110614053578e-01
4.335324915047015226e-01
4.338591891935987821e-01
4.334126681487190380e-01
4.324726558854770087e-01
4.344725802463130782e-01
4.328677859799600069e-01
4.334863261667328826e-01
4.332455612957725188e-01
4.339106758139728570e-01
4.333095120635288011e-01
4.340541818901376137e-01
4.332717709866035771e-01
4.336570258419690793e-01
4.333279689758303133e-01
4.331289096633940683e-01
4.342667210338098105e-01
4.341173293997145910e-01
4.334140455318036267e-01
4.328660916757456345e-01
4.328174015240143224e-01
4.331076568865064313e-01
4.335548683638981160e-01
4.337134627012375621e-01
4.338296873147571286e-01
4.339079617810662204e-01
4.336718720700310503e-01
4.339294572416361184e-01
4.328677138962533366e-01
4.330873631297497695e-01
4.342087647556094332e-01
4.331946167195339648e-01
4.336528886493198343e-01
4.326365169138582378e-01
4.336635156949437131e-01
4.337085964925790904e-01
4.328571253199807733e-01
4.337882395202393715e-01
4.341733200205362686e-01
4.334971341687372526e-01
4.334169646758111449e-01
4.336636708373111659e-01
4.336781891558156854e-01
4.327572570966240484e-01
4.335594316801742454e-01
4.334467799652991227e-01
4.318676306732790460e-01
4.331120633320142410e-01
4.330295351999078335e-01
4.344056905525087720e-01
4.327901734767768405e-01
4.338740601898493643e-01
4.334935197571680998e-01
4.332636688079858911e-01
4.332955434874438128e-01
4.338293430037832854e-01
4.330898697956306886e-01
