5.879846140419122680e-01
5.897376491332320114e-01
5.888259193533043057e-01
5.886931958287706657e-01
5.898090149784120939e-01
5.895406439021297906e-01
5.886001978706443261e-01
5.891767297132439740e-01
5.894172216655584329e-01
5.900091216404472760e-01
5.883399223308527493e-01
5.884811311666271472e-01
5.901665885235156672e-01
5.896590346566534802e-01
5.904750371204116055e-01
5.883157377004171185e-01
5.896456569835444306e-01
5.894401650721067254e-01
5.904373227948763736e-01
5.899144196494670034e-01
5.895804225505776319e-01
5.890446960195203641e-01
5.895126486362641804e-01
5.898136026822675682e-01
5.901537944356793908e-01
5.887946857449848359e-01
5.890271970190041895e-01
5.897758628024269978e-01
5.888970951973792056e-01
5.895450915987900942e-01
5.907259561813005266e-01
5.892070921045828857e-01
5.894029916741576614e-01
5.898124245181446401e-01
5.891342278736551030e-01
5.890576576041423040e-01
5.893810816771053451e-01
5.894707276208122071e-01
5.905975279755312224e-01
5.896764187046299455e-01
5.897996669334251152e-01
5.898158355270631814e-01
5.887219985918157317e-01
5.898463636418942446e-01
5.888858937579826147e-01
5.895402746281425133e-01
5.892209071120443342e-01
5.898759014920863519e-01
5.904219843091571551e-01
5.892141624607680761e-01
5.894858676336723891e-01
5.889688327826281267e-01
5.890206877125341300e-01
5.890464434925172243e-01
5.892575979166909672e-01
5.898118851186087142e-01
5.891116515188213887e-01
5.900415441152340179e-01
5.901568445845917221e-01
5.900164917701944400e-01
5.897085516990554499e-01
5.884843108203891004e-01
5.877167834439368521e-01
5.898267569004617128e-01
5.897924922616737398e-01
5.893349378421460782e-01
5.890239734372095803e-01
5.891308419691385634e-01
5.889482297520669540e-01
5.907320616798781288e-01
5.887845989093053456e-01
5.900890676580518024e-01
5.883672700303284042e-01
5.899509794882905611e-01
5.890149069449173158e-01
5.883561856293293424e-01
5.882593188765216086e-01
5.892943415541391783e-01
5.891497017071402054e-01
5.888371279627199195e-01
5.903108735686282138e-01
5.899302829619466060e-01
5.896041413684804944e-01
5.903904984750550922e-01
5.890072343959472656e-01
5.894638536666210182e-01
5.896010083507221555e-01
5.906434454712284898e-01
5.897590958000230588e-01
5.897396710589466462e-01
5.891541161587596775e-01
5.889730343014614178e-01
5.877067536370166323e-01
5.900941221368611878e-01
5.887183520979780704e-01
5.882434127400409940e-01
5.888069267936819617e-01
5.896321957164663008e-01
5.900519200964093880e-01
5.888207844493902332e-01
