3.490867338030785305e-01
3.504606978569089759e-01
3.504852816866456111e-01
3.505063094599177309e-01
3.508048941827925926e-01
3.508794222468175072e-01
3.499086837109908199e-01
3.504484898513892110e-01
3.500084592002923878e-01
3.507606332872301169e-01
3.508391072552828893e-01
3.504380989446369554e-01
3.505866161664212832e-01
3.507442519162692895e-01
3.502147820763493180e-01
3.518792013719781453e-01
3.501835117385789231e-01
3.498917834238319258e-01
3.505591428334492998e-01
3.498708209164861915e-01
3.515079948244812513e-01
3.505880362888494917e-01
3.507875881556331010e-01
3.513217103389214557e-01
3.502077599676576281e-01
3.512966408785812567e-01
3.500697516427486722e-01
3.511511675093947349e-01
3.508767191129110730e-01
3.511268553147587346e-01
3.497565103165801159e-01
3.509927253660160562e-01
3.501253362316989470e-01
3.508268899212766412e-01
3.507701165122835141e-01
3.501201011863350754e-01
3.500384821698718785e-01
3.503741103838089455e-01
3.511285120526786430e-01
3.505865765866794104e-01
3.511250313752426466e-01
3.500368960715857236e-01
3.500988025616258437e-01
3.503498131184605846e-01
3.503394639173735836e-01
3.509320158392078559e-01
3.504938155205735706e-01
3.500990845852419708e-01
3.509611897108163570e-01
3.497622656947269038e-01
3.503341222397146071e-01
3.498520676980512167e-01
3.501477291555412652e-01
3.507700723627784622e-01
3.491340545835425191e-01
3.499107789375099364e-01
3.500734160189218347e-01
3.509221566923583224e-01
3.503528996260844575e-01
3.504561845395628428e-01
3.505981097507485100e-01
3.507398367164953901e-01
3.520555414551869156e-01
3.511655124544148521e-01
3.504760136673191750e-01
3.505394987388645855e-01
3.499270114944383891e-01
3.508901508227517674e-01
3.511578114999920897e-01
3.511642082616626692e-01
3.497435467600825687e-01
3.506655255233251944e-01
3.506881066185991713e-01
3.500150885211958940e-01
3.502514637214835247e-01
3.499487107777002892e-01
3.506724453264666308e-01
3.500097894657989706e-01
3.508077971888947100e-01
3.503717352435489207e-01
3.499261517247796993e-01
3.500049302644934746e-01
3.504926556663447990e-01
3.501698848162958511e-01
3.507707295162397210e-01
3.493230785654465320e-01
3.509341605188452395e-01
3.503798853613460107e-01
3.504223161524827601e-01
3.498789028722502081e-01
3.504501189293917074e-01
3.492963913560137579e-01
3.507986801974639635e-01
3.506872497754661699e-01
3.500545378945958408e-01
3.501919836462568658e-01
3.501131934080571884e-01
3.510067492659551536e-01
3.511166536702336471e-01
3.509477839533882149e-01
