2.844497648309863846e-01
2.866637506136959224e-01
2.862842101717388288e-01
2.867294792424434635e-01
2.860940674465767830e-01
2.863415634777378149e-01
2.859493971592566575e-01
2.861607404241579555e-01
2.864202499455160145e-01
2.873632726665846793e-01
2.861754917311666868e-01
2.865918620999676203e-01
2.860280172739670945e-01
2.871683142493466345e-01
2.851816216805262427e-01
2.867086025450101827e-01
2.856661932269493054e-01
2.854961593349308324e-01
2.861450639993517453e-01
2.852277048061195308e-01
2.852770801612372620e-01
2.863628238178319019e-01
2.859207039248371496e-01
2.865620990959391601e-01
2.871323643217106869e-01
2.871449740294840791e-01
2.863952922873879148e-01
2.854397626606893779e-01
2.870329729853439704e-01
2.859239594479152102e-01
2.871196394664792262e-01
2.868114546067230264e-01
2.851118588336313264e-01
2.864132934567150124e-01
2.869077206004095881e-01
2.863533670306990797e-01
2.869120222111416485e-01
2.865006747658563890e-01
2.878202332791026108e-01
2.869665268930375879e-01
2.864976908358999874e-01
2.858812705387036579e-01
2.859603506441774634e-01
2.858967700130402023e-01
2.860484598098171349e-01
2.862742684330211729e-01
2.865608867141966054e-01
2.855442421752196203e-01
2.866874717962849539e-01
2.863624195594633437e-01
2.853465355644549950e-01
2.863373382827476554e-01
2.858207532683288976e-01
2.858172712105427893e-01
2.858930411215069300e-01
2.867593049807709016e-01
2.872906380920851599e-01
2.862965488986526919e-01
2.857040926703424133e-01
2.861767677877326554e-01
2.859585415415960008e-01
2.864256168183033635e-01
2.869054789927003579e-01
2.863617306552979636e-01
2.864458224445508572e-01
2.862585580571118116e-01
2.860513460971849664e-01
2.864837571255465232e-01
2.864949348384856487e-01
2.856893617648624262e-01
2.864826153786196317e-01
2.864002873667919058e-01
2.851292898512153284e-01
2.864524907330437409e-01
2.870217542133517430e-01
2.863830394674413693e-01
2.852450603098262705e-01
2.861316501190516171e-01
2.863680545877310690e-01
2.864653431431941066e-01
2.867384077564691380e-01
2.850127025771589939e-01
2.863912160278408447e-01
2.858499485442851928e-01
2.869227659467880609e-01
2.862485230723970098e-01
2.858950465560144982e-01
2.869687496519153225e-01
2.849647630545733001e-01
2.858170667419607236e-01
2.858266202323076488e-01
2.866507293448912197e-01
2.863204111364843207e-01
2.865467283224633066e-01
2.866294706010938387e-01
2.851964946158648262e-01
2.874997891304609809e-01
2.857404375867541590e-01
2.858351701932280164e-01
2.854834749931554061e-01
