3.042031119533211356e-02
3.221379995567213300e-02
3.059920099275878838e-02
3.254339562299402716e-02
3.164017714520066249e-02
3.178467140956360570e-02
3.172298505989738782e-02
3.048203296704657048e-02
3.232494620696561155e-02
3.247874465419511164e-02
3.246174915171378544e-02
3.205237764348577850e-02
3.267983771699931039e-02
3.239117734721985720e-02
3.169570411284027694e-02
3.171030212789498204e-02
3.205057492357274440e-02
3.190352304875442718e-02
3.068643006902219833e-02
3.102067618170312180e-02
3.220353797533800910e-02
3.187308122220723627e-02
3.165333767794641096e-02
3.255794511507160982e-02
3.224705352226855948e-02
3.083452027989373040e-02
3.383176051973688786e-02
3.242007457193597786e-02
3.185997201597409734e-02
3.163031261771555996e-02
3.146554380473123164e-02
3.223943741131514440e-02
3.124830392972676243e-02
3.225141627472070255e-02
3.217471819364960128e-02
3.222383799516230496e-02
3.261844907164178353e-02
3.245354150205911892e-02
3.194303781421979627e-02
3.216876131417704954e-02
3.219354022432900642e-02
3.139956543396654753e-02
3.259433295066423153e-02
3.112090942337458754e-02
3.136136309604353745e-02
3.060993906311798227e-02
3.242331208709788720e-02
3.168890512625135991e-02
3.231912439887454913e-02
3.216072862941261878e-02
3.159888668137109807e-02
3.172489768427337598e-02
3.126221314066301993e-02
3.207421151259993997e-02
3.298201348144379208e-02
3.192967229920192634e-02
3.262899516574480768e-02
3.192632418027617491e-02
3.339570397931063139e-02
3.248687982859821410e-02
3.208563714453830512e-02
3.156053422447065854e-02
3.122226699061613625e-02
3.218144742164839867e-02
3.241330172923220787e-02
3.242662583819250210e-02
3.207421821697366282e-02
3.221145263930889902e-02
3.175017513248512557e-02
3.294254824649729685e-02
3.108851920059615276e-02
3.168503286234741756e-02
3.142486860844012631e-02
3.204483093424119466e-02
3.279059463366892913e-02
3.305230442283017128e-02
3.199441274423780318e-02
3.195206479828479468e-02
3.208397368662807558e-02
3.209122828218306106e-02
3.144645936229172739e-02
3.126077928521586724e-02
3.208156703979279933e-02
3.166847648073070620e-02
3.246284682427187651e-02
3.210147420844661204e-02
3.149823339481978152e-02
3.119213812132248104e-02
3.284665079177441493e-02
3.221716523036630142e-02
3.325452016468340155e-02
3.373511655140573606e-02
3.180126118817495906e-02
3.192657129480346023e-02
3.189967715560187989e-02
3.107135802435152111e-02
3.167357022747406547e-02
3.168691259274684924e-02
3.198444779854848347e-02
3.180346437400392856e-02
