2.353215825146022788e-01
2.364905498006353302e-01
2.355982940517761803e-01
2.374162365217996062e-01
2.357038083606127765e-01
2.366430577961784465e-01
2.353234596582939875e-01
2.355952942754730994e-01
2.359048422041780113e-01
2.359316710789555183e-01
2.358888657161608837e-01
2.362093147087840350e-01
2.367547216783337793e-01
2.369340199375511991e-01
2.375788444212869333e-01
2.361565301625960789e-01
2.361155949866617920e-01
2.362145216324555985e-01
2.367798488307675808e-01
2.354284587839937937e-01
2.362748643696785666e-01
2.365365905466373930e-01
2.374692112167642588e-01
2.362777105500256658e-01
2.357880389163793389e-01
2.343740158422369657e-01
2.363839177833660932e-01
2.358842554832631944e-01
2.368508333474948491e-01
2.361892483095007766e-01
2.364795800269062220e-01
2.362072174255501755e-01
2.356910975943791731e-01
2.366971702855795168e-01
2.357953608278282598e-01
2.358981815647820390e-01
2.359066691438903018e-01
2.367296744057255653e-01
2.371625701526547669e-01
2.355935024370665876e-01
2.362716918118838161e-01
2.362216337273095879e-01
2.356089044551655243e-01
2.351990021594443925e-01
2.364800997456899534e-01
2.349031295526653185e-01
2.363563531305002408e-01
2.356168514267985015e-01
2.362195632225368991e-01
2.342009084479696746e-01
2.363472190678206908e-01
2.364516707753966940e-01
2.359474404788645674e-01
2.369483752086364303e-01
2.368381274438405848e-01
2.356879279852948650e-01
2.367292876283988434e-01
2.365458390273211531e-01
2.347711283521965731e-01
2.349798778319560355e-01
2.359590302599487988e-01
2.347794706286597810e-01
2.344556572119846083e-01
2.365057415109071692e-01
2.359042432789153487e-01
2.364219845587950397e-01
2.344858023131096980e-01
2.359319704302682563e-01
2.361017632203651351e-01
2.359274666916537644e-01
2.361340845822308410e-01
2.362608139638944504e-01
2.360993724357948742e-01
2.361477230753047662e-01
2.359515399444317985e-01
2.365100716133678727e-01
2.361379109463046244e-01
2.364621918000175960e-01
2.363586241062585191e-01
2.368644505395127720e-01
2.362999060064110424e-01
2.361546540048534981e-01
2.358163671777385173e-01
2.364423093508774276e-01
2.361397714018020899e-01
2.366568466305838114e-01
2.360656246013017601e-01
2.359600097276404185e-01
2.365891860427719595e-01
2.359459659407511511e-01
2.373020801037983851e-01
2.361279688300143564e-01
2.360404745758476475e-01
2.365193351168362879e-01
2.355607417181098118e-01
2.368785619303348799e-01
2.375247544142533307e-01
2.358193311101035305e-01
2.364482710693542877e-01
2.363371681614783726e-01
