3.418022891504109984e-01
3.417328606134223401e-01
3.428565987254748593e-01
3.419383633230408392e-01
3.417803494190044256e-01
3.433320642986554261e-01
3.426030507003461345e-01
3.432056021234039522e-01
3.420975912411744480e-01
3.426124641602141807e-01
3.414692145774324561e-01
3.418659818077078305e-01
3.428070618174317019e-01
3.430330990832946569e-01
3.433438328110838822e-01
3.430068834946770617e-01
3.423791318408748729e-01
3.426017212313955396e-01
3.419668281843282198e-01
3.423496881432359085e-01
3.423201446571845219e-01
3.427128813796958551e-01
3.424346690664676895e-01
3.417236516258523316e-01
3.423040806915083611e-01
3.419380904706204594e-01
3.430822506670415661e-01
3.423664341350979856e-01
3.423382193613302427e-01
3.421634892300594588e-01
3.427655333292607964e-01
3.422522808973889608e-01
3.424658393445770832e-01
3.430224387158113952e-01
3.425078450268145280e-01
3.421482789477703901e-01
3.421372271922322184e-01
3.422828296126504410e-01
3.428486818392335045e-01
3.426668153749687917e-01
3.424439485415503026e-01
3.427011504245847107e-01
3.410005226722853111e-01
3.437074515930385044e-01
3.418636601165708777e-01
3.418236007465712545e-01
3.422990924494695442e-01
3.421632603949091855e-01
3.416801196076547642e-01
3.424527521750121428e-01
3.424649366384823201e-01
3.421785268708175121e-01
3.424432990233338692e-01
3.423798553535621902e-01
3.427253998218697806e-01
3.435642546398389174e-01
3.424224677377338266e-01
3.435550348476222871e-01
3.422581369043394828e-01
3.416599055697088771e-01
3.427859656154250700e-01
3.414930262692099650e-01
3.422057325912711834e-01
3.423315289375687409e-01
3.427210306741627077e-01
3.417197518422258606e-01
3.419923471452467334e-01
3.423467092118237520e-01
3.427537150943371635e-01
3.412527409599142025e-01
3.435880527246347738e-01
3.434118922112467387e-01
3.429116353791778482e-01
3.423831144805137838e-01
3.416282772537067025e-01
3.416835501941732911e-01
3.425175121984744830e-01
3.414231739055403891e-01
3.414675059623673015e-01
3.416130490986119539e-01
3.424222124190666738e-01
3.428658630774431559e-01
3.423798988380125641e-01
3.419794090750948312e-01
3.421546745836419601e-01
3.420985660300496223e-01
3.419968823549286441e-01
3.420036675875062770e-01
3.418526394852720030e-01
3.414437073294661062e-01
3.417024074848746817e-01
3.425858422393359692e-01
3.422060208302082351e-01
3.432847061051296222e-01
3.424679691889498390e-01
3.419011989328057388e-01
3.421914752052964137e-01
3.415715144729950525e-01
3.420613276908185396e-01
3.424830240602658726e-01
