5.236483873701127667e-01
5.248701686987151671e-01
5.245123282644504892e-01
5.249428933310350542e-01
5.249457266017905077e-01
5.240260990252235684e-01
5.247538243060696495e-01
5.250942364888528946e-01
5.238518498490923880e-01
5.249471139981040091e-01
5.249556325911157728e-01
5.238556714370036227e-01
5.247340680794444490e-01
5.249470737881223315e-01
5.246661568507848816e-01
5.250891104363288875e-01
5.245856617565129998e-01
5.236157601808621997e-01
5.243115094980618229e-01
5.249384034050282866e-01
5.243020696483553511e-01
5.231443040208368922e-01
5.242678372236692086e-01
5.242475420863601521e-01
5.243187217798710442e-01
5.251024502592638310e-01
5.250071228292634284e-01
5.244337012354476357e-01
5.241139923456112903e-01
5.244075126844313095e-01
5.232088478751950600e-01
5.245579383059790768e-01
5.243196815420159140e-01
5.260994946990860122e-01
5.249127290163916326e-01
5.247616663123506608e-01
5.246513615591497093e-01
5.246337762192506693e-01
5.249601873907108196e-01
5.245248325711815429e-01
5.238100718477650686e-01
5.243627692109760208e-01
5.251533833500092729e-01
5.239246044494919596e-01
5.242653812862125839e-01
5.244833713953634957e-01
5.249827761066392373e-01
5.234530000464723276e-01
5.247381684568546145e-01
5.245110688934269128e-01
5.242365642494726252e-01
5.249221638621859309e-01
5.252333858508255737e-01
5.252674374436943072e-01
5.250946807977390218e-01
5.249527346430767905e-01
5.257724473514322483e-01
5.245483755457602815e-01
5.247860362462024586e-01
5.248205766709960196e-01
5.242418428903655725e-01
5.255645028984514688e-01
5.254794521455248280e-01
5.247819199568428683e-01
5.241474634654174070e-01
5.252420340475483229e-01
5.243299805451140383e-01
5.238616052806468470e-01
5.241111595804504031e-01
5.244397932453443989e-01
5.246533045878942758e-01
5.239422831501927558e-01
5.246740644828149502e-01
5.248664340635472714e-01
5.240335598255658756e-01
5.254552150909665986e-01
5.262242962686788372e-01
5.231526075970361900e-01
5.251628247675996786e-01
5.254460571664743007e-01
5.244034355879677589e-01
5.251183424637794195e-01
5.248047118847504189e-01
5.247648408127060238e-01
5.246139741289393976e-01
5.246895386214711632e-01
5.247218214151916360e-01
5.249585759472360502e-01
5.246358390220174917e-01
5.252727803704952958e-01
5.242449356263593208e-01
5.243515104764977508e-01
5.245424949238400858e-01
5.250094335644932553e-01
5.250204334463481892e-01
5.239586400258706700e-01
5.243980919355880621e-01
5.247276768077229203e-01
5.250734227105771090e-01
5.244013407729513077e-01
