4.661062332551948462e-01
4.677702037053095285e-01
4.653335774822664472e-01
4.673820911167635428e-01
4.657994345287376214e-01
4.664499585195271969e-01
4.673143489032638431e-01
4.672519335913287164e-01
4.665586588778697363e-01
4.663653751300487205e-01
4.672746581853896020e-01
4.669135722219268647e-01
4.666357111995615981e-01
4.663685760859874740e-01
4.664835717075271893e-01
4.666088275921927986e-01
4.659765043095558390e-01
4.664648681004564534e-01
4.672882194280659762e-01
4.683446683483616924e-01
4.669047203761806375e-01
4.667890194955065519e-01
4.661219775962859302e-01
4.664240135544622801e-01
4.663673496518008221e-01
4.661902340741828632e-01
4.662290492532216724e-01
4.669817430178975215e-01
4.671837415107023550e-01
4.667931824146179243e-01
4.673084158559197565e-01
4.663381093103155517e-01
4.654165655455736461e-01
4.663342579239831975e-01
4.658674903304333981e-01
4.675167548102610038e-01
4.679484606327136142e-01
4.666243544382949748e-01
4.660440334855641686e-01
4.669124930235382109e-01
4.661344583491542348e-01
4.665934861803065492e-01
4.663199425204360149e-01
4.666006706525335224e-01
4.668209765506006192e-01
4.657853852255476879e-01
4.665937431886627573e-01
4.677218141809711405e-01
4.652742338598302996e-01
4.669345214651747789e-01
4.668440402315582327e-01
4.656318632299993876e-01
4.659325997424042520e-01
4.665918543847852318e-01
4.676260230646953620e-01
4.669526262870719591e-01
4.674374921704887997e-01
4.668267046654723251e-01
4.669991450859495297e-01
4.673271581344276560e-01
4.661113433268622153e-01
4.663248530949119508e-01
4.669752327486244026e-01
4.662530105886437126e-01
4.658851203240002015e-01
4.661432067425179127e-01
4.662195498920544412e-01
4.673020197746551307e-01
4.660171549227731247e-01
4.660337294261863716e-01
4.660673651773061810e-01
4.666723169044061370e-01
4.664463855952677429e-01
4.666276310999301069e-01
4.676614328201497139e-01
4.651238684159233472e-01
4.658335084593510644e-01
4.671159392612901362e-01
4.670747986045733491e-01
4.657939850317841524e-01
4.678886391959955482e-01
4.663752321788139366e-01
4.659805609955489647e-01
4.671055679246256531e-01
4.663167111524116892e-01
4.648653210913568645e-01
4.666710940097054672e-01
4.664691311164125276e-01
4.672749417126401128e-01
4.663698744924462125e-01
4.661081299585287385e-01
4.661543777880672867e-01
4.669721005578574280e-01
4.661829770050641142e-01
4.662318411923226380e-01
4.671802974103789197e-01
4.670740737523365604e-01
4.671551307654113194e-01
4.667694344817653884e-01
4.669088593946909005e-01
