5.220337528496547808e-02
5.334351498929376656e-02
5.381057395124426435e-02
5.329637256162263192e-02
5.349630677749815655e-02
5.333543885755993863e-02
5.309033707478273689e-02
5.259628659473453149e-02
5.331780918105610834e-02
5.424531136458884961e-02
5.263036315785364627e-02
5.225432266265792047e-02
5.443580534369594354e-02
5.292387449239698005e-02
5.302590789035188656e-02
5.392853611801660951e-02
5.263305143114095641e-02
5.229317907284561362e-02
5.363760114342674273e-02
5.346606025711407584e-02
5.342097893725793190e-02
5.166293767306222307e-02
5.132722944802341897e-02
5.312215495258008902e-02
5.344659574746499220e-02
5.299625385001453803e-02
5.288492125440439479e-02
5.232905823215685398e-02
5.213279474725614204e-02
5.317786169913420180e-02
5.280654932476790825e-02
5.239871096805293754e-02
5.192266367502319097e-02
5.296985476267516285e-02
5.326249437650112939e-02
5.343421734170586412e-02
5.367061860427729814e-02
5.313473985323297066e-02
5.340997738243474791e-02
5.346885984748787207e-02
5.290840393443236450e-02
5.304648515920416807e-02
5.342991752513168852e-02
5.368014590393105356e-02
5.347744261131011367e-02
5.279026402960011743e-02
5.154037291934746023e-02
5.302136774864626978e-02
5.307333657649526693e-02
5.298329721369528233e-02
5.385301842452053234e-02
5.297047416638240441e-02
5.261488001831335359e-02
5.337147478915953147e-02
5.394946139718394956e-02
5.312361730575047153e-02
5.406584015767741669e-02
5.423793310897829373e-02
5.337619981639416672e-02
5.290443288394423849e-02
5.338271731128432784e-02
5.275911482174822087e-02
5.329307517464444005e-02
5.276873048798517984e-02
5.297408619959660669e-02
5.394452931896873138e-02
5.279434749987840791e-02
5.340860911402019878e-02
5.189006679963451690e-02
5.391170365260081199e-02
5.381929532775640151e-02
5.263274824603955682e-02
5.192921175941783013e-02
5.375996044801659157e-02
5.243255108920524821e-02
5.338355074354338842e-02
5.354462249029219578e-02
5.277050970099117500e-02
5.273978020737102312e-02
5.283557992582769980e-02
5.357572751507809483e-02
5.378385342585452478e-02
5.198776111073166728e-02
5.415046455074899734e-02
5.403804581336166257e-02
5.369763591547647985e-02
5.325944969946930230e-02
5.373605395394359663e-02
5.391443159992979212e-02
5.267885645729896565e-02
5.333010111475387088e-02
5.327703207900547772e-02
5.249436270763049861e-02
5.360345789985297704e-02
5.319879363777349490e-02
5.287077548705715335e-02
5.419476440497389413e-02
5.317346730760599827e-02
5.338797768378439335e-02
5.386480585947815702e-02
