7.145215396618291859e-01
7.154867340757948835e-01
7.155549840356367763e-01
7.165545185080604007e-01
7.149867018958435683e-01
7.139269861537053119e-01
7.149361713833053411e-01
7.164492866903219292e-01
7.162758162739583101e-01
7.155158175249660690e-01
7.154100593927548157e-01
7.156574448509873676e-01
7.160262098492136129e-01
7.155737267019255388e-01
7.152123086441857236e-01
7.157664899543478843e-01
7.154930814031927877e-01
7.157853648137220137e-01
7.152781408964807852e-01
7.173475474338386615e-01
7.149723116106165843e-01
7.140653932007898774e-01
7.159389540437406385e-01
7.155394715623648594e-01
7.158300721453858539e-01
7.164585632461641929e-01
7.156852459071162409e-01
7.157901946799101189e-01
7.149857539847934707e-01
7.149023600250870025e-01
7.145681768569795977e-01
7.152431760593991328e-01
7.165704093052706058e-01
7.161298838894605279e-01
7.163567346622102816e-01
7.155093828706460268e-01
7.152142869389973567e-01
7.147067776076146961e-01
7.161561629222785719e-01
7.156480183376418003e-01
7.146473541460592882e-01
7.152521562406095601e-01
7.159887908268832701e-01
7.160756361886454480e-01
7.151732772771139945e-01
7.151569684035504748e-01
7.148572468758804810e-01
7.149845675140302781e-01
7.154815374734109223e-01
7.148073391960942935e-01
7.158237580840713932e-01
7.154414674113587225e-01
7.150013911013486378e-01
7.147998646148394641e-01
7.157583861775428380e-01
7.157198204310604162e-01
7.157356461087713839e-01
7.158410053709399756e-01
7.138704121410606174e-01
7.149206497789692971e-01
7.151949734268309156e-01
7.159201466190895369e-01
7.157279030537906372e-01
7.152949804286161672e-01
7.168159826039182114e-01
7.155373679915661977e-01
7.162166515001520128e-01
7.157032423491944684e-01
7.164296305915557328e-01
7.160058976857175406e-01
7.164590895013130956e-01
7.151837110982626200e-01
7.145678087735837236e-01
7.149239821497621605e-01
7.151998233602427923e-01
7.169692878554931870e-01
7.152277355501233114e-01
7.153048587805576064e-01
7.150262486034689724e-01
7.142645139655579012e-01
7.147263030519863669e-01
7.161202315345800429e-01
7.162546129076865498e-01
7.167084897772382224e-01
7.156868277545624935e-01
7.139811492868510800e-01
7.158925346697777581e-01
7.149627831807454648e-01
7.150401092721184737e-01
7.153422038242137626e-01
7.150817739918932103e-01
7.151990607889595619e-01
7.161114134650552465e-01
7.154746180519897525e-01
7.156312100214634597e-01
7.143803608911608594e-01
7.156295741658335041e-01
7.149568362927509746e-01
7.155658268530171728e-01
7.150324828268999067e-01
