6.491147292018468740e-01
6.507269620352839068e-01
6.495859840876234692e-01
6.507574328104500649e-01
6.504609986963905133e-01
6.503684562207330266e-01
6.497764075083198865e-01
6.502369442887262485e-01
6.498575537420119286e-01
6.501020336347749229e-01
6.507109887650246449e-01
6.507359236512912926e-01
6.502551721294622666e-01
6.501461090905427120e-01
6.522586870276567694e-01
6.496021344489377736e-01
6.501799123747433740e-01
6.500899317844703873e-01
6.511869654245818761e-01
6.507819406957950914e-01
6.501730388247417558e-01
6.520022281481641091e-01
6.509583174337640887e-01
6.502326512349906329e-01
6.491093294112844081e-01
6.503438899589679689e-01
6.506974915585030939e-01
6.513502096516847750e-01
6.511672863986792681e-01
6.507513933853734667e-01
6.509693551377210285e-01
6.522075371374943531e-01
6.502246056106462113e-01
6.508930786461822882e-01
6.503221286136100510e-01
6.509409096526279637e-01
6.501666079708247059e-01
6.496469811109408798e-01
6.506334365764924188e-01
6.499494544993504874e-01
6.509183257710788872e-01
6.504491349097023534e-01
6.506911403412478645e-01
6.509705784849753041e-01
6.507559008758957431e-01
6.515666420383405821e-01
6.498171803285854864e-01
6.513430954672319029e-01
6.514205095062777229e-01
6.497229957391853494e-01
6.503484459528187100e-01
6.510810764514303184e-01
6.505597387225980910e-01
6.507572859332896309e-01
6.511154799588925179e-01
6.499360274720997754e-01
6.508895564397227940e-01
6.507693598099263399e-01
6.512045081921946643e-01
6.509569851607793778e-01
6.501334941715840587e-01
6.516119977484553516e-01
6.503861003356713466e-01
6.502163406548845392e-01
6.514635735195799526e-01
6.510419251837278320e-01
6.518947503675549537e-01
6.514271782267945232e-01
6.501716887533504075e-01
6.502628605983411525e-01
6.499854673178553366e-01
6.512610070670614704e-01
6.513904586509122741e-01
6.508751560827832350e-01
6.517310956639428277e-01
6.523750081753175722e-01
6.506489320796056131e-01
6.499824113961119032e-01
6.496505546226438721e-01
6.506986157282840244e-01
6.511762714129926133e-01
6.513192417318909300e-01
6.501390258575402425e-01
6.520180284900914947e-01
6.500722049887253107e-01
6.499126220120019504e-01
6.503728125162382412e-01
6.499460054652511642e-01
6.508230131441823385e-01
6.498740180938833433e-01
6.507255697625302648e-01
6.505394657169558670e-01
6.511267701695138133e-01
6.497824051668924517e-01
6.506486247302973869e-01
6.499913186724437519e-01
6.515392670764933447e-01
6.507279397730366677e-01
6.498023117293114659e-01
6.510291451262182338e-01
