1.085341161330222459e-01
1.092067677140139415e-01
1.099474287928671745e-01
1.095216093437544336e-01
1.088807735208947303e-01
1.094662661479493537e-01
1.088641505412974164e-01
1.084073732185971140e-01
1.091186973306887409e-01
1.095705846317832077e-01
1.090864008406814689e-01
1.092712800627282654e-01
1.088217569193242751e-01
1.092943550586079338e-01
1.097449277572780379e-01
1.092568569606842677e-01
1.109068916175375147e-01
1.091497854668488504e-01
1.107092789764839297e-01
1.089164728034023311e-01
1.081093946521713145e-01
1.105649062316497733e-01
1.094817088542490435e-01
1.086140413331103671e-01
1.080271479770602838e-01
1.102844045178077853e-01
1.107127538588690008e-01
1.088641619462616950e-01
1.084780471012957437e-01
1.089129123260969556e-01
1.098493263529324721e-01
1.086598794260989209e-01
1.094732713423794412e-01
1.089623885322187624e-01
1.095119768977157459e-01
1.094208771572431349e-01
1.090806554262234440e-01
1.103834697671663423e-01
1.105806858076830990e-01
1.091642178334553542e-01
1.103611457104132776e-01
1.084323385206865387e-01
1.095163063297889261e-01
1.095330940238025408e-01
1.088608256661772328e-01
1.095187158139427630e-01
1.104275243233100445e-01
1.077159126122460286e-01
1.094377481274891595e-01
1.097654246471953809e-01
1.082034181728127320e-01
1.095832465874635731e-01
1.089757167969355595e-01
1.091793436349047519e-01
1.102624924157288855e-01
1.087655261276374852e-01
1.088128979694075599e-01
1.086625111332700788e-01
1.091789369593652859e-01
1.092185025233624873e-01
1.102935233292032524e-01
1.095922571115391375e-01
1.081462421323032969e-01
1.095010624808944316e-01
1.090657098707661782e-01
1.096115450596272106e-01
1.101823268315600540e-01
1.105161468359766863e-01
1.093819754909308578e-01
1.083990155429304381e-01
1.090646281306674736e-01
1.088276462669358069e-01
1.094088454553042017e-01
1.098033539847428630e-01
1.097660319447303495e-01
1.098760574686086650e-01
1.096271019763751797e-01
1.090303153103546197e-01
1.093977947416501922e-01
1.089355962492350588e-01
1.100435768204303388e-01
1.092423134546428032e-01
1.103036277982771263e-01
1.094480957643521324e-01
1.100970293886379819e-01
1.094544523804497071e-01
1.083025638309443317e-01
1.095406292561364597e-01
1.090179926401315114e-01
1.097315090072266408e-01
1.095719958094612811e-01
1.088415368549785212e-01
1.091598292519522506e-01
1.100358861735374894e-01
1.087492092724233611e-01
1.095753614244478757e-01
1.093329567892095122e-01
1.102555481507321161e-01
1.085545474668340726e-01
1.093303473636790812e-01
