1.252222379350367322e-02
1.366096032107103411e-02
1.452610070622049887e-02
1.457626891722312024e-02
1.465202123462629007e-02
1.466867925677245790e-02
1.364457974322374686e-02
1.336989406371021094e-02
1.458873009634615442e-02
1.365211700233061667e-02
1.320548126201620022e-02
1.361348714741019740e-02
1.426758599330062161e-02
1.402663937914039489e-02
1.324626961762669086e-02
1.393519589681881457e-02
1.372393431893991975e-02
1.387920273188708933e-02
1.400884059363163500e-02
1.404026721447422521e-02
1.434374907358971357e-02
1.393021701183432166e-02
1.290263161732291622e-02
1.567231696988880679e-02
1.331322322015280474e-02
1.450007517593640896e-02
1.450276152217152073e-02
1.390461834241740399e-02
1.319061751017198275e-02
1.473017932061189764e-02
1.409512859343045946e-02
1.432213631586693077e-02
1.387885379080302899e-02
1.313897669487027603e-02
1.386511458937375249e-02
1.435696452474265888e-02
1.311848631152825670e-02
1.393223850135064112e-02
1.319067793808947203e-02
1.307535108209488192e-02
1.320261554364839281e-02
1.456897760677730753e-02
1.395481749522193074e-02
1.392951725537442884e-02
1.448619356360668006e-02
1.418980999580605681e-02
1.426652172803325770e-02
1.430465388540099955e-02
1.324895514615545729e-02
1.386964232327932145e-02
1.453308864991080876e-02
1.444150117968514245e-02
1.465595017442102022e-02
1.420279844920625464e-02
1.394583303142454822e-02
1.521122758551831863e-02
1.399254617425503902e-02
1.410286221670863788e-02
1.412306287680192146e-02
1.411490914970067560e-02
1.487612083846621622e-02
1.415972067383735114e-02
1.370243362134703630e-02
1.398698287764230802e-02
1.443336580053932242e-02
1.378631788238248237e-02
1.318182488436235936e-02
1.399454052635258974e-02
1.406113439801599460e-02
1.456713150891543115e-02
1.411827899133189998e-02
1.486762772240378915e-02
1.366918010521677752e-02
1.385935325854427240e-02
1.360671208246121838e-02
1.384927706750079153e-02
1.357779684223163821e-02
1.377303326795280281e-02
1.437313358921694928e-02
1.394457623672021654e-02
1.313282815310344923e-02
1.327902270300979071e-02
1.411951416732845285e-02
1.479098112596916904e-02
1.462117760915789856e-02
1.476109466307698632e-02
1.479375997853349389e-02
1.400219669689301873e-02
1.339891505821028117e-02
1.418251427661696394e-02
1.381636512813684201e-02
1.395103134785051838e-02
1.381882609734784439e-02
1.339817657115235580e-02
1.463403836551926962e-02
1.397025872600540439e-02
1.439958139087992028e-02
1.302422821426198543e-02
1.467635927140135965e-02
1.360650886434327730e-02
