3.911318774647442043e-01
3.928789714564959179e-01
3.927926753420724060e-01
3.925994235723083703e-01
3.918824200821858228e-01
3.918747509773634619e-01
3.926329726087395278e-01
3.922968543930950291e-01
3.926804994695135553e-01
3.930303238606411842e-01
3.921316287303475701e-01
3.917166584394928264e-01
3.927176428939313513e-01
3.933495006251349624e-01
3.928086182801324711e-01
3.934286812017949719e-01
3.913571410567959763e-01
3.925009614102693556e-01
3.925364300606665191e-01
3.925734472462335534e-01
3.930292945587169906e-01
3.920938177106961242e-01
3.925652530940733076e-01
3.922223710481322900e-01
3.920167457780012188e-01
3.916785267634502743e-01
3.929082575618985107e-01
3.905643398293202062e-01
3.931409660836867603e-01
3.934513031284616602e-01
3.918316125058672328e-01
3.921330330128930397e-01
3.929027952226035736e-01
3.923131782341479079e-01
3.929998622372404826e-01
3.922435746478226681e-01
3.933484155960612627e-01
3.928436890116919766e-01
3.925419267103696375e-01
3.924683175778272415e-01
3.924422437888107629e-01
3.932126321410032710e-01
3.922668705133253164e-01
3.930345947540525020e-01
3.929273480936857910e-01
3.915859610300450044e-01
3.919218243598205365e-01
3.924921851351028668e-01
3.922961135980476133e-01
3.925477357786993360e-01
3.922054254790360850e-01
3.936271825474791930e-01
3.925464143590952082e-01
3.919724304710960894e-01
3.916262371734609560e-01
3.933592995850236917e-01
3.917915775422371460e-01
3.933204052671881445e-01
3.927681939791577426e-01
3.920832423251754406e-01
3.927698774408965310e-01
3.923328258413839031e-01
3.926436329717070128e-01
3.931562112744492188e-01
3.937670629480314322e-01
3.933290098519436340e-01
3.923788325031313251e-01
3.919331088492392645e-01
3.926491885347594968e-01
3.922500444628207461e-01
3.917394411284451095e-01
3.921439067225171993e-01
3.920949123420625626e-01
3.922003169040590986e-01
3.924531152729944239e-01
3.934971599482010030e-01
3.923472034303654432e-01
3.926847814788729796e-01
3.920047517042807850e-01
3.925886875541346743e-01
3.928445504368079932e-01
3.936688147279168160e-01
3.928689836803886393e-01
3.933785056888171594e-01
3.917157888222005946e-01
3.921837339622135099e-01
3.916430353447311052e-01
3.915578043997162694e-01
3.918448929370761946e-01
3.920689302445667934e-01
3.907130634880476849e-01
3.925866613230298841e-01
3.927167713669057481e-01
3.930773529581423897e-01
3.926479643913086681e-01
3.923840122806383501e-01
3.916510375977901859e-01
3.927673841304011315e-01
3.935400742841619892e-01
3.930200130647120704e-01
