5.115525753661203101e-01
5.128592096494415387e-01
5.124467883369088206e-01
5.118899263398362098e-01
5.129165100551531520e-01
5.112381318538488095e-01
5.134225470778395195e-01
5.133466288465078353e-01
5.128578020277113625e-01
5.131449220614857643e-01
5.133152461963379487e-01
5.123020599405180286e-01
5.135124582667380810e-01
5.125538573543276799e-01
5.141520250943255599e-01
5.126104108609619292e-01
5.126212836125494388e-01
5.119706083606578861e-01
5.128808830674854713e-01
5.123834912349477522e-01
5.116458541637309843e-01
5.121448274249555954e-01
5.126692742527435565e-01
5.127418934917805649e-01
5.128883531903740689e-01
5.125220890407319319e-01
5.125012412481853019e-01
5.129194905095296741e-01
5.125882190709389885e-01
5.117635390380660398e-01
5.122477803206917368e-01
5.124249146364281415e-01
5.137313008454191809e-01
5.120523932007365886e-01
5.120189047514739356e-01
5.124986205806634221e-01
5.118652800793290769e-01
5.137564582334434027e-01
5.129577700020037101e-01
5.131314451839712465e-01
5.118530941760681685e-01
5.135178037562788678e-01
5.128813263660451094e-01
5.124521703646706117e-01
5.128461869636133930e-01
5.114947625003404275e-01
5.122651597706009419e-01
5.120356586466243698e-01
5.136670296567811267e-01
5.122614845204753742e-01
5.128137644473669265e-01
5.124598492205296729e-01
5.127022633819391384e-01
5.132867053852625538e-01
5.129625989777121253e-01
5.124338629192546346e-01
5.125643763322129676e-01
5.122953450295089084e-01
5.138196534536448867e-01
5.144970733257751005e-01
5.135646013371871765e-01
5.125925709340135583e-01
5.133381170142455874e-01
5.123919386992225045e-01
5.127650392789041556e-01
5.126158420067079557e-01
5.120820457009955806e-01
5.130271091672735650e-01
5.148399327522492630e-01
5.118845126279497615e-01
5.113468835929356748e-01
5.131622393544479355e-01
5.128344231050009361e-01
5.125163803866148449e-01
5.128192185743166709e-01
5.124913779964762606e-01
5.122864587936283298e-01
5.125022606409408432e-01
5.132999268507286716e-01
5.124940926851995204e-01
5.131545954157441525e-01
5.129660290921431720e-01
5.132866939153625241e-01
5.124127577724661986e-01
5.126603268452071260e-01
5.122450862125428328e-01
5.121068500312461191e-01
5.130477096714178842e-01
5.134042333559782900e-01
5.123248337776546979e-01
5.117365423713804429e-01
5.122327243001979502e-01
5.133560452042682520e-01
5.127591962916564494e-01
5.129933723036448345e-01
5.125182508219846556e-01
5.112086724131228443e-01
5.125752064689738097e-01
5.121838213805111062e-01
5.133477056937234551e-01
