9.453484672149563561e-01
9.452311684538021730e-01
9.446343310860551012e-01
9.451709793056110032e-01
9.453859701945168670e-01
9.455086176340836701e-01
9.450955265591720611e-01
9.458129014114756705e-01
9.462046911606674104e-01
9.456537702187989280e-01
9.466789931938019986e-01
9.458782681553796756e-01
9.454859198086467131e-01
9.450409643242925206e-01
9.454925316142509528e-01
9.468191533329279874e-01
9.448385795613036819e-01
9.468838160686512406e-01
9.459213551896910044e-01
9.455325306946511521e-01
9.461414568657982027e-01
9.455893568273463501e-01
9.448288853573069135e-01
9.455800873994015809e-01
9.461895433196390037e-01
9.460252740818555495e-01
9.462668358688319792e-01
9.449269337700187954e-01
9.453161793046835903e-01
9.461073212552097988e-01
9.456562572092610530e-01
9.463053962112515372e-01
9.467992852799822501e-01
9.457061132579476226e-01
9.451371151218550537e-01
9.456305056366378636e-01
9.448253950923077849e-01
9.459112457771714499e-01
9.464010142527303771e-01
9.460710076003329139e-01
9.453729467446074786e-01
9.453250425559498460e-01
9.452096089380506161e-01
9.458431686555650586e-01
9.444314075240449746e-01
9.453405962965557574e-01
9.454153258512651981e-01
9.452539817247237464e-01
9.466662467670985404e-01
9.452396253312982388e-01
9.456129836093145613e-01
9.459362110599407458e-01
9.456454524198700806e-01
9.458598860966280775e-01
9.449321030509945096e-01
9.447748108571059067e-01
9.461077690611205959e-01
9.450624533448526154e-01
9.464835975904170029e-01
9.458079510059573813e-01
9.447558405387224134e-01
9.463732512508915562e-01
9.461902691189545411e-01
9.464466077238785635e-01
9.459455103392071518e-01
9.461475985225993313e-01
9.457685088857817890e-01
9.463163122871027788e-01
9.454433524389160848e-01
9.463642229055313493e-01
9.457692116273849203e-01
9.452558145821166047e-01
9.453336912501510980e-01
9.458568100591058236e-01
9.455130238164548562e-01
9.449189318743151933e-01
9.449010341348886843e-01
9.460938705199857246e-01
9.456924797189243392e-01
9.456886578901613216e-01
9.450307492413306809e-01
9.454730758041363092e-01
9.459624721670005787e-01
9.456615174373086408e-01
9.461213691845948848e-01
9.447697290400680625e-01
9.464119463353892758e-01
9.460774798815384523e-01
9.463086032213305909e-01
9.460531818814414962e-01
9.460530204655086539e-01
9.447004959524305523e-01
9.457741090070505008e-01
9.459026745744785192e-01
9.454229622922066811e-01
9.457540599313074559e-01
9.455065720585112965e-01
9.457126960876767185e-01
9.446914179792416100e-01
9.463092548353405631e-01
