8.552389342253287063e-01
8.574328935360699955e-01
8.573566816304225569e-01
8.573182623893722543e-01
8.568456628426179833e-01
8.571243548437786908e-01
8.569125028773871833e-01
8.574562674873703605e-01
8.557044662633936927e-01
8.562227144492731146e-01
8.562418941586158461e-01
8.557063426457227617e-01
8.560278803292025174e-01
8.565926891577876345e-01
8.561483943792953522e-01
8.572131562898586132e-01
8.567406944427997662e-01
8.564124075100960631e-01
8.571824369116773923e-01
8.573428321921439110e-01
8.567846184444523061e-01
8.575769862055818704e-01
8.564132408236105887e-01
8.563474246601331386e-01
8.564370133218006664e-01
8.570920569646156562e-01
8.555171795702478654e-01
8.566391260531029950e-01
8.571794745598712018e-01
8.558874834726213354e-01
8.564188087372335279e-01
8.566335704310036325e-01
8.551105756864627594e-01
8.561618218894733179e-01
8.559960640922965602e-01
8.562005034302884177e-01
8.563578589908251715e-01
8.565360525484762011e-01
8.569651367355490823e-01
8.573346750504785563e-01
8.563549906883017870e-01
8.561823570866828881e-01
8.569885116783685364e-01
8.558179739225936222e-01
8.571217622607611997e-01
8.557902005449703475e-01
8.551416517337195877e-01
8.587293906454297465e-01
8.563401800851602186e-01
8.566442168179443373e-01
8.566248609842723738e-01
8.563345412474333562e-01
8.566633772815066550e-01
8.558672453853543027e-01
8.566885543457205543e-01
8.555069786006745947e-01
8.552647519508824736e-01
8.564248225675052950e-01
8.573865775428211045e-01
8.574262485823749280e-01
8.558430515468076205e-01
8.572403482582195977e-01
8.565448391155032759e-01
8.559812399277715311e-01
8.558496690031577314e-01
8.570949239701621813e-01
8.559082388085863524e-01
8.561653165576305069e-01
8.563111065759769769e-01
8.563971636285048206e-01
8.562667147067938300e-01
8.556021110978895283e-01
8.563962790022631166e-01
8.578225440567419646e-01
8.556717764358203748e-01
8.555402569800538704e-01
8.558068484920429153e-01
8.559468808027201892e-01
8.570580680668675733e-01
8.572954841997552089e-01
8.562902828118357235e-01
8.560062995985306955e-01
8.562454061811187733e-01
8.569660342636150618e-01
8.569183024292104101e-01
8.563168564581922215e-01
8.564935981948065269e-01
8.569128018293914462e-01
8.564297577532260508e-01
8.572888938155214245e-01
8.569750514201668334e-01
8.568752435316400184e-01
8.570954156057597473e-01
8.570031676678296906e-01
8.560884794280416710e-01
8.550455536484685704e-01
8.569029332251099085e-01
8.565118476665558589e-01
8.567264570576039739e-01
8.563643518080975570e-01
