6.505060495062033876e-01
6.523577541243286149e-01
6.519450750162774089e-01
6.522665042446065264e-01
6.522321289428980595e-01
6.530862679139667337e-01
6.523426846476541030e-01
6.518296486792837241e-01
6.530103532481247308e-01
6.539998089049658958e-01
6.534545102701192487e-01
6.524254549189313357e-01
6.529527516247746188e-01
6.521013183281039183e-01
6.516598963866615524e-01
6.531507819831288142e-01
6.528413248601779850e-01
6.528255458907140651e-01
6.525999929385452036e-01
6.528776147071781999e-01
6.535029380024433010e-01
6.516805413158652804e-01
6.539441744522859201e-01
6.528785424101306578e-01
6.529586749545523983e-01
6.519861106740962864e-01
6.525894711639097512e-01
6.523958344266103104e-01
6.524242500749125595e-01
6.524976601647899388e-01
6.526716930953859741e-01
6.525596594563882746e-01
6.524560329627694388e-01
6.530570215617175212e-01
6.527341370043699964e-01
6.523001851034146981e-01
6.541126610666607721e-01
6.525789433683304441e-01
6.520980394424079618e-01
6.525578440565421579e-01
6.515275826711175444e-01
6.520826204503236134e-01
6.527352234689474120e-01
6.530206628978472150e-01
6.530676798651799952e-01
6.524600844783702280e-01
6.526653819540982893e-01
6.518634034065042826e-01
6.530563134745621667e-01
6.531406118801695859e-01
6.532246955989734483e-01
6.525160852570976999e-01
6.524419778920700352e-01
6.525750597982153955e-01
6.519714787617525431e-01
6.521372045932524175e-01
6.534133145906501072e-01
6.523524348886765578e-01
6.526553294003378802e-01
6.524205566388203703e-01
6.522412877724934610e-01
6.517503492123019049e-01
6.518065224704450156e-01
6.532589445934369188e-01
6.523516554698438608e-01
6.532652831648853020e-01
6.528807298030063766e-01
6.516337157910441213e-01
6.516590061344810225e-01
6.535399951784992556e-01
6.533863486974192947e-01
6.532063227310596076e-01
6.530577881104397964e-01
6.524353155615392197e-01
6.541750434091707644e-01
6.531329188326826518e-01
6.535762081969175297e-01
6.526328068455629072e-01
6.520544719887938490e-01
6.524476846228193239e-01
6.526126345689331476e-01
6.520278068113034564e-01
6.531357829145549854e-01
6.526870445910553098e-01
6.522465746882766258e-01
6.522388963086196423e-01
6.528162497129199604e-01
6.519165239362529896e-01
6.537257625870764866e-01
6.532282530354652783e-01
6.518736960616929865e-01
6.517085558294343217e-01
6.518661544945223429e-01
6.531267074892181945e-01
6.525923356742266979e-01
6.539444180103753945e-01
6.529549177895066503e-01
6.521655194191270377e-01
6.521703788752579722e-01
6.533223846448176220e-01
