6.362731130922411049e-01
6.360411401959559230e-01
6.371388389567184118e-01
6.367553600694105809e-01
6.362643084466755861e-01
6.367723333683135145e-01
6.363794570744704115e-01
6.356437974362064702e-01
6.363564115385295095e-01
6.374276516253369884e-01
6.362161448338624625e-01
6.368602555771547546e-01
6.360409614410829082e-01
6.354656429382645744e-01
6.360158293668769502e-01
6.357650279170248275e-01
6.369300732027904921e-01
6.368887969456880072e-01
6.367530582936911099e-01
6.374962395965299011e-01
6.362090397852022683e-01
6.368357138555071906e-01
6.371574831797498506e-01
6.369024062560795230e-01
6.371745131144013197e-01
6.367423539562194756e-01
6.370666890299501173e-01
6.367197005283384836e-01
6.355331408829483220e-01
6.365263109673870989e-01
6.356470924971777681e-01
6.362905827747531440e-01
6.366753743312993929e-01
6.363665324263614309e-01
6.365141039884181229e-01
6.371784864058760434e-01
6.357632027865149915e-01
6.367604601105602002e-01
6.368093040713017627e-01
6.370740022726355534e-01
6.360682526331553621e-01
6.380765642320039843e-01
6.362524347805627034e-01
6.371280413707627321e-01
6.368684935159525384e-01
6.362481001634616717e-01
6.366606576497734205e-01
6.358929107760221688e-01
6.363221612716951636e-01
6.363491455071452751e-01
6.366948593660093358e-01
6.363451880748789424e-01
6.378070758985602273e-01
6.355113433348318353e-01
6.366138607345068756e-01
6.361673847990032549e-01
6.368003571243754379e-01
6.355241665854722832e-01
6.359622416521254484e-01
6.352774016090284581e-01
6.368228330534037029e-01
6.361122753431222021e-01
6.365704590268224106e-01
6.364116569134605772e-01
6.369296761343042901e-01
6.365170016099381822e-01
6.369884294293317595e-01
6.365416527077154552e-01
6.367671378593662279e-01
6.367785481803946990e-01
6.375488084967055880e-01
6.359238546230348010e-01
6.367261360252525204e-01
6.361561285906367491e-01
6.368688680064257257e-01
6.363712187435311973e-01
6.375767878232238006e-01
6.363802839824366231e-01
6.360746978451400357e-01
6.357922030822563686e-01
6.355756692848030243e-01
6.372384888498198174e-01
6.363797237864075029e-01
6.370684767733785225e-01
6.370263055410714248e-01
6.361768637806891613e-01
6.368031579339979986e-01
6.375430573372636855e-01
6.366212270216800029e-01
6.369689708970690534e-01
6.377688394659617455e-01
6.371498632499811299e-01
6.373876863076506361e-01
6.370954523113767642e-01
6.358562255234474492e-01
6.364992768385266952e-01
6.364534612912376987e-01
6.372076033498357273e-01
6.354953830104421719e-01
6.367064656505134757e-01
