2.300665770670079491e-01
2.317997492588974862e-01
2.312635370281351799e-01
2.313131807847156329e-01
2.302949694488794496e-01
2.304223560508931734e-01
2.309386398219095693e-01
2.314585218267311562e-01
2.319927976178096374e-01
2.319658271041737940e-01
2.312257426435616881e-01
2.314768275516910223e-01
2.309666524791271214e-01
2.308530058629562065e-01
2.313024318957463410e-01
2.316042685095395237e-01
2.310777159755402210e-01
2.324908111902679320e-01
2.314212225842445236e-01
2.313073102341858811e-01
2.310133261222493684e-01
2.314412452648042517e-01
2.307532774769657791e-01
2.316327321674735984e-01
2.314358324190540772e-01
2.326617940735708490e-01
2.305629905479866237e-01
2.313047851122856102e-01
2.306147426252304067e-01
2.311763197581770957e-01
2.299760529026949607e-01
2.316377351547111441e-01
2.306022354512189121e-01
2.314506749657598839e-01
2.310540968626804137e-01
2.312093544264298417e-01
2.321279017397245847e-01
2.318067029176669736e-01
2.307625930185268903e-01
2.320388304402286606e-01
2.311105448240817206e-01
2.314081504316174986e-01
2.307751525679554994e-01
2.304455384676479535e-01
2.316892965884033706e-01
2.315120487476531319e-01
2.313436862334650734e-01
2.311649969330870080e-01
2.308979133939846329e-01
2.311466855128547215e-01
2.293535376902463840e-01
2.313463958753617933e-01
2.309407948703257885e-01
2.311600503506664461e-01
2.304459022028764736e-01
2.321987676041252224e-01
2.308146402414161247e-01
2.306100896961740254e-01
2.302699794440205283e-01
2.313340739957687742e-01
2.302297186260797712e-01
2.296419035379605456e-01
2.313547037290914488e-01
2.313182760889804790e-01
2.304724374871262027e-01
2.313307758192564290e-01
2.322555277402236218e-01
2.301740316425732735e-01
2.311439427480701525e-01
2.312501635171788084e-01
2.324337837834648812e-01
2.311773673812043128e-01
2.305830843805341812e-01
2.318766382480674793e-01
2.321452333320500883e-01
2.313577333878637232e-01
2.323458673438449362e-01
2.314202448371305010e-01
2.323022783556395465e-01
2.310104847943459383e-01
2.300865218549957292e-01
2.307582631054103661e-01
2.319829878210870611e-01
2.312934146853619644e-01
2.318576978189247906e-01
2.304855014054795759e-01
2.309281601863080735e-01
2.311593279857376282e-01
2.308881938350707264e-01
2.313831748024350599e-01
2.313448724406784174e-01
2.299570723486826784e-01
2.321132391811522588e-01
2.309567470685591761e-01
2.310931980207047987e-01
2.315446906868175725e-01
2.305230131621322787e-01
2.310418368089087737e-01
2.313687904098113701e-01
2.305693571491265748e-01
