5.741329878737657655e-01
5.761466327855980785e-01
5.753589321360390585e-01
5.744236906949617971e-01
5.749421622460046954e-01
5.753541924095268989e-01
5.757554425767339445e-01
5.754471534338027050e-01
5.761567950601728105e-01
5.764376410573968101e-01
5.762574270053975045e-01
5.760267245500783062e-01
5.745808907397975673e-01
5.752834438369344161e-01
5.762047677217623232e-01
5.766339686015520272e-01
5.757697459822428421e-01
5.760618061447805305e-01
5.754953131680290435e-01
5.755694703026168479e-01
5.748323897138226668e-01
5.752973555884942636e-01
5.758221601434694303e-01
5.758004483330119161e-01
5.758222691904436585e-01
5.756238537221829432e-01
5.762593794377175449e-01
5.746730471343758362e-01
5.744555533717058404e-01
5.760695209033542818e-01
5.768670431037397073e-01
5.766575969187238693e-01
5.759690168280056088e-01
5.750440098638737174e-01
5.756169309648746513e-01
5.767233220133831662e-01
5.737012856476184641e-01
5.754636461912130407e-01
5.761362095537185812e-01
5.764595315263211228e-01
5.756573599175883738e-01
5.751965660554465565e-01
5.751176448326422719e-01
5.755486431325410601e-01
5.756001823010102880e-01
5.760554392791500389e-01
5.761967721261276321e-01
5.753829187133125966e-01
5.760134608596834127e-01
5.748901960474059880e-01
5.763798331452680834e-01
5.758929355113524551e-01
5.746990755876699719e-01
5.764843175272197362e-01
5.757005544618296611e-01
5.745613243667864189e-01
5.754151715995194927e-01
5.747793801229533761e-01
5.759883420884858163e-01
5.753055053055021739e-01
5.742498856220534798e-01
5.752279109054663220e-01
5.750195124079591213e-01
5.746363102802736211e-01
5.748729461779167327e-01
5.757057861244201380e-01
5.753186632296861669e-01
5.757008170656537915e-01
5.762853571365258443e-01
5.751068233607599112e-01
5.761906513906708271e-01
5.750114646018217313e-01
5.752765039396625646e-01
5.740750714956261991e-01
5.750130640496619039e-01
5.755360839307158694e-01
5.749339400040931469e-01
5.764343332123924579e-01
5.755618922194403186e-01
5.755959296401911285e-01
5.756356933864854586e-01
5.759048185380957197e-01
5.746613299706833100e-01
5.745020719120281782e-01
5.746878685711205303e-01
5.758914856528420945e-01
5.762859591617695010e-01
5.755132239945781603e-01
5.747533497920469525e-01
5.761341995714845954e-01
5.758808562817341326e-01
5.770371653861176009e-01
5.758473055732717949e-01
5.754163477346132538e-01
5.752926792132382339e-01
5.744295355994035734e-01
5.761668884556727654e-01
5.758657001035231149e-01
5.756625521300795523e-01
5.762804957749941837e-01
