6.351659514189393896e-01
6.357056712822659605e-01
6.353331344139568904e-01
6.354773504880029122e-01
6.357639664834697779e-01
6.353151294285115380e-01
6.364519585029420057e-01
6.343647045012452690e-01
6.359497050411275776e-01
6.349089234143974192e-01
6.360512328795797643e-01
6.357853689526542507e-01
6.362947968516088348e-01
6.339352487688980631e-01
6.349147547277659287e-01
6.355982501979475785e-01
6.354177951957226123e-01
6.350502292674512494e-01
6.361166146825718570e-01
6.337852675585522455e-01
6.361236074237902605e-01
6.361851849736767095e-01
6.349554317644050538e-01
6.349017144407870239e-01
6.354388452046928482e-01
6.365084176010937789e-01
6.357856115817981379e-01
6.345235371090286458e-01
6.357704725213103591e-01
6.359266663501090822e-01
6.353595961254623337e-01
6.353974527065875400e-01
6.340698166726030927e-01
6.357690672694844558e-01
6.366598981383059241e-01
6.349727171055533637e-01
6.360599678773020127e-01
6.358164105574042324e-01
6.356154636912307865e-01
6.353937771964509595e-01
6.350371532347797165e-01
6.350579201638777427e-01
6.350596947832567452e-01
6.356246311809020666e-01
6.356044473039157428e-01
6.349283961326477321e-01
6.360352320993152286e-01
6.355803373569678394e-01
6.345602297784016521e-01
6.354496647735112802e-01
6.362035138346799901e-01
6.350393702573845500e-01
6.348829742618702365e-01
6.357391790183087865e-01
6.356816123378195016e-01
6.351872249796944869e-01
6.353089305139067999e-01
6.347071462588629309e-01
6.355409846278057273e-01
6.353771994733268258e-01
6.346569617008438469e-01
6.349208099182402920e-01
6.351923470091410673e-01
6.356483257420211253e-01
6.353737571889847002e-01
6.362405059349676151e-01
6.359697852367018900e-01
6.341087905429021454e-01
6.359555608382925218e-01
6.351544320751433270e-01
6.356267867530391857e-01
6.361554183182107636e-01
6.357567196665068199e-01
6.363819523192636440e-01
6.353340401274427673e-01
6.350836520757965342e-01
6.361419763085840451e-01
6.357317272917417661e-01
6.361111866434021600e-01
6.366580424231702562e-01
6.354399684547455962e-01
6.360080085879751266e-01
6.336429163846968304e-01
6.362258556248510111e-01
6.355416649312644051e-01
6.352658133097304205e-01
6.356472474979790732e-01
6.355271927492776030e-01
6.358873477854379841e-01
6.353928800726411641e-01
6.345067843839071742e-01
6.355454626391753292e-01
6.360188272920697106e-01
6.352888126751646825e-01
6.359508559641007253e-01
6.375167275338172734e-01
6.366323427807976110e-01
6.353167934380603565e-01
6.350881107585761853e-01
6.352633725572548462e-01
