3.239709597653536166e-01
3.268079255315073928e-01
3.255702515648796203e-01
3.252940118560312954e-01
3.253773822838561536e-01
3.246418069520435878e-01
3.256062641166931337e-01
3.253591841982509392e-01
3.249586012899375875e-01
3.249272796432715604e-01
3.264598392399672977e-01
3.259744593067928076e-01
3.248144625786075212e-01
3.247405339418222292e-01
3.252578705662089176e-01
3.245935024252960543e-01
3.251317531954741602e-01
3.266896052594435718e-01
3.260929216773455486e-01
3.265303104040203075e-01
3.257931075848929381e-01
3.249389714848959221e-01
3.252816470507366997e-01
3.248491260124534152e-01
3.256676828681095981e-01
3.253415935325884578e-01
3.244978647015837048e-01
3.249060662885787099e-01
3.255510667183044715e-01
3.256385595111350728e-01
3.250239070330883662e-01
3.255482370417029370e-01
3.240076247037281254e-01
3.253719523872632413e-01
3.247891568629229786e-01
3.259915754436958912e-01
3.261120481728685405e-01
3.261786469951009071e-01
3.240655294105024287e-01
3.262114197795612514e-01
3.263341157324085584e-01
3.256491858205258216e-01
3.253740181500822115e-01
3.249427460800539125e-01
3.255535509068815392e-01
3.262755784609713272e-01
3.245884982925444917e-01
3.248636847003752992e-01
3.245838022219722507e-01
3.238629816972314890e-01
3.254891757443696410e-01
3.252641230391217220e-01
3.253446319301641632e-01
3.243685015324719867e-01
3.239834834788876683e-01
3.261276096357288434e-01
3.253211234874919811e-01
3.258812750174109318e-01
3.249393437428690912e-01
3.245566011314249266e-01
3.255154550247488232e-01
3.264677388352126841e-01
3.246455629663295150e-01
3.250225287643624394e-01
3.265757106969855994e-01
3.258885262281917550e-01
3.256908460208730038e-01
3.244064639145238793e-01
3.259867972362995303e-01
3.250920265027979483e-01
3.271690145127829630e-01
3.249131669917739718e-01
3.259125285204987899e-01
3.252162062709654800e-01
3.249165507854479551e-01
3.259631719162032759e-01
3.259506746346648165e-01
3.244262738727813900e-01
3.251037654602913496e-01
3.243334269264506187e-01
3.270090181554315412e-01
3.251798282154123587e-01
3.243623555509407841e-01
3.251003952564520683e-01
3.247850268643493465e-01
3.258316514787721330e-01
3.259094551001572304e-01
3.255679511629006040e-01
3.248879452028945458e-01
3.263130873937805099e-01
3.249814154764861240e-01
3.251391199292011924e-01
3.251033926311321376e-01
3.248210929476417208e-01
3.257665492438143739e-01
3.268522868737211429e-01
3.251857339215198373e-01
3.250796088495574998e-01
3.249789379936823819e-01
3.253410568085800536e-01
