5.518414983904742499e-01
5.534572932734471706e-01
5.538028779782218081e-01
5.536472017309328475e-01
5.533368391397752717e-01
5.535396164039065869e-01
5.538299937401669482e-01
5.543489455015506717e-01
5.529760607286791085e-01
5.535931064930352807e-01
5.533599838718887831e-01
5.537743994820373272e-01
5.544945744253104714e-01
5.533916855185008199e-01
5.538198067365156518e-01
5.528768443549872957e-01
5.538766452879191338e-01
5.535196903260051204e-01
5.544413375210481831e-01
5.523471793413213815e-01
5.543741804026405262e-01
5.535955534355052610e-01
5.545409269143737330e-01
5.532657492020558454e-01
5.535560758641808743e-01
5.532340671364329721e-01
5.528315367103919797e-01
5.530498929544425124e-01
5.540982159145664276e-01
5.534764469485731198e-01
5.542975611063993835e-01
5.538581491553321579e-01
5.540099017010866600e-01
5.541844841593069892e-01
5.535722111855466698e-01
5.539699983855912446e-01
5.539909419839045279e-01
5.535020020955649933e-01
5.531977181154239531e-01
5.530455251668933148e-01
5.533445046893215036e-01
5.540191586410969649e-01
5.533560164490805011e-01
5.540486329026370615e-01
5.532505820040248823e-01
5.527748291284223514e-01
5.537880401942505415e-01
5.532668331083636648e-01
5.538609299444916534e-01
5.538398480202961771e-01
5.535195293919684678e-01
5.542821380655420516e-01
5.534890977282170832e-01
5.536553134010049337e-01
5.534689320738529483e-01
5.527535935618785867e-01
5.534168101331859990e-01
5.537820761070618714e-01
5.533115844444802534e-01
5.521578655881190789e-01
5.536108094506784205e-01
5.542397614060426969e-01
5.534189341897508552e-01
5.536542351980078269e-01
5.543575413707360067e-01
5.531794797739862934e-01
5.531869061708492019e-01
5.528958551898484064e-01
5.543623668505660573e-01
5.527418454909429624e-01
5.534158022746576977e-01
5.535399617146521400e-01
5.541172373079263913e-01
5.538306345876895520e-01
5.533896325127389826e-01
5.539810131965674511e-01
5.528373035598542762e-01
5.537954608433734993e-01
5.531489311666414332e-01
5.523638824241781098e-01
5.525043267394094126e-01
5.546320697884684625e-01
5.542476870457830884e-01
5.538255029305543253e-01
5.534318274495722001e-01
5.531122022831320706e-01
5.543239689787964330e-01
5.530798355348125472e-01
5.534113833670635252e-01
5.527153193309275458e-01
5.543446256324824351e-01
5.543668859009512895e-01
5.528899750187354911e-01
5.542047784337029714e-01
5.530105057607078711e-01
5.534712979023106438e-01
5.529734049507553095e-01
5.540761172934345336e-01
5.531896957014279526e-01
5.530277154404914519e-01
