9.844486146663178339e-01
9.852482116005978341e-01
9.841744062889867806e-01
9.843825015520749622e-01
9.843003592948931235e-01
9.845416614359203678e-01
9.856738127516366799e-01
9.859211814072110780e-01
9.839448556450980377e-01
9.835988294649258279e-01
9.839921067430141832e-01
9.848117064848457280e-01
9.840125720057422143e-01
9.840937687326669625e-01
9.852443643690040886e-01
9.848241026043111912e-01
9.842355612081408189e-01
9.844223945760364192e-01
9.840974028477679214e-01
9.852586388687722962e-01
9.843557862845697670e-01
9.840511722202649469e-01
9.852096022524370333e-01
9.850860126038458731e-01
9.842323768442116094e-01
9.849597606601927513e-01
9.849084895608317680e-01
9.854651238673836078e-01
9.849969831994842551e-01
9.845046859206568746e-01
9.849458765891380141e-01
9.843293917977493646e-01
9.851120018084564833e-01
9.837785751326179051e-01
9.842697769738082414e-01
9.845263589676477300e-01
9.840894871464248572e-01
9.847545661786789584e-01
9.828474083157221486e-01
9.830093627242491028e-01
9.837294070698805459e-01
9.847441678352750749e-01
9.841410004384257837e-01
9.852868097136511238e-01
9.849431309679721469e-01
9.858060711074572158e-01
9.848305972281465870e-01
9.845419861318112087e-01
9.847396310605672776e-01
9.847991956762636168e-01
9.843767734193593633e-01
9.846819099344004123e-01
9.846856623179003343e-01
9.842567323870988760e-01
9.846100864534179653e-01
9.851845801966467864e-01
9.846962192648683887e-01
9.838371267315516588e-01
9.850233283822980024e-01
9.838807116858573343e-01
9.852076302303240940e-01
9.842796538200931922e-01
9.839154601561543867e-01
9.835191440515537176e-01
9.851148275027653556e-01
9.847707330902242262e-01
9.836631029994851172e-01
9.855294631565019170e-01
9.838087080266535445e-01
9.845888274593096456e-01
9.843009930684936126e-01
9.844858887120409019e-01
9.850228858827689837e-01
9.847283887653984769e-01
9.846690015478229974e-01
9.855819915009143006e-01
9.858701408892811546e-01
9.845452319425160859e-01
9.850995976848078151e-01
9.841114374306407786e-01
9.843111923265808194e-01
9.848674728103606890e-01
9.847041419365911707e-01
9.846517131355104757e-01
9.836298022416261055e-01
9.846620461549866477e-01
9.849182966367930891e-01
9.848254295006058090e-01
9.838794945311618578e-01
9.844837300603782593e-01
9.854443608347802641e-01
9.857602300984920074e-01
9.844106605046716307e-01
9.843781181466650931e-01
9.856873532881373912e-01
9.853812761986828761e-01
9.847960901452974536e-01
9.847520362332564670e-01
9.848779204248272467e-01
9.842533721576911532e-01
