5.229311687854819590e-01
5.241846847292643830e-01
5.232116149389908211e-01
5.237325045260020628e-01
5.247526631482183346e-01
5.233793429080764170e-01
5.234693260424356787e-01
5.233617782182794498e-01
5.239215533626925270e-01
5.236784539663306148e-01
5.239634982551539810e-01
5.235912551707256890e-01
5.229762177837514736e-01
5.235803948115744788e-01
5.230860812689273054e-01
5.239019509708251476e-01
5.228216721362179964e-01
5.236622222530639137e-01
5.229642592796781564e-01
5.232875339512040869e-01
5.216485530064749465e-01
5.228629380004347071e-01
5.249727830167109088e-01
5.226664334677960655e-01
5.239684739002232750e-01
5.230071708230146221e-01
5.238239634896152408e-01
5.245660049437502748e-01
5.238829310874281164e-01
5.230693705987901065e-01
5.245644642223941112e-01
5.234682368665888319e-01
5.236254872621356471e-01
5.236953574669318545e-01
5.239872659838220592e-01
5.232895011769549409e-01
5.234555525838094914e-01
5.239265006707005679e-01
5.230045236043788792e-01
5.235208104401819496e-01
5.240738235811732704e-01
5.242621602486194909e-01
5.232340028175214153e-01
5.227893396642544488e-01
5.239844739363621606e-01
5.240762984749018916e-01
5.237278214605235460e-01
5.239142102419923619e-01
5.236660204775740457e-01
5.242909073252812746e-01
5.229153639031632883e-01
5.228016030152331517e-01
5.242088350650508932e-01
5.230985457194685662e-01
5.235097893810682912e-01
5.231423462659756662e-01
5.233158469139514990e-01
5.246885145330948408e-01
5.243933605264373687e-01
5.231342686885218640e-01
5.229462681096184173e-01
5.233246606546904101e-01
5.234745490848943250e-01
5.233887361897929802e-01
5.230653623518286555e-01
5.235170080111488655e-01
5.228879446677427989e-01
5.241744145331229676e-01
5.236271322321395250e-01
5.234724402629788997e-01
5.235646429970975957e-01
5.241822379676479571e-01
5.235345416380869921e-01
5.221064710606808656e-01
5.239674565796889061e-01
5.233389334170757135e-01
5.216937810269328679e-01
5.238664630758571583e-01
5.231098852563078605e-01
5.241078476688076915e-01
5.229963432818711677e-01
5.234906436723478773e-01
5.236842081766016621e-01
5.235039750272583170e-01
5.239353779037182468e-01
5.232503112282482771e-01
5.237751559203290830e-01
5.240749328426286269e-01
5.235842454286436798e-01
5.230264762004060985e-01
5.226705167692924370e-01
5.233784618838328573e-01
5.232462417362181428e-01
5.234002852350274626e-01
5.228763583614596255e-01
5.244891307417409720e-01
5.234871220766776911e-01
5.232158404428421949e-01
5.242628224535995640e-01
5.234052610887440782e-01
