6.258055915817120063e-01
6.259321826814590040e-01
6.269011000278763568e-01
6.274507668841069474e-01
6.265081807968861938e-01
6.260386839097507039e-01
6.260437793668751638e-01
6.261464045171019066e-01
6.289454542475632071e-01
6.260649598335820132e-01
6.262693678179228618e-01
6.268518617365270718e-01
6.265302542682553710e-01
6.263224741301547382e-01
6.270964738417699191e-01
6.264458420779581704e-01
6.262278595093988542e-01
6.263678705532869095e-01
6.269823432761679749e-01
6.266441952652674896e-01
6.267592562689081603e-01
6.269949013987463626e-01
6.262743313341072593e-01
6.264391216780015315e-01
6.254243477553887987e-01
6.267644754233661075e-01
6.264105134318314061e-01
6.256584285293027570e-01
6.264040481773482938e-01
6.272847888833972263e-01
6.268017992166206032e-01
6.265146874631418727e-01
6.273800116851653286e-01
6.268042040523642555e-01
6.268046976033656570e-01
6.271183313829526984e-01
6.260833818129720729e-01
6.262617701951830318e-01
6.257612310593382299e-01
6.270626844539848310e-01
6.266799351564141807e-01
6.258558349797135323e-01
6.273850397496436582e-01
6.254413382731445203e-01
6.261603116365812571e-01
6.249898654077546967e-01
6.269355043802280480e-01
6.257867868231909991e-01
6.278412214842249428e-01
6.266013165117872985e-01
6.269867050676344311e-01
6.275213455267159013e-01
6.268628874896946535e-01
6.272115172480712264e-01
6.260404479868146854e-01
6.260971684824448991e-01
6.272085466878721816e-01
6.263405378257919098e-01
6.269658545489857904e-01
6.274167144504301241e-01
6.270169877738120956e-01
6.273923099259772762e-01
6.261248718670026081e-01
6.264255199049238998e-01
6.268331280424023211e-01
6.264616109914423747e-01
6.261965549081344173e-01
6.254613366336387870e-01
6.257093177833727982e-01
6.281032004624927945e-01
6.266614857245602632e-01
6.265825543872740599e-01
6.266897509680747769e-01
6.265140242840283591e-01
6.279477203462873192e-01
6.260665122862235643e-01
6.258140209566717127e-01
6.257364241389640203e-01
6.272108608397684026e-01
6.269520742501947241e-01
6.264651587011709211e-01
6.265638622330456098e-01
6.270848751948621125e-01
6.265256047614711221e-01
6.263929389839290041e-01
6.269277306307037279e-01
6.260264098153058843e-01
6.264882741585174886e-01
6.267018389612146745e-01
6.261024262654435457e-01
6.260912203526338704e-01
6.250211366873142937e-01
6.261777834373792873e-01
6.265513447475296038e-01
6.264093339995397969e-01
6.265675179723027011e-01
6.268039601063974953e-01
6.271556056591913730e-01
6.264999288411987610e-01
6.268901075288866309e-01
