4.763959986200133612e-01
4.772440031001525251e-01
4.771547389243940285e-01
4.770666010171110694e-01
4.773247314060454771e-01
4.767980877476670765e-01
4.764358990571316288e-01
4.746373547062930354e-01
4.758730604616188131e-01
4.765195005332387712e-01
4.769447754364963821e-01
4.768838888883345506e-01
4.759840367883392265e-01
4.766625947424872889e-01
4.761846197996524310e-01
4.770120419501769904e-01
4.756896989563663691e-01
4.769146293222570887e-01
4.764337421876073120e-01
4.772672440988107168e-01
4.756925621025824280e-01
4.748220684988522233e-01
4.767693068194400197e-01
4.766134193155399656e-01
4.768303035727965988e-01
4.762017634555001377e-01
4.760098304073253628e-01
4.769603598272574851e-01
4.762771825625399802e-01
4.770017867173752535e-01
4.764439967251825614e-01
4.775094064425368656e-01
4.768582611407620186e-01
4.761874142190119508e-01
4.768136147738696873e-01
4.769347596511479548e-01
4.765810646375509552e-01
4.767649569600816983e-01
4.752537858144973981e-01
4.772805242328540531e-01
4.757249884321202993e-01
4.779975856535600975e-01
4.777311695218799947e-01
4.772166284360742639e-01
4.771997598909967220e-01
4.765853894661356005e-01
4.777175980170618730e-01
4.764074020105566465e-01
4.766281587557245070e-01
4.762690068379802355e-01
4.761770280951908019e-01
4.759022252040275291e-01
4.763420663014161782e-01
4.773297680008473098e-01
4.764683102713436202e-01
4.771507063695028528e-01
4.765227347458102503e-01
4.757924094528186987e-01
4.762234636576124225e-01
4.765966339254813500e-01
4.768073798903320615e-01
4.767039261930819949e-01
4.770494879037046054e-01
4.769414690132270374e-01
4.768141475399500506e-01
4.755585368578886252e-01
4.759642002839541974e-01
4.765408742745866899e-01
4.767296695080763813e-01
4.767156678984884044e-01
4.761734582077344902e-01
4.774929762081390194e-01
4.768565033404875697e-01
4.769383204765131890e-01
4.759515271839156458e-01
4.766988442900376155e-01
4.771929437324895495e-01
4.756985984483514951e-01
4.778243321540153188e-01
4.766355653079631383e-01
4.762883534343378411e-01
4.758119501581972721e-01
4.765430053701982804e-01
4.767878713751779740e-01
4.773364359008820390e-01
4.763364640982955533e-01
4.763586709168234345e-01
4.757490494440250739e-01
4.772437926293762178e-01
4.765936157544647944e-01
4.762534898522047810e-01
4.771685331854968459e-01
4.775481481602724121e-01
4.766082316177181477e-01
4.766559744842462365e-01
4.769378232011876051e-01
4.748658620390264762e-01
4.763372290682698074e-01
4.763543781388849818e-01
4.770238025568623863e-01
