2.110722073063853454e-01
2.114489621340077674e-01
2.137149206278943780e-01
2.129274561850520442e-01
2.137848964308282917e-01
2.134868376805679757e-01
2.139041418430447095e-01
2.134739689056973089e-01
2.128289237607305928e-01
2.121627887397308232e-01
2.128977612831851052e-01
2.122497688640190283e-01
2.128676376983468788e-01
2.118713431356943344e-01
2.129918743622647992e-01
2.128560291906347879e-01
2.136784391378456216e-01
2.141471141164110192e-01
2.129964928002085478e-01
2.132309314932009370e-01
2.125376282916827120e-01
2.130080149982208626e-01
2.135228393853347562e-01
2.128322054335201607e-01
2.132097554172470710e-01
2.128607314463389633e-01
2.130433709094404493e-01
2.130306956849583322e-01
2.123428599867976663e-01
2.139095369720068751e-01
2.122255240080614391e-01
2.137415593216541732e-01
2.144655377001243868e-01
2.128438452694580429e-01
2.134973521175841937e-01
2.126450381155025049e-01
2.136138857767953536e-01
2.132269558559416189e-01
2.127185877825573668e-01
2.130325851550766425e-01
2.133637141351720778e-01
2.119223935481828192e-01
2.127349297378327009e-01
2.130743645190748548e-01
2.136708632215819637e-01
2.132580607640613135e-01
2.145837719619845818e-01
2.127571028630668715e-01
2.116033345355349260e-01
2.123922931276485959e-01
2.132069981396204073e-01
2.137950615079876604e-01
2.126039732653637049e-01
2.128438596456339593e-01
2.135981285891683790e-01
2.130166208481480139e-01
2.128897903825946736e-01
2.122969205960316685e-01
2.148802585711763746e-01
2.132065099739635095e-01
2.130722453788604642e-01
2.132078777863694874e-01
2.136668925529288665e-01
2.113447992028296141e-01
2.130999631730852439e-01
2.137614145142601174e-01
2.123283632290252354e-01
2.136204824217867171e-01
2.136745282480341235e-01
2.131987267059838875e-01
2.123186878143443757e-01
2.132989881681117694e-01
2.136787051726735387e-01
2.131962898601843515e-01
2.128537209495761362e-01
2.137775462862026576e-01
2.126885339001943764e-01
2.124412322864737135e-01
2.126804717608758444e-01
2.128221200566891014e-01
2.133002305418470468e-01
2.130576302668075739e-01
2.126150780095192594e-01
2.123510294510305152e-01
2.138230192906021565e-01
2.132944090535743020e-01
2.129440807631979571e-01
2.133076774400357312e-01
2.133231992662411036e-01
2.138525723807728207e-01
2.132198964333759938e-01
2.133857872851213644e-01
2.114799403659087251e-01
2.139607051437612539e-01
2.120246678087652770e-01
2.127377327434165077e-01
2.142738252467897286e-01
2.131298293740901129e-01
2.128794855881901982e-01
2.123777561740355091e-01
