3.522491146468524348e-01
3.516905519550067583e-01
3.510420506848122013e-01
3.536624707285456748e-01
3.533650788947323429e-01
3.520659201451976084e-01
3.516558398918508965e-01
3.517902843778561994e-01
3.529292651366383593e-01
3.532916344691938715e-01
3.525749868085364946e-01
3.530329888159520202e-01
3.521784612591006280e-01
3.515582148795914907e-01
3.523270926225890998e-01
3.521066908404037465e-01
3.529297087949213596e-01
3.529649585774082277e-01
3.528272282241242119e-01
3.518310810607286898e-01
3.525987164091791137e-01
3.514255985891606149e-01
3.531606255284367446e-01
3.524893754495191378e-01
3.527052006694619268e-01
3.528882132923459869e-01
3.530232547454064118e-01
3.532496912283974444e-01
3.521419342421865384e-01
3.513185316941797032e-01
3.518882623270411236e-01
3.525599899423192962e-01
3.531344957585612065e-01
3.516756641644158132e-01
3.523356262648556503e-01
3.523405858393944268e-01
3.532477531345821764e-01
3.537921384089250942e-01
3.533179564842922060e-01
3.536394677506597417e-01
3.533536439942542851e-01
3.535388633833628225e-01
3.528242484257131384e-01
3.526989007430059719e-01
3.519158892611452538e-01
3.532086883620785267e-01
3.529991716259025525e-01
3.529545718477526406e-01
3.523000262999442245e-01
3.524611706415136658e-01
3.523566283645198638e-01
3.515069282829954012e-01
3.518629293221167686e-01
3.532637778841584142e-01
3.524922496825935170e-01
3.525586830466233557e-01
3.515451414041764755e-01
3.525023786895123967e-01
3.532282945929011708e-01
3.528966494341903015e-01
3.521932862185939705e-01
3.524056013301203327e-01
3.524298199876815252e-01
3.529994736267967337e-01
3.511838032022705502e-01
3.520454593369335972e-01
3.528024785384024087e-01
3.514655969109834466e-01
3.528670066909618819e-01
3.539877708623909713e-01
3.519882391397310961e-01
3.522619589754337754e-01
3.526926810603224771e-01
3.523494339143448673e-01
3.514811253581442418e-01
3.518769433241377698e-01
3.529807302506676181e-01
3.527966200106942840e-01
3.522361018184418935e-01
3.523604039845726899e-01
3.517578796868935376e-01
3.522515508010199414e-01
3.525797743986042176e-01
3.521277868992898075e-01
3.508908489038529144e-01
3.520074405957200891e-01
3.518275122276494082e-01
3.521979565214048424e-01
3.531690861772233681e-01
3.513345657917732456e-01
3.521077582480157675e-01
3.527547240439252163e-01
3.522323221881012989e-01
3.524839009922957622e-01
3.523574978357998377e-01
3.528954239985617747e-01
3.522661934123191840e-01
3.524513045971284786e-01
3.519094519368898277e-01
3.529444951578935563e-01
