5.003843788566314510e-01
5.017446760581886211e-01
5.018499942097798261e-01
5.017545705564959713e-01
5.019494134404427488e-01
5.018581142612192902e-01
5.018519341853302507e-01
5.021643004465158322e-01
5.018537821365003371e-01
5.028814627213733512e-01
5.025432651364687420e-01
5.016404022366336424e-01
5.023512825787826985e-01
5.028728218326414812e-01
5.017274817845126522e-01
5.015469375450531953e-01
5.009502244494002943e-01
5.009623935200464562e-01
5.010468778722405592e-01
5.014595297225928894e-01
5.011963704903684702e-01
5.014698665552199675e-01
5.014713957330443339e-01
5.005428655742334421e-01
5.017157591393903715e-01
5.013837288820066629e-01
5.014872858391870025e-01
5.031232994007409642e-01
5.007169228671106698e-01
5.009394713590293868e-01
5.017790631404019930e-01
5.010350319619460979e-01
5.020210546675554220e-01
5.012214518474862324e-01
5.026539602895616632e-01
5.022166422858318491e-01
5.007525098155040100e-01
5.008766610839027189e-01
5.009689549398202990e-01
5.012466019157602037e-01
5.015681751149244638e-01
5.020103183278963321e-01
5.024287038560426577e-01
5.003848711565649365e-01
5.021094911460448618e-01
5.029912571959822554e-01
5.017135245010335698e-01
5.011554736136515364e-01
5.021763071483498209e-01
5.017591135514924972e-01
5.021234784194141820e-01
5.020040840373841684e-01
5.020758215938968538e-01
5.025126929981313939e-01
5.013995505500644656e-01
5.023540333126914614e-01
5.015472469761269592e-01
5.020070246044825435e-01
5.014896532579573574e-01
5.023106233766539974e-01
5.020023874395282970e-01
5.027418020337205418e-01
5.024872896081984397e-01
5.027710863905854310e-01
5.015586559185872817e-01
5.017362139750317640e-01
5.017554063135244435e-01
5.019221336472909911e-01
5.019196976699520363e-01
5.024631612916563572e-01
5.022574447714565071e-01
5.015321321310592939e-01
5.013701022580195898e-01
5.015409748668667733e-01
5.015382694341423697e-01
5.009638669765951180e-01
5.019340253742297087e-01
5.006523283628738774e-01
5.009783381250448864e-01
5.018477810416623885e-01
5.018666475195106003e-01
5.012636333884558093e-01
5.000419630748887956e-01
5.023005854345332644e-01
5.010431655991394173e-01
5.023273956053301292e-01
5.018623932608353710e-01
5.010790395404183251e-01
5.015843529578830617e-01
5.029303571440624232e-01
5.019658480550612811e-01
5.016064818528700453e-01
5.025828724800773806e-01
5.020539378127408803e-01
5.027973130578349270e-01
5.025969740449520717e-01
5.015808723044187234e-01
5.021514420780434085e-01
5.013797585215796770e-01
5.023556604313655916e-01
