9.245942114632801356e-01
9.258020349560511786e-01
9.270078367281511245e-01
9.251909721764304262e-01
9.251441702093070596e-01
9.259720436717777670e-01
9.253154838900934376e-01
9.256883929725150395e-01
9.254420884270976311e-01
9.263128279756758232e-01
9.253644737945463383e-01
9.259743411816194758e-01
9.256942378314166886e-01
9.256434803477261442e-01
9.259252772171857604e-01
9.253037380905749787e-01
9.256392968446031100e-01
9.255138584597825124e-01
9.250970870087428244e-01
9.260985866803359556e-01
9.265232710100461677e-01
9.257967566226084077e-01
9.234966737579484164e-01
9.270041761235270350e-01
9.260483441398423832e-01
9.250578085374707715e-01
9.252800818025963547e-01
9.256380707731189927e-01
9.259532288028792246e-01
9.247236152650025742e-01
9.249956124748576203e-01
9.244383280338823727e-01
9.262241783687161778e-01
9.258515087206247163e-01
9.250844433496752117e-01
9.247240532627691856e-01
9.261567018171823484e-01
9.257438016313190854e-01
9.244780443876174925e-01
9.245068703879283367e-01
9.254521925722744013e-01
9.249383045617745047e-01
9.256196315326518098e-01
9.263624286049403356e-01
9.258578389970679723e-01
9.259430968569491993e-01
9.260887273581696055e-01
9.256153401485720522e-01
9.255677296312032620e-01
9.258457574304590487e-01
9.250436059581941262e-01
9.258436189772906166e-01
9.260500975536307688e-01
9.246170905254592620e-01
9.257063179334358294e-01
9.253271159743572394e-01
9.254915956253574327e-01
9.249313923701784068e-01
9.262996630004538545e-01
9.256748446279935427e-01
9.258579282148872158e-01
9.264981426737420867e-01
9.268608586336551936e-01
9.249340691904958112e-01
9.258719240225353753e-01
9.258670958843334686e-01
9.249725014805620926e-01
9.255262451985863947e-01
9.251750208693225730e-01
9.256114163369622005e-01
9.247259754557646261e-01
9.252561858700284469e-01
9.248942609540959925e-01
9.260613820599908896e-01
9.259555785532029848e-01
9.249371251626447021e-01
9.268630347613535658e-01
9.267353798429157630e-01
9.260064961225288327e-01
9.254208371649931264e-01
9.260004382111322041e-01
9.255776370677396558e-01
9.261817010583972554e-01
9.251897738292491624e-01
9.264494501499833667e-01
9.250039575620399024e-01
9.254966090995662142e-01
9.276143273373276266e-01
9.253912160782463703e-01
9.254720504306145346e-01
9.266433479291408259e-01
9.265045773676514607e-01
9.256139173661673825e-01
9.257663305811142385e-01
9.244579623396708135e-01
9.253860569024264793e-01
9.263847370914612966e-01
9.255672610320736515e-01
9.255558096732385831e-01
9.262165752706843502e-01
