3.741639694643633107e-01
3.750188808843506472e-01
3.764666618869557668e-01
3.752758269184905959e-01
3.747996326393467914e-01
3.753904830866018338e-01
3.756295998139836390e-01
3.760681114923157820e-01
3.759317104767743167e-01
3.745701443180843859e-01
3.753639054470822578e-01
3.773637048571553132e-01
3.758836542072511722e-01
3.762252734027120571e-01
3.753843021835516214e-01
3.756922200777058074e-01
3.758087166484975761e-01
3.747078244936777880e-01
3.757645852159816058e-01
3.761195325532130651e-01
3.755533449627090903e-01
3.759955301210938239e-01
3.752589287162680920e-01
3.749858372838785203e-01
3.754574852829290488e-01
3.757563430610850741e-01
3.751115688330609599e-01
3.752537863088573622e-01
3.758717086167859267e-01
3.755561875898895674e-01
3.760794709757487309e-01
3.748269324302203609e-01
3.751676097307152791e-01
3.743298459115508847e-01
3.764500860879946842e-01
3.759407253205453436e-01
3.750726058409411534e-01
3.757558611677395688e-01
3.761460862385821446e-01
3.765682364663152648e-01
3.757464146490828716e-01
3.748541272327969853e-01
3.753313471996321260e-01
3.752346769948091687e-01
3.753182899908146797e-01
3.753878879668863244e-01
3.764932679538813831e-01
3.757707731178746013e-01
3.754141242802886413e-01
3.763271985681932996e-01
3.746912561173094680e-01
3.764649501475171300e-01
3.759665832450342360e-01
3.754037041951845399e-01
3.753471093322048868e-01
3.753761680989684546e-01
3.762664050364275536e-01
3.753964077558286094e-01
3.766389075331422753e-01
3.748220430828340666e-01
3.751802255769480232e-01
3.753296848058007562e-01
3.752264454338483657e-01
3.752358216989197248e-01
3.748456208884384244e-01
3.750863628987115561e-01
3.760656029387232646e-01
3.757844446743271449e-01
3.757510837462918474e-01
3.754811990318277504e-01
3.757491370389055563e-01
3.747214020866236894e-01
3.752229816174086352e-01
3.748609125281761045e-01
3.761521668889785674e-01
3.765093146369468124e-01
3.750089921242368840e-01
3.749324084537383195e-01
3.751834844151841208e-01
3.760793860464590743e-01
3.753222836957146313e-01
3.765538984616821905e-01
3.755294188548507495e-01
3.772296546576557330e-01
3.765828693700293828e-01
3.763299288919724761e-01
3.755948666004189640e-01
3.747722305279514443e-01
3.759129544014581659e-01
3.755208082919037071e-01
3.754142938202040813e-01
3.759564200743834017e-01
3.750954099445231726e-01
3.759494692482929223e-01
3.755715029989629139e-01
3.752125221243055031e-01
3.752366049930832004e-01
3.746873323943667455e-01
3.753006730525548229e-01
3.757074536738250203e-01
