1.127100110721959147e-01
1.124160069237317844e-01
1.121765527980028015e-01
1.127129327418126270e-01
1.119810887560674928e-01
1.131183257828977523e-01
1.122289004507653620e-01
1.130803042719269735e-01
1.141284109804925895e-01
1.132971064251279414e-01
1.125397955071673062e-01
1.133516988214811616e-01
1.130790024700549651e-01
1.134936053363057168e-01
1.134977398682736338e-01
1.137005025895207605e-01
1.132978990712931594e-01
1.133338427363440315e-01
1.124419319090508712e-01
1.129815691620111445e-01
1.134460191118085159e-01
1.138458937126327342e-01
1.128421338941538732e-01
1.130193970406343507e-01
1.127960963974156822e-01
1.131061203943485166e-01
1.130407713728134311e-01
1.130464533319904541e-01
1.120390592932311025e-01
1.137204142524287920e-01
1.128990021653465403e-01
1.131392705265580612e-01
1.139045224443007293e-01
1.128379801012716621e-01
1.125242355731121829e-01
1.124131616828635827e-01
1.132199835034132795e-01
1.130813084105459776e-01
1.130005191695726274e-01
1.123573802591941312e-01
1.132556499666193262e-01
1.132221638332824853e-01
1.121020347205080037e-01
1.135844997038059218e-01
1.141129073800707106e-01
1.126970642920921695e-01
1.129471049803511540e-01
1.136226407395446308e-01
1.130051909992608461e-01
1.138824541772187893e-01
1.130478054353478007e-01
1.122771842129112602e-01
1.125197752817106572e-01
1.130193517448726814e-01
1.134747530830158280e-01
1.143543962661628804e-01
1.132784563145759898e-01
1.137928647432053658e-01
1.135072680640031167e-01
1.120282929655169735e-01
1.126063008901248552e-01
1.141449008479083344e-01
1.133987032728068778e-01
1.124419791441502725e-01
1.134183803867351292e-01
1.131951693808927739e-01
1.121892444645292836e-01
1.143520678628033860e-01
1.138377474120816357e-01
1.136799773939089209e-01
1.133153014732650038e-01
1.127880662163289333e-01
1.139682032068653345e-01
1.140282867751482299e-01
1.135748629466484250e-01
1.135857924814005909e-01
1.130970510785630212e-01
1.135774543029126615e-01
1.127790131811722413e-01
1.140016625414617957e-01
1.118267806713353074e-01
1.129605881269911127e-01
1.126560190023975366e-01
1.126966539300034431e-01
1.127442189266170125e-01
1.128404661481577365e-01
1.122795679697633497e-01
1.141428112491795210e-01
1.129937415096867737e-01
1.124950894654027644e-01
1.128406149181792606e-01
1.128996862849380722e-01
1.126222685008797519e-01
1.136244265902231487e-01
1.145941805793828649e-01
1.136168043048703113e-01
1.126850830288313732e-01
1.131799951014753058e-01
1.132249406827475491e-01
1.126617901089907725e-01
