2.222079713579122595e-01
2.232711037510266006e-01
2.237180631885868631e-01
2.230678556244851396e-01
2.227078039731461012e-01
2.231957964415131057e-01
2.233340933288688879e-01
2.235657629989936113e-01
2.231899357834267184e-01
2.234700348553568527e-01
2.230284442411586132e-01
2.226055551653720044e-01
2.228351224798102992e-01
2.236009271506705920e-01
2.230717423291256885e-01
2.241202312738470037e-01
2.232356232036574739e-01
2.230211416555848702e-01
2.236617011468922112e-01
2.227583755753979045e-01
2.224357176313099815e-01
2.229502508004731487e-01
2.222502056537514203e-01
2.229306672065636818e-01
2.226920949564075436e-01
2.232497453685772792e-01
2.235016161081190833e-01
2.228384768118201187e-01
2.234226212338197848e-01
2.235985733822498933e-01
2.236824356482545184e-01
2.240894983348440950e-01
2.236373426868964454e-01
2.233001830168589996e-01
2.236205986412743707e-01
2.239651469551129925e-01
2.236018776283958953e-01
2.238534010377062067e-01
2.233968628189361150e-01
2.248888244218092969e-01
2.227292121194365815e-01
2.228386350439288954e-01
2.242011389511500974e-01
2.220514514076248891e-01
2.230927817072378139e-01
2.225780352731205058e-01
2.229432834623054083e-01
2.246869724114265998e-01
2.231834117868071732e-01
2.227368137029350770e-01
2.234231419252645234e-01
2.230402455556640406e-01
2.233545839519474885e-01
2.226732592162101454e-01
2.220616503552865217e-01
2.237544565384027573e-01
2.234817105956366512e-01
2.240747390038436704e-01
2.221206913099263991e-01
2.231385092784032853e-01
2.223125816867960736e-01
2.227280826291692661e-01
2.238029610170577111e-01
2.233678265552255793e-01
2.236483629874211621e-01
2.234444045487418984e-01
2.230210781014017873e-01
2.233231162407040282e-01
2.230588046620563536e-01
2.229006786657565242e-01
2.228142841488875980e-01
2.232521569328670130e-01
2.227165034783664121e-01
2.234355053977971628e-01
2.231426843267348414e-01
2.237864824816068188e-01
2.222140529173666779e-01
2.242704561899333537e-01
2.229776590702730599e-01
2.226708638522152950e-01
2.237217637963290484e-01
2.230836854211685760e-01
2.228257470294098819e-01
2.223956685291426649e-01
2.219979405388087523e-01
2.235278744324495914e-01
2.241040829100559018e-01
2.231907915398037567e-01
2.223134108063549719e-01
2.238448882242971005e-01
2.234950519638967681e-01
2.237900617083513066e-01
2.229184000141000432e-01
2.223385696064781869e-01
2.222107496190890430e-01
2.224495341506676493e-01
2.225946835942049229e-01
2.242380886985904376e-01
2.222058825724262110e-01
2.215413168350868212e-01
