2.871793528035581633e-01
2.870812045347385655e-01
2.860201103081326801e-01
2.872952570180227205e-01
2.869163754235629638e-01
2.867611781254806314e-01
2.867696771480351403e-01
2.865169033317827019e-01
2.862971706639635960e-01
2.868280495232287675e-01
2.875311455011849149e-01
2.872241053770723251e-01
2.878059336030467374e-01
2.877776519147192125e-01
2.876389465503940146e-01
2.883130843050979997e-01
2.883547290834228560e-01
2.871896487050860092e-01
2.884140539699993067e-01
2.882119200684491456e-01
2.868626346099035773e-01
2.876987782608319555e-01
2.867266733853058858e-01
2.870618365242731951e-01
2.874421434559104038e-01
2.881489070088254500e-01
2.865972530683479347e-01
2.880942308172097510e-01
2.868205295616853556e-01
2.872357262919940091e-01
2.878836321817667687e-01
2.870037119954202409e-01
2.867557318443763048e-01
2.880860680302149146e-01
2.878926209396837632e-01
2.877597586997593937e-01
2.869286530068782537e-01
2.887642598104462333e-01
2.884889227824347091e-01
2.887829269461948956e-01
2.872747516455275152e-01
2.883222109737203498e-01
2.872188910552752050e-01
2.874622022270607591e-01
2.866414273400325619e-01
2.872838320060430717e-01
2.887718336126867680e-01
2.868642045011150499e-01
2.867081278809909262e-01
2.885947666890485430e-01
2.865846891667730434e-01
2.879505169657953223e-01
2.875205682417731334e-01
2.874054403017893278e-01
2.874798028242259162e-01
2.880067204745310749e-01
2.864108433606677995e-01
2.870414411662451926e-01
2.867714039594831399e-01
2.875302677679015262e-01
2.867422947117757026e-01
2.865818135271228639e-01
2.865229437549338121e-01
2.858109021998783694e-01
2.877462722504290915e-01
2.864519545187846350e-01
2.864106467585983973e-01
2.874623714433315880e-01
2.885852249194399421e-01
2.872011004957580327e-01
2.869686663873886601e-01
2.877005052232661786e-01
2.873199774525385108e-01
2.879015116947753472e-01
2.856831518217240462e-01
2.858299240593429325e-01
2.878885342364979616e-01
2.868556026680134097e-01
2.864628736817511623e-01
2.872753292842352701e-01
2.869190368637126731e-01
2.887965555318979249e-01
2.876810999589282103e-01
2.875043762827892979e-01
2.867409345384756558e-01
2.882763101492973323e-01
2.879606120450695639e-01
2.866819019045661054e-01
2.878281653066224188e-01
2.870117654307116628e-01
2.872300217954194546e-01
2.871189835426458670e-01
2.877456584226132374e-01
2.866893227315289172e-01
2.868829223723259880e-01
2.872158996015707899e-01
2.872984330968563760e-01
2.873596563356431988e-01
2.880006559334344907e-01
2.867288747157415441e-01
