5.903851816482452719e-01
5.910945002830538808e-01
5.913459504205755835e-01
5.916755294005456856e-01
5.912376049827359203e-01
5.918455229421059061e-01
5.919589552069580707e-01
5.911751630226858012e-01
5.921750107942234109e-01
5.919690072337937536e-01
5.915594949414688664e-01
5.916803341728680277e-01
5.912174199685182874e-01
5.908900154940696092e-01
5.908351490719464527e-01
5.919987807936779589e-01
5.922534577493712149e-01
5.910688099424217246e-01
5.919436764022534270e-01
5.913609839739756291e-01
5.918023331875499338e-01
5.916982660668199667e-01
5.912157010057799145e-01
5.913293172509395124e-01
5.919411560786965731e-01
5.917448714420130429e-01
5.919948278145221732e-01
5.911708184153634527e-01
5.917505777452947147e-01
5.924286697628929899e-01
5.914834236745013518e-01
5.902286567418004726e-01
5.910829573402939241e-01
5.932072164284449833e-01
5.920539576047569863e-01
5.925560392737816429e-01
5.917896154614413762e-01
5.909205881547965333e-01
5.918476433964989791e-01
5.909658927485932356e-01
5.911453967838853352e-01
5.920788906347173031e-01
5.905443005543180579e-01
5.917986309927691924e-01
5.917209454197966956e-01
5.913879428738305633e-01
5.923742565874468013e-01
5.910137332836258306e-01
5.910155456127589302e-01
5.928863221322144827e-01
5.916118810901305203e-01
5.913699263923853922e-01
5.902743217852934876e-01
5.919878555699875644e-01
5.925751594941441880e-01
5.910520914960022409e-01
5.913403048597083433e-01
5.910797954259847664e-01
5.904211221868500559e-01
5.910269655496278585e-01
5.903621560184324490e-01
5.919609107829977290e-01
5.915837292224297439e-01
5.913986861014921548e-01
5.911635403912520736e-01
5.914888110380378539e-01
5.914362774891677166e-01
5.903748539776665361e-01
5.910061953456431372e-01
5.911732634487518734e-01
5.912213675519886191e-01
5.917172680306659327e-01
5.905650730150928673e-01
5.919515204014518250e-01
5.903024631738095218e-01
5.925638289007537640e-01
5.911563024063422045e-01
5.904289240456576104e-01
5.907033334488118737e-01
5.912519550904671295e-01
5.912166024339253756e-01
5.913399146339651802e-01
5.912909029085997581e-01
5.912988054197043652e-01
5.911868387840751859e-01
5.902735232293385703e-01
5.906076597176606047e-01
5.912449663053691573e-01
5.911188436583918460e-01
5.912539825997947807e-01
5.913164542009085034e-01
5.908845174028420910e-01
5.911607334931556768e-01
5.911389455309878915e-01
5.925168426000005928e-01
5.927823113126198251e-01
5.928328353161672615e-01
5.915751647277396330e-01
5.912470771939510872e-01
5.913038693718716265e-01
