2.452580637411137521e-01
2.459282680074754979e-01
2.463756382654575527e-01
2.457146690836455871e-01
2.463645305378072969e-01
2.455443337041836038e-01
2.461478583750252025e-01
2.466094379632337019e-01
2.457238800105369381e-01
2.469400491517752261e-01
2.462697421254971264e-01
2.467292767197825643e-01
2.459384620343615380e-01
2.464673923137675471e-01
2.469058175876333860e-01
2.468115401543911624e-01
2.463649038557373938e-01
2.464626800324870581e-01
2.466720504046392426e-01
2.457640930697433113e-01
2.456522745447154155e-01
2.463829291675850852e-01
2.472221043265244722e-01
2.454544896337708393e-01
2.461255418465495282e-01
2.456832530582851726e-01
2.464133386670407377e-01
2.451379659967313773e-01
2.458951366810415151e-01
2.473847733956647810e-01
2.462155248868355961e-01
2.459039157604438475e-01
2.447263629798493434e-01
2.461336144640695056e-01
2.442249705396510318e-01
2.474197763445008524e-01
2.458932792935044631e-01
2.460118104838400765e-01
2.474724466617226892e-01
2.461377185918724730e-01
2.465385912719147421e-01
2.456042794758278580e-01
2.455969527450315715e-01
2.462954746431355035e-01
2.460857675014453405e-01
2.463127787422390857e-01
2.470919042281773392e-01
2.458663522433270354e-01
2.454883140731337066e-01
2.457313281714599562e-01
2.466037379727246126e-01
2.452331246013500499e-01
2.462024590829098303e-01
2.463971908478529427e-01
2.462738173523651153e-01
2.463020205164605514e-01
2.460350974024992365e-01
2.454956807615559788e-01
2.462449962220774058e-01
2.456464969471545690e-01
2.454478703827669417e-01
2.457473064648855454e-01
2.468581417125471078e-01
2.456002487175837357e-01
2.465895661561592345e-01
2.470005847683009459e-01
2.465366005048432729e-01
2.463640055713502419e-01
2.464065697781443187e-01
2.473529494464677958e-01
2.454429433003016414e-01
2.461917519306321689e-01
2.450128353615986798e-01
2.460919212220593622e-01
2.471930149384751474e-01
2.456431680229076431e-01
2.458264982063630977e-01
2.457763890022875708e-01
2.443252743872024735e-01
2.459212328373487355e-01
2.461099182156911147e-01
2.461724229827932930e-01
2.471124897169477974e-01
2.453241583425425087e-01
2.461897394627690916e-01
2.450587890003501357e-01
2.468444865638646235e-01
2.441945465385532144e-01
2.460113920513152530e-01
2.465711118989767359e-01
2.467319723883768801e-01
2.465157217928153344e-01
2.457695635938719758e-01
2.473082745922029480e-01
2.458475941051011526e-01
2.459978616363873438e-01
2.458936746498404657e-01
2.455573561800041826e-01
2.448475036775232538e-01
2.458659441577470961e-01
