8.340202094674852296e-01
8.348587046768540798e-01
8.341817129028163968e-01
8.342832729650015988e-01
8.364773705836525686e-01
8.359702683512650889e-01
8.353257798079711804e-01
8.344941967144559047e-01
8.348712073783103316e-01
8.355703483065242132e-01
8.347623597706781418e-01
8.362404426237698418e-01
8.356095395937694903e-01
8.350580652152718164e-01
8.364246570411963955e-01
8.360998544963156309e-01
8.360032790238589584e-01
8.340527429741546594e-01
8.345180569223108469e-01
8.341693878273954699e-01
8.351561303888304089e-01
8.351657372188707740e-01
8.334952935574785338e-01
8.360240050661805755e-01
8.354655990919939157e-01
8.352463665828763206e-01
8.348599564794568773e-01
8.354656981531435322e-01
8.359735645757627731e-01
8.350764153691748737e-01
8.350106160371913999e-01
8.345998392921870623e-01
8.356225002164545668e-01
8.352394909759561781e-01
8.354965565108387615e-01
8.341671545458206882e-01
8.352129535478696187e-01
8.355036780599427448e-01
8.355257057366431983e-01
8.353620811710769090e-01
8.361728008824229619e-01
8.352993940658809402e-01
8.352874329396393627e-01
8.351906109216771235e-01
8.348075203534497390e-01
8.352920882589315310e-01
8.348061467442888794e-01
8.356686489616497182e-01
8.347442356352623438e-01
8.351429128182927819e-01
8.349666268178170814e-01
8.356270959700395906e-01
8.342932994173883898e-01
8.367107275921088494e-01
8.351498256978584500e-01
8.357001584947525430e-01
8.362022478929284075e-01
8.354605337954312816e-01
8.360018915096741887e-01
8.351356621153482873e-01
8.357043322373091110e-01
8.338573117548253588e-01
8.352318174155548558e-01
8.346827854149350134e-01
8.353985562886996341e-01
8.352730170376700958e-01
8.365772262897269718e-01
8.356769475396633728e-01
8.352668604823340059e-01
8.361975689612043405e-01
8.351227618547576448e-01
8.345558728461224263e-01
8.355346266994900795e-01
8.359059544386103768e-01
8.348756377204971102e-01
8.352379095698714284e-01
8.343403579401845738e-01
8.353539489532423312e-01
8.355865204163028803e-01
8.352994844139143282e-01
8.364004463293863711e-01
8.341387882547272037e-01
8.346102561259647334e-01
8.354521416578013504e-01
8.346440177681297978e-01
8.353582350429931136e-01
8.347698321418375311e-01
8.366807595492538052e-01
8.360015105999052398e-01
8.350036553640989290e-01
8.355797529767721166e-01
8.349967710170935753e-01
8.354882621516913632e-01
8.348821957929809523e-01
8.347562470851260796e-01
8.361231611005943698e-01
8.354922006104185117e-01
8.349157601313862420e-01
8.353885438685535458e-01
8.351557320114149086e-01
