4.541813826610695548e-01
4.549757763358946994e-01
4.558854083756786468e-01
4.564679604401169488e-01
4.561555318099406175e-01
4.556387615414996262e-01
4.564546076815771403e-01
4.559988047931645139e-01
4.551216991317559302e-01
4.532349206920304185e-01
4.547374706686732049e-01
4.551985336799072579e-01
4.548833141049546391e-01
4.552707539443212048e-01
4.562979758931691721e-01
4.546540329121996349e-01
4.553018017953799346e-01
4.549581949628310751e-01
4.562922949876721535e-01
4.555961802082592049e-01
4.555523836103480551e-01
4.547608202156855350e-01
4.542715266323711920e-01
4.550587424953340676e-01
4.566487603356607083e-01
4.555898034742312808e-01
4.563219309038606952e-01
4.559223489507500116e-01
4.549968190135570412e-01
4.554976593236123583e-01
4.560470722104591479e-01
4.547668220895082491e-01
4.558584821366227224e-01
4.555464901844362147e-01
4.550761017743687464e-01
4.546571956212066001e-01
4.549851379443647925e-01
4.551346929452840806e-01
4.558068060176549974e-01
4.554260393985031241e-01
4.556619427356813912e-01
4.549897054506653049e-01
4.558653202294165596e-01
4.571153777648041538e-01
4.559604898683683460e-01
4.557612878281732671e-01
4.559762698005850878e-01
4.558196691904716769e-01
4.552575659532882568e-01
4.556609346867056543e-01
4.549161113013371338e-01
4.558151789104828988e-01
4.560325016969490330e-01
4.560143281505451007e-01
4.557414677095448785e-01
4.559831036177051655e-01
4.554960644138895121e-01
4.561650248012063535e-01
4.551548350042670110e-01
4.557848257330519015e-01
4.556546982982653260e-01
4.550851696455919804e-01
4.563583067144249550e-01
4.546507157192428150e-01
4.560477438292033225e-01
4.558733036377432546e-01
4.548091577041976086e-01
4.564186598732805633e-01
4.550303057750428870e-01
4.557962674734761799e-01
4.548610719249454037e-01
4.554826756896118711e-01
4.546186812367336572e-01
4.553328742399627704e-01
4.565259860766804900e-01
4.555613711897911200e-01
4.549670873692521211e-01
4.550026062720090581e-01
4.543838543408055819e-01
4.551416558180961802e-01
4.564864641865100103e-01
4.552265035735538756e-01
4.551519030677056432e-01
4.557866772588240467e-01
4.558284505112726315e-01
4.559629621632953489e-01
4.558084830607851967e-01
4.549768725300379346e-01
4.553707372012652521e-01
4.546059531444020529e-01
4.559940386849369309e-01
4.560577382128168100e-01
4.555845328566799912e-01
4.550215196526360417e-01
4.562753533685612872e-01
4.553796578787822069e-01
4.551962892956225026e-01
4.550881579537568999e-01
4.554201669036862521e-01
4.564114711765890897e-01
