6.618964676576661876e-01
6.628676212789024191e-01
6.630861246067165649e-01
6.632304478961571492e-01
6.614148768141709933e-01
6.630437944396445626e-01
6.632817389193776947e-01
6.637414312764484681e-01
6.625397598224556095e-01
6.627775069247772155e-01
6.611887074920747009e-01
6.626738767400959240e-01
6.623370983408346513e-01
6.620016124287926296e-01
6.629290275876570382e-01
6.629702439627220834e-01
6.628737852161331601e-01
6.625233489720520064e-01
6.631290064639145942e-01
6.626772384125800830e-01
6.626716465349788976e-01
6.619835468729513561e-01
6.620984677806823759e-01
6.621069447522117679e-01
6.614026626800114661e-01
6.619426849664227230e-01
6.623395469616237818e-01
6.624094249187801875e-01
6.635027531320546457e-01
6.632651137785241513e-01
6.622383451552400491e-01
6.624219243700952831e-01
6.634137832679807278e-01
6.634940733499138377e-01
6.618441926756764015e-01
6.612828163877493282e-01
6.630367810410178198e-01
6.630190425967004142e-01
6.623010227267951411e-01
6.619699827852632001e-01
6.634548808108166051e-01
6.615091899929315122e-01
6.630150919613597704e-01
6.633796220567818036e-01
6.635698064884643088e-01
6.620509546629436137e-01
6.627004024193858811e-01
6.620899404279120271e-01
6.615332494894375914e-01
6.622174624487369154e-01
6.622326048397717546e-01
6.631041606418048850e-01
6.628190613512032758e-01
6.623964717697412574e-01
6.630006816252561608e-01
6.623277230007409422e-01
6.629435744545351117e-01
6.635202049266943902e-01
6.631037208937895500e-01
6.626017897199361073e-01
6.636945905096476306e-01
6.635671115524068853e-01
6.621458414814389570e-01
6.629492068813069849e-01
6.619936266723387419e-01
6.630323596072666970e-01
6.620635701994124211e-01
6.619460571872164412e-01
6.636839356277515201e-01
6.618471477015038795e-01
6.626869049072791062e-01
6.612362187438389771e-01
6.624557035130089755e-01
6.621202388349678447e-01
6.615315816403928295e-01
6.627186267935514241e-01
6.624020186646657482e-01
6.619958490693512720e-01
6.631306424545919675e-01
6.622609680820574773e-01
6.624807142847455310e-01
6.619647630466400923e-01
6.638733154723910346e-01
6.631005775377849520e-01
6.633929447485250597e-01
6.628048418840921663e-01
6.625368615613326240e-01
6.639385421125307829e-01
6.622387201484422059e-01
6.629018985429200317e-01
6.617325905347496429e-01
6.626102495041916729e-01
6.622516016305939335e-01
6.631467000291437763e-01
6.625527723344033504e-01
6.624026270107824521e-01
6.617198797376215857e-01
6.625517933123510339e-01
6.634795941315636547e-01
6.622582641034990836e-01
