4.433758025581501228e-01
4.446579503200537853e-01
4.437260072236006714e-01
4.450034865109734339e-01
4.459585142014992343e-01
4.442678737328638050e-01
4.446818122990299216e-01
4.455402255460418348e-01
4.452693364960181865e-01
4.456466361245730590e-01
4.445548137614901418e-01
4.441781975470954213e-01
4.450670515111501135e-01
4.454375901122713532e-01
4.451487477685078797e-01
4.444201530578579251e-01
4.442262430418453256e-01
4.441919585843642215e-01
4.433230606417737918e-01
4.447370207728775782e-01
4.435253451114651857e-01
4.443990099278556372e-01
4.441533578398685345e-01
4.457660917408119983e-01
4.437191279411021316e-01
4.439217080623692468e-01
4.448337672424814149e-01
4.448893653727201691e-01
4.453613322568604760e-01
4.439218148703144573e-01
4.448387543178160541e-01
4.453358326361264163e-01
4.451890974876764329e-01
4.445531415527526065e-01
4.440116508022493580e-01
4.446923149893400318e-01
4.441034966813415252e-01
4.450336529989135648e-01
4.443587677949506487e-01
4.448078193264589086e-01
4.439288016185198860e-01
4.442220543868876659e-01
4.450621713708122762e-01
4.442553822003212360e-01
4.451963889791508144e-01
4.451908742929292506e-01
4.446224396869377093e-01
4.433613222332462578e-01
4.439775598375665933e-01
4.440752566661160805e-01
4.436890982159390484e-01
4.451072891512070084e-01
4.441550647529300955e-01
4.445135990913700597e-01
4.439776116487773594e-01
4.441752654150816770e-01
4.436429604238049107e-01
4.443543245431638145e-01
4.449296536360988208e-01
4.450264511454514738e-01
4.446204062180333372e-01
4.439779761705608951e-01
4.447614378143711633e-01
4.445398721778497930e-01
4.450754727421793455e-01
4.445517315527232061e-01
4.457956256771102854e-01
4.461471795098298498e-01
4.438540057329053434e-01
4.448467239651108796e-01
4.444015720954975768e-01
4.449461790224729096e-01
4.443853947235612001e-01
4.445119749875704462e-01
4.439038376678360875e-01
4.443231446527582396e-01
4.460745954674986136e-01
4.453435903421847364e-01
4.450909795139095237e-01
4.440328645785664996e-01
4.440645294586946790e-01
4.453270133683573384e-01
4.456066819893521047e-01
4.449830151262779143e-01
4.450990735894680417e-01
4.441446733515861389e-01
4.446125349398610260e-01
4.445849401904204967e-01
4.454249669450636162e-01
4.445221974162010259e-01
4.444233246853108166e-01
4.445036944641235221e-01
4.446511695245907170e-01
4.451276743267374991e-01
4.448731766636592200e-01
4.446010687746210222e-01
4.440900008372424823e-01
4.437466627277397713e-01
4.451559503161336417e-01
4.453976071462936170e-01
