8.756973399606984287e-01
8.773342634177693222e-01
8.767612915071463231e-01
8.772567826793944423e-01
8.776775190235375224e-01
8.771263577409809109e-01
8.776814284702475488e-01
8.763781697389901870e-01
8.765798039021792665e-01
8.765039332934361216e-01
8.752333280861063214e-01
8.756678970282134600e-01
8.766104346457592733e-01
8.759027452322843965e-01
8.763711690720386027e-01
8.770159927591644200e-01
8.767877674851811687e-01
8.762291811727966895e-01
8.772482105236472094e-01
8.780934817113106305e-01
8.775668195121251181e-01
8.769235831985060514e-01
8.768272850798004558e-01
8.765657082355275964e-01
8.762307163166214163e-01
8.763465539822834494e-01
8.767576953715602306e-01
8.772381803169208014e-01
8.774692592551904813e-01
8.764576691472658609e-01
8.767395382585089214e-01
8.748342486951963259e-01
8.778787970863715096e-01
8.764140191717697537e-01
8.765572508919627914e-01
8.762204162844740019e-01
8.779104169807132596e-01
8.768063254454372402e-01
8.768973927578225247e-01
8.769197654394035313e-01
8.773226776228900681e-01
8.765834662167930613e-01
8.758492231866312761e-01
8.765219659311906941e-01
8.767053423662796163e-01
8.764343713089923771e-01
8.761070563885067219e-01
8.770186115235139024e-01
8.771121531334955534e-01
8.762915124027772507e-01
8.776665918384431997e-01
8.771422394406398482e-01
8.769243701829854132e-01
8.775000459596395963e-01
8.765357024319362367e-01
8.766084644162526196e-01
8.757636163479416425e-01
8.772873172903647987e-01
8.765444148303913607e-01
8.763493978497121084e-01
8.766417844175596885e-01
8.772432268199445993e-01
8.773531574397872568e-01
8.771687067247133651e-01
8.765840472600654465e-01
8.765714437451457286e-01
8.768778173462244974e-01
8.769247327691636062e-01
8.775586116935862879e-01
8.765006719758168252e-01
8.765053183396557257e-01
8.764178256770273068e-01
8.771496984454429935e-01
8.775424679803153216e-01
8.775392271065338701e-01
8.779701695340511591e-01
8.780834500182486124e-01
8.774495630277537872e-01
8.762421573376626416e-01
8.761821965480058871e-01
8.777338096516722477e-01
8.770792925728335687e-01
8.780013311240622009e-01
8.763628130877662015e-01
8.766661457179463213e-01
8.768726669090809445e-01
8.763299167497451414e-01
8.772839506223544248e-01
8.774294645409821403e-01
8.768663508304830323e-01
8.779165597526807918e-01
8.765293098369568714e-01
8.763010279879488440e-01
8.770052528630558619e-01
8.766195064177447760e-01
8.772380517071239892e-01
8.779172529552207171e-01
8.762768345461748876e-01
8.764478451314844376e-01
8.764205651974503741e-01
