3.192240861934325658e-01
3.204125182717077469e-01
3.191633937655228848e-01
3.195352842503899060e-01
3.192233049295578606e-01
3.194889696250635680e-01
3.211561100377655631e-01
3.194304661905846832e-01
3.188282624560073719e-01
3.190394871341464822e-01
3.198017754419507086e-01
3.186598503226324430e-01
3.189029547542848175e-01
3.193927455259244486e-01
3.184628887573101030e-01
3.190210159908202225e-01
3.186709537861692754e-01
3.191405683576000185e-01
3.199081007097759333e-01
3.199043406663869549e-01
3.188970432559423696e-01
3.179388751565880855e-01
3.192648648486385299e-01
3.193413115407295333e-01
3.188639949852886124e-01
3.195744501271305937e-01
3.196425812339148131e-01
3.193889335768158588e-01
3.189300139253816169e-01
3.189854984061873955e-01
3.185341369153632529e-01
3.194423508381616372e-01
3.199076058279780588e-01
3.195617111884941908e-01
3.187836437674635426e-01
3.185479413314645791e-01
3.203497790503023746e-01
3.204945542459767260e-01
3.188928521625987167e-01
3.184117775109993054e-01
3.195223608588720343e-01
3.198012777453578814e-01
3.197938275109765138e-01
3.182127757723689498e-01
3.189977346618505516e-01
3.191275506238005488e-01
3.197334234271300701e-01
3.187083789980304505e-01
3.198803352684009838e-01
3.196239505240356937e-01
3.191915450797490061e-01
3.192378708853483293e-01
3.199247899083488278e-01
3.201271137633228125e-01
3.189018726856875374e-01
3.191710905828502587e-01
3.194956158687494163e-01
3.192554409291037398e-01
3.201618188826271250e-01
3.194624059751484668e-01
3.196797683242079136e-01
3.191996488047709746e-01
3.188690815645106036e-01
3.191549026956647106e-01
3.181057745967397765e-01
3.188397792808413400e-01
3.191886909860766064e-01
3.190667574857058986e-01
3.200021905907385333e-01
3.188246236768653152e-01
3.190330916346134082e-01
3.186711303266185347e-01
3.190726556198507646e-01
3.190014005885804527e-01
3.191720006568855572e-01
3.208069571285620536e-01
3.197289878936930285e-01
3.198255813943778891e-01
3.187139116199595446e-01
3.187710073965850932e-01
3.180392656508138627e-01
3.188827075364725760e-01
3.211231820925549707e-01
3.189129267768062159e-01
3.194701006220885264e-01
3.192328268606101083e-01
3.192671969944380628e-01
3.188859648388338575e-01
3.195730452806529454e-01
3.200242055042916700e-01
3.191703522414640060e-01
3.191292983509303460e-01
3.191644978209338124e-01
3.203289600833398310e-01
3.192587091147467415e-01
3.194885988775769681e-01
3.185349633128482516e-01
3.191583608658032367e-01
3.195391019397407772e-01
3.189587043881845219e-01
