2.011628028989345396e-01
2.034943485749442504e-01
2.026607511555333363e-01
2.025033200244014675e-01
2.025177840548694208e-01
2.028078386720229553e-01
2.033961425499916653e-01
2.021033312154081885e-01
2.035400483837642160e-01
2.032167100649025782e-01
2.029297299999138771e-01
2.028615221154790316e-01
2.024493388922101733e-01
2.038917234959413127e-01
2.021399419331493252e-01
2.032698410121931420e-01
2.021830487359424222e-01
2.039163385530972372e-01
2.025455515167911558e-01
2.034949943269079020e-01
2.024604914443230430e-01
2.026731671017229508e-01
2.037149947099039515e-01
2.038686898789245083e-01
2.044259776117587357e-01
2.029308129797702809e-01
2.029439630002321249e-01
2.034079617204864188e-01
2.018862863485200165e-01
2.023747993209723539e-01
2.033373120232997988e-01
2.035902372712903308e-01
2.032413132528250732e-01
2.034095505840833040e-01
2.031189848058696512e-01
2.030173457317303032e-01
2.025268424285688318e-01
2.030840752002194827e-01
2.022862216906841371e-01
2.020436611947774574e-01
2.028741533141181219e-01
2.028368981517389424e-01
2.033814649141088282e-01
2.032090573007657996e-01
2.026619335741504380e-01
2.039053733495604648e-01
2.026855051683678632e-01
2.038317427409659099e-01
2.036083510288494991e-01
2.041230490666513797e-01
2.028517747034966068e-01
2.029542262628151739e-01
2.025948390501139673e-01
2.021134168360367855e-01
2.021123190655778612e-01
2.027138197403836051e-01
2.037942399914748348e-01
2.039046150562056903e-01
2.029831689249362858e-01
2.025579429309596613e-01
2.035375237776896884e-01
2.030222360469564336e-01
2.034961040514703112e-01
2.027213713042199661e-01
2.025606709294679453e-01
2.028679527761823587e-01
2.027129196280365031e-01
2.024757004687004480e-01
2.035133902017963736e-01
2.022193318159194175e-01
2.037803840714621229e-01
2.013083844629237062e-01
2.028530120517196278e-01
2.028917523707542969e-01
2.028642091032544781e-01
2.015250003838856552e-01
2.031546824342619906e-01
2.034133676668807844e-01
2.020642405074067061e-01
2.016837995703708586e-01
2.038574335731338505e-01
2.037732550500418738e-01
2.038769938042396535e-01
2.015622636859673023e-01
2.029833236517386563e-01
2.023669683052707335e-01
2.021459773303443952e-01
2.033077050996206503e-01
2.032195181148517826e-01
2.028487811026596366e-01
2.031612413483480095e-01
2.024823666260521793e-01
2.031503817298494496e-01
2.036534406998534441e-01
2.025329810863092383e-01
2.024839611193023914e-01
2.039754856241378644e-01
2.038662778801533793e-01
2.031348277735660623e-01
2.022230212454206311e-01
