3.010666949549869464e-01
3.025051819182985602e-01
3.043124219504406147e-01
3.025440993290606229e-01
3.025650937149840236e-01
3.005132044114084411e-01
3.023601595061286562e-01
3.025855558443192317e-01
3.023647838367085616e-01
3.022823311784008649e-01
3.028037453792072342e-01
3.020595372084072250e-01
3.023039398154796498e-01
3.015612409550390005e-01
3.015281187461777979e-01
3.022488594628005565e-01
3.024882894141424083e-01
3.012553624434833877e-01
3.024653810653665231e-01
3.028926057251983828e-01
3.016310572882709984e-01
3.026847723926488487e-01
3.023436671759166527e-01
3.023588129873540087e-01
3.019189583574921620e-01
3.035393858060707606e-01
3.022824889260701808e-01
3.024611120803715192e-01
3.021149177367895566e-01
3.023063263066793627e-01
3.030105036836295840e-01
3.027201094177464080e-01
3.009161136260286029e-01
3.021936390893182334e-01
3.027013305129792053e-01
3.020390878342263941e-01
3.030643428982957577e-01
3.023386796378735863e-01
3.029154877670103829e-01
3.014420932398693131e-01
3.015821529145631397e-01
3.020508932841448613e-01
3.021735962825147226e-01
3.014884850930894533e-01
3.018717949455503313e-01
3.034097820272811941e-01
3.015440052567856521e-01
3.028122070984182734e-01
3.015510258360558637e-01
3.036485252663636558e-01
3.019455750700356100e-01
3.021420214291575812e-01
3.028347260464687718e-01
3.026583139452191373e-01
3.019667609798319940e-01
3.024888920865334008e-01
3.022295791240764418e-01
3.017915649558438052e-01
3.034813137063646638e-01
3.026788218930485108e-01
3.023598767345190841e-01
3.020419773493879245e-01
3.017972193425924043e-01
3.022987195118188586e-01
3.019769851893933099e-01
3.020794957278486459e-01
3.029645975850043804e-01
3.027165081959471982e-01
3.025097756758137191e-01
3.020385383887311259e-01
3.014277347690828557e-01
3.011063665051105787e-01
3.019757758993545926e-01
3.017508583949699563e-01
3.023734742328041403e-01
3.028714414177816061e-01
3.020912616535897932e-01
3.029171166290178241e-01
3.019929834564815119e-01
3.020635425068519120e-01
3.025841238431609126e-01
3.041597483406782709e-01
3.023246626725257236e-01
3.021790454945534332e-01
3.020926450903685945e-01
3.020474904375857195e-01
3.028801764399554619e-01
3.023065980562370525e-01
3.022739155194293370e-01
3.023419097347923024e-01
3.015172633325252094e-01
3.018602636124287364e-01
3.018322713384311018e-01
3.021176042488465385e-01
3.018561384581339713e-01
3.013753992713607555e-01
3.018742871858337007e-01
3.018698949313021185e-01
3.021347701989925416e-01
3.023753204175602671e-01
