4.427121833820935604e-01
4.428491242150739415e-01
4.426369595018206926e-01
4.421146347230878737e-01
4.433694549684283892e-01
4.423179896593575355e-01
4.424789671068244945e-01
4.420413582003633879e-01
4.435457878491980699e-01
4.426683411057097395e-01
4.416452039787562844e-01
4.427771935714135410e-01
4.434322394002744305e-01
4.430666515355866086e-01
4.430297351390154459e-01
4.424317088985336710e-01
4.416396825449893093e-01
4.430831142607620232e-01
4.417431453082899528e-01
4.421699155471522369e-01
4.426653001761284845e-01
4.430329185465622377e-01
4.437731159321428032e-01
4.416118608281364710e-01
4.429988624226844363e-01
4.430486076707577103e-01
4.419978737103147926e-01
4.420889007399760873e-01
4.425795503968908973e-01
4.425107949282731101e-01
4.426532590174846460e-01
4.427241673140464018e-01
4.430753450193314347e-01
4.420493416682545473e-01
4.417088973892578929e-01
4.420226978863809331e-01
4.416765270469180660e-01
4.431865992611108140e-01
4.433637928874157308e-01
4.430829168590856293e-01
4.419419358087159355e-01
4.429953482930981679e-01
4.429012174055338980e-01
4.424556962825463291e-01
4.421711666362614923e-01
4.438907523129932420e-01
4.422869065043014691e-01
4.413507919350485587e-01
4.423119605410597011e-01
4.423481150212094093e-01
4.434394345851193631e-01
4.429881669339308381e-01
4.420219530200892866e-01
4.415198713744862280e-01
4.425139679576345353e-01
4.423856622967118901e-01
4.423632541370989824e-01
4.415141653989144710e-01
4.423904983526490975e-01
4.421572025398661787e-01
4.434203496642381559e-01
4.425035736229481209e-01
4.431381121943993584e-01
4.431077686287406836e-01
4.420448574369605921e-01
4.420074742190744366e-01
4.420761761971930826e-01
4.426102288965747533e-01
4.415554058410438021e-01
4.438821572212162669e-01
4.420094288859670595e-01
4.416887657164914049e-01
4.427223899115542149e-01
4.431761380327080557e-01
4.416965638523407400e-01
4.419060558003954919e-01
4.432966822283190833e-01
4.420111519296738845e-01
4.428898853203192543e-01
4.421455566617195632e-01
4.421866626912606124e-01
4.426127362970422863e-01
4.418058278655160320e-01
4.431664123983085068e-01
4.421500586840978464e-01
4.427831529385993781e-01
4.422862144245486293e-01
4.424525266755896524e-01
4.422507664926341175e-01
4.430649207343317353e-01
4.426026600846225678e-01
4.433209708150149808e-01
4.434531361452592746e-01
4.425428089837907253e-01
4.428555341368496379e-01
4.428848286309515769e-01
4.428368955013190500e-01
4.430532711646295585e-01
4.420509287968437118e-01
4.425474601626460669e-01
