7.788064445948956749e-01
7.796538643874175722e-01
7.790981987019878208e-01
7.787952279255019317e-01
7.784591350104591578e-01
7.793506155616893860e-01
7.795256736300263389e-01
7.800682033285049055e-01
7.790086961593811754e-01
7.795629140512981836e-01
7.787591784531303629e-01
7.793193166222744939e-01
7.805987232681381727e-01
7.804230135888753361e-01
7.803972194031896237e-01
7.805138174916455007e-01
7.800518542231588137e-01
7.799755523036562277e-01
7.789289985896012958e-01
7.786747173331208804e-01
7.802711550598104839e-01
7.795537994995480613e-01
7.794836180522914937e-01
7.801207413178271599e-01
7.792966241055532262e-01
7.799260773200672459e-01
7.801511587936840186e-01
7.794809432415127359e-01
7.800159637878258945e-01
7.802242502287646264e-01
7.804475616836813456e-01
7.795496144200848576e-01
7.799164453496629790e-01
7.800836014845506927e-01
7.797046561020977151e-01
7.797025377048695249e-01
7.783369789630429914e-01
7.792522348561611301e-01
7.794330015458270644e-01
7.792817238606771779e-01
7.794152046408286960e-01
7.801378654033138682e-01
7.786433059087929376e-01
7.794994995627076984e-01
7.798804379691901545e-01
7.794282975698685334e-01
7.791773769504528602e-01
7.798836180921964178e-01
7.783032465304035030e-01
7.798360250976377195e-01
7.802063024018247583e-01
7.800158315602236936e-01
7.790537335626734894e-01
7.799671818484323893e-01
7.790610656816049362e-01
7.791729172568497841e-01
7.787531996943126700e-01
7.790918001887339184e-01
7.786338557332552757e-01
7.794022313488431219e-01
7.797912146586671867e-01
7.791164064444535686e-01
7.796684586666836614e-01
7.797981484504372673e-01
7.806688137602421085e-01
7.794850071484837883e-01
7.797872437012693947e-01
7.801673845331529300e-01
7.791407775420438053e-01
7.797542154038223927e-01
7.785388595644421317e-01
7.794981719218703198e-01
7.794408219863291354e-01
7.790645917101246543e-01
7.794935480930909044e-01
7.798203334469719916e-01
7.788332128990456127e-01
7.786561658519957074e-01
7.796272327307423033e-01
7.800079455289654629e-01
7.789965339129873989e-01
7.792651070162626148e-01
7.799347425568364800e-01
7.803458942940096899e-01
7.801721657895281936e-01
7.789698406456491142e-01
7.789831232077686352e-01
7.813357254564319287e-01
7.803250883534889049e-01
7.803376569597921808e-01
7.788441297891719461e-01
7.800289023816787681e-01
7.791698204662309557e-01
7.789187696519812576e-01
7.786120507213205588e-01
7.794995706096805588e-01
7.792784569040887011e-01
7.795676143626335541e-01
7.777506864444003742e-01
7.808456254964109000e-01
