1.171295932750768265e-01
1.170255896116338679e-01
1.166827152501877934e-01
1.181956828312227259e-01
1.155865262316507769e-01
1.165998428584823915e-01
1.159814420848461758e-01
1.167980848582664127e-01
1.167678841943982637e-01
1.179796051897285120e-01
1.170934880843256254e-01
1.165180759245612180e-01
1.177226581402350397e-01
1.182383898851940285e-01
1.175356299288670414e-01
1.162890566669595172e-01
1.170119781614822052e-01
1.171676032706709669e-01
1.174979072708937922e-01
1.175010543222495818e-01
1.169960244735354649e-01
1.157336182072127295e-01
1.171269067538645708e-01
1.168748733761620917e-01
1.165119853970064678e-01
1.175439522847006729e-01
1.177664365430747817e-01
1.160169290211596343e-01
1.162945630597545243e-01
1.165360878440763331e-01
1.169497716961461486e-01
1.166885110068013598e-01
1.169664091182444909e-01
1.167611808202864143e-01
1.171826683995585427e-01
1.168098124206265881e-01
1.169582213344723814e-01
1.160593507965356486e-01
1.167934696473141576e-01
1.157597826905866351e-01
1.165258313173395122e-01
1.158314177389567073e-01
1.167295332926707452e-01
1.174774084316647788e-01
1.162907629702904788e-01
1.169320306139322585e-01
1.167420269302860691e-01
1.169847239158094826e-01
1.157624290923397192e-01
1.180279827170120227e-01
1.170599174649301355e-01
1.159161362842755782e-01
1.180119750332488671e-01
1.171019111070395469e-01
1.167458882662617825e-01
1.168729073095868543e-01
1.171086032337673860e-01
1.172700004856635780e-01
1.164422306604155355e-01
1.165596745956438557e-01
1.165260068947075456e-01
1.178185204982442058e-01
1.172976629548429517e-01
1.166582483509854828e-01
1.170016185921917695e-01
1.166340168961797763e-01
1.176714356279028595e-01
1.173094406831562131e-01
1.169630639683538753e-01
1.178684927490340900e-01
1.173946362513205582e-01
1.174089876710287250e-01
1.175867249843703111e-01
1.180789730849497593e-01
1.166291891305631934e-01
1.158538954485615891e-01
1.160664234818395701e-01
1.166471131273696671e-01
1.177561621246853291e-01
1.156171682869214373e-01
1.178745043187776897e-01
1.170529475336950231e-01
1.166904336675124720e-01
1.165271644063715223e-01
1.169473734726775571e-01
1.168381356036836960e-01
1.176912796079956358e-01
1.170515434897179130e-01
1.165214624654519610e-01
1.165706136856127506e-01
1.174389608611834390e-01
1.170555436501615199e-01
1.158517557935405673e-01
1.181677286507990809e-01
1.181647968622692169e-01
1.170607555482939821e-01
1.179889149669115511e-01
1.165954222002425905e-01
1.153465403004522161e-01
1.171288365760568273e-01
