6.463378132712850332e-01
6.459683975628616182e-01
6.468391433894564724e-01
6.451980864500712620e-01
6.460317601495917383e-01
6.459765844169176319e-01
6.457494377934686058e-01
6.472359760724895050e-01
6.461329887810322026e-01
6.470186111103019000e-01
6.465451101084624952e-01
6.461013330775289276e-01
6.462580738290359950e-01
6.476502493987618125e-01
6.462724740680394486e-01
6.472191656354703282e-01
6.463354948765243080e-01
6.474617432400049388e-01
6.460449756446215996e-01
6.476756547554538557e-01
6.457856100171137648e-01
6.463066726127597583e-01
6.457705072073245400e-01
6.466616144788448484e-01
6.476773425924491345e-01
6.463865457786913682e-01
6.473070982953448294e-01
6.461185403174154462e-01
6.459800961199518854e-01
6.465723116930910397e-01
6.464416795054670484e-01
6.466975986496639184e-01
6.463529752093191139e-01
6.464067549648441213e-01
6.473737248432036573e-01
6.470286485370594365e-01
6.481559373697318716e-01
6.455822292950686991e-01
6.461966608000973000e-01
6.461157434019765278e-01
6.463862556823012362e-01
6.475151795991050951e-01
6.455957895122146351e-01
6.469348810405385342e-01
6.460790295340442801e-01
6.462861980309245746e-01
6.461730827177294412e-01
6.469464363334009871e-01
6.458233154636052742e-01
6.466785769942864359e-01
6.468527770890299955e-01
6.461194761662520936e-01
6.474862856289924640e-01
6.464157292177314940e-01
6.481242772395801044e-01
6.467341182092283258e-01
6.457409233164912443e-01
6.464012042257236690e-01
6.460329613045430186e-01
6.474693471879129358e-01
6.479312874405473988e-01
6.464908011569502344e-01
6.461151338903298180e-01
6.466095496365259487e-01
6.469227614554691197e-01
6.456930279220423063e-01
6.460853863278509523e-01
6.466818815586128366e-01
6.468915934089858322e-01
6.463423107569895576e-01
6.471331935921610379e-01
6.461067117502079515e-01
6.476364938782463998e-01
6.464788371776888365e-01
6.457166997838139633e-01
6.472307732985784767e-01
6.460745207149130032e-01
6.460413312077789572e-01
6.465814803651601661e-01
6.464633383987454796e-01
6.477614010281697032e-01
6.451785256313704586e-01
6.463825364192579137e-01
6.454443921710564247e-01
6.466085673199060135e-01
6.465354263308038529e-01
6.461948273249616959e-01
6.451777865594550132e-01
6.463111459186852148e-01
6.467578578533796918e-01
6.463439666668386874e-01
6.460850372339289605e-01
6.459995066748005499e-01
6.468848744530276695e-01
6.464345607628851909e-01
6.467315902573007591e-01
6.470722389636580640e-01
6.476103431592373783e-01
6.473546583800051657e-01
6.467151405018591870e-01
