1.834978458866161066e-01
1.842390461273746005e-01
1.838292498541289344e-01
1.849959174963047293e-01
1.853106100715076476e-01
1.858955882297635698e-01
1.861284080169898492e-01
1.854905795954440162e-01
1.852782882550620402e-01
1.844620256390198665e-01
1.852407534558937197e-01
1.854162970485834783e-01
1.841318763341141529e-01
1.841619241871850776e-01
1.856388827194850599e-01
1.846821363760315360e-01
1.852733692607742011e-01
1.846020425813935384e-01
1.843377787654618405e-01
1.846892752617527167e-01
1.849273122371647426e-01
1.858086099366480781e-01
1.854762369034582692e-01
1.852355926196778135e-01
1.845045990736966512e-01
1.854370944565762458e-01
1.852397053937818172e-01
1.859146205070504043e-01
1.857740889345799729e-01
1.848258688333141442e-01
1.847109568123118106e-01
1.858937229716694228e-01
1.854323671907598947e-01
1.841238328457440176e-01
1.841173302477021045e-01
1.839855916194240160e-01
1.853970124373399142e-01
1.850065039840614323e-01
1.855577050230901304e-01
1.848812223614823003e-01
1.850118232131683638e-01
1.863329716265067215e-01
1.854988247364743881e-01
1.849926557552090678e-01
1.860511602032723921e-01
1.836783650674473911e-01
1.853881149607977674e-01
1.854044089168405685e-01
1.859101008469978278e-01
1.851888190413127078e-01
1.835727236209118152e-01
1.849437942833381809e-01
1.850309872997958349e-01
1.842174703118675538e-01
1.855204977552060708e-01
1.849067944322086710e-01
1.846703470969101590e-01
1.839552297449094931e-01
1.843022520762683525e-01
1.841619279379311802e-01
1.846321712302205764e-01
1.845746046518227101e-01
1.846238946867713726e-01
1.838337684096748026e-01
1.847219400632341690e-01
1.841678970878804500e-01
1.845831511018387605e-01
1.849788805844677642e-01
1.851350122504561158e-01
1.850550910416507988e-01
1.855710610337107935e-01
1.853885180952259959e-01
1.847703404943383254e-01
1.845480136095882795e-01
1.845396803724530521e-01
1.851306963051951859e-01
1.838887004677115244e-01
1.849851779200460400e-01
1.843301032953978957e-01
1.846117290768659325e-01
1.845994385689375128e-01
1.852645115648327290e-01
1.853487005922162534e-01
1.852162058635888342e-01
1.849300865362354940e-01
1.841628359432275208e-01
1.853805050542090826e-01
1.853686859219468019e-01
1.855577154074357638e-01
1.847569378144066077e-01
1.839374061026471663e-01
1.848964818029931179e-01
1.854209588667393160e-01
1.855593965749943175e-01
1.857967745056770537e-01
1.853153061958762726e-01
1.843179607796273656e-01
1.840845623155983879e-01
1.857087886112079866e-01
1.856425917563486183e-01
