1.937467751437264019e-01
1.938489608770360695e-01
1.950077220421215785e-01
1.939147926220188556e-01
1.935342915718744616e-01
1.948335501681450199e-01
1.944409802891848282e-01
1.937743495989738829e-01
1.947214628808163761e-01
1.931193168370592406e-01
1.947043004366644792e-01
1.931838255586230957e-01
1.939009838048893208e-01
1.940489991419659666e-01
1.950658320477017538e-01
1.950806388977000816e-01
1.938375059122651178e-01
1.944311329237643493e-01
1.938135215283874058e-01
1.941226230098240246e-01
1.938296836071755069e-01
1.939168931511801031e-01
1.942703362856100235e-01
1.960802602588905263e-01
1.943764059908880404e-01
1.947859797013892780e-01
1.937307195902520096e-01
1.949415947883716416e-01
1.944280818202566707e-01
1.941279169126676474e-01
1.943921103513752136e-01
1.933140769978163587e-01
1.938860144220219683e-01
1.945492338376467456e-01
1.948030619636120231e-01
1.931952754244826986e-01
1.941797781184537164e-01
1.934582189895141802e-01
1.946185911022395576e-01
1.943717414577546543e-01
1.934574063383386888e-01
1.935765185293627511e-01
1.933824734254988298e-01
1.944633635588463028e-01
1.939138226388138486e-01
1.947578948525407472e-01
1.934834798553600743e-01
1.943645856930926730e-01
1.931307899225810087e-01
1.946605065193009465e-01
1.939384028741018007e-01
1.937791815080843749e-01
1.944139388953012304e-01
1.947932337222627319e-01
1.941954695285023347e-01
1.941982081654411996e-01
1.936833805118996499e-01
1.935740058142561004e-01
1.950963504892909706e-01
1.943645906725981476e-01
1.935091702105966871e-01
1.945736586511626620e-01
1.952283206415475481e-01
1.937865981035650220e-01
1.936450142808958663e-01
1.941112017189915440e-01
1.948153358274395952e-01
1.941239801293149769e-01
1.938018675885068154e-01
1.941562763193885321e-01
1.927978448031981984e-01
1.947452984215768124e-01
1.935797597324573904e-01
1.929637869276106810e-01
1.940711384763400549e-01
1.932901851044947217e-01
1.931387787962059177e-01
1.939623910713828558e-01
1.937489855679511153e-01
1.938995387752631416e-01
1.941044443707264089e-01
1.946876191317910287e-01
1.924014034595892542e-01
1.943596023837294573e-01
1.942866159231031453e-01
1.937134392718813380e-01
1.936155759495623296e-01
1.942507703429722787e-01
1.940539774559404962e-01
1.946825570289522633e-01
1.934635238903711918e-01
1.931267170039067671e-01
1.943797223941188257e-01
1.946878645275005870e-01
1.942199169287699700e-01
1.938103176508632342e-01
1.933801472912903829e-01
1.942746541313778441e-01
1.934462146534588478e-01
1.951636359134849008e-01
