2.031137789717028519e-01
2.041516562159794712e-01
2.035464691511462698e-01
2.043976072274144018e-01
2.051427879069255278e-01
2.050037110757210457e-01
2.038632955235019917e-01
2.036085540720616316e-01
2.042749972276857451e-01
2.036700047007978798e-01
2.036089476523756658e-01
2.037258870963390422e-01
2.035913308307062963e-01
2.040989134381727133e-01
2.045608526992697684e-01
2.044837176270764556e-01
2.038209781594079173e-01
2.038587678172384399e-01
2.037174550177338617e-01
2.046056584085996222e-01
2.045932845031270542e-01
2.040725556301470622e-01
2.043398450186468818e-01
2.039652981067962001e-01
2.033104026774980588e-01
2.050137366769559377e-01
2.036334888768613904e-01
2.043039010052742355e-01
2.044300363619364347e-01
2.046208438443962718e-01
2.050455453588382326e-01
2.045662660373541164e-01
2.046326122470928377e-01
2.038543360655186154e-01
2.050565123001729662e-01
2.053076931051481813e-01
2.043183049232020765e-01
2.048494793335554620e-01
2.045955421758621773e-01
2.041742433371602772e-01
2.038221989379357946e-01
2.039858566624534464e-01
2.044997793608670511e-01
2.040067644073010888e-01
2.041102622509023412e-01
2.035559168296222354e-01
2.046802995462659869e-01
2.033687566540211267e-01
2.047130359019453949e-01
2.044191379361324501e-01
2.034771906281535869e-01
2.043034516326056316e-01
2.034582780456519469e-01
2.035409320591859417e-01
2.043027940026253542e-01
2.048920475675235497e-01
2.046428094488749183e-01
2.036502501214966787e-01
2.042140799172203758e-01
2.040927395487165952e-01
2.037100080607806007e-01
2.046642861864229057e-01
2.030833987942497476e-01
2.043574558719835066e-01
2.049968526364859267e-01
2.038451753036693015e-01
2.032560178164162790e-01
2.037852261342114335e-01
2.043627425251929031e-01
2.047823539993176289e-01
2.041188336491727151e-01
2.041965718441939304e-01
2.039199271787565104e-01
2.047394619775967928e-01
2.038552700941434759e-01
2.037187217086209590e-01
2.039219703559039254e-01
2.042866666250901797e-01
2.037059852618353095e-01
2.043693853247747494e-01
2.043891593870588719e-01
2.039192757656969612e-01
2.040839677593001555e-01
2.053461675679447707e-01
2.044248872547395623e-01
2.038681001146693261e-01
2.039380111408235496e-01
2.045878200643306000e-01
2.044514983849838874e-01
2.054873403985925384e-01
2.046281954877807729e-01
2.036383795998696900e-01
2.037202828821063072e-01
2.035916212265667380e-01
2.049187971627331462e-01
2.047236720704205815e-01
2.043445623564406621e-01
2.039224436902679904e-01
2.038163938794288477e-01
2.035189635587072721e-01
