4.772049590083603521e-01
4.782962362400247081e-01
4.797071342065931665e-01
4.775169747079540672e-01
4.790579445412095905e-01
4.791188682253654241e-01
4.784444632826893584e-01
4.795731257457167551e-01
4.775552567511845981e-01
4.776856980343447967e-01
4.792260662725276732e-01
4.774964406194138755e-01
4.792768467532421139e-01
4.785908241824835541e-01
4.786145953750896576e-01
4.787321423322697944e-01
4.792715014826454123e-01
4.783095711133993899e-01
4.774513940755634733e-01
4.791519711825797945e-01
4.781360467621518784e-01
4.785470739096686632e-01
4.780258958985230677e-01
4.777575609691828151e-01
4.780057964076615540e-01
4.790564208362969589e-01
4.788565780247540649e-01
4.787305901899785443e-01
4.773180100189342578e-01
4.785983403712995576e-01
4.784998312432002798e-01
4.791319318115301873e-01
4.790234679920212790e-01
4.789065360122120585e-01
4.789126479061042163e-01
4.785730053412010632e-01
4.773907206536147640e-01
4.781053993068773988e-01
4.792526672308269897e-01
4.791738361371331578e-01
4.792309901492436963e-01
4.779933647029080968e-01
4.787362949864514272e-01
4.789855639949423538e-01
4.797067281747081080e-01
4.782374178923511909e-01
4.784746632423221846e-01
4.784112365276780854e-01
4.781316402137537613e-01
4.780882033131692577e-01
4.790336238250003653e-01
4.785171279463494853e-01
4.784403717597470740e-01
4.782875367144728829e-01
4.780127108309669692e-01
4.782636956199933786e-01
4.778633539632998195e-01
4.783565700204570614e-01
4.783440189911567497e-01
4.784369095008549899e-01
4.792570460065345705e-01
4.785252467610026095e-01
4.781142277954361086e-01
4.778866793491564624e-01
4.773112552958195254e-01
4.789116410418893244e-01
4.778239462516163938e-01
4.790786734703234018e-01
4.783720075074604505e-01
4.785723522980128153e-01
4.790054966436146922e-01
4.790212525652347009e-01
4.787557300812679273e-01
4.781448706103581525e-01
4.788881624735523146e-01
4.780104248372670228e-01
4.791156149976765755e-01
4.794775914095303904e-01
4.787355385455074330e-01
4.782824841001213079e-01
4.786428799531293743e-01
4.768005354035707022e-01
4.785779480162833943e-01
4.784905793175228128e-01
4.779188723022371188e-01
4.783841996688242837e-01
4.784455028271756838e-01
4.792491200177341759e-01
4.787015205431509046e-01
4.792088356963719598e-01
4.795886506078855249e-01
4.793046950655607263e-01
4.786336264512209837e-01
4.790368816572070920e-01
4.787572846207357458e-01
4.784282281091007949e-01
4.796579067181079292e-01
4.780711563290751531e-01
4.781591987857509718e-01
4.790179488825766496e-01
