4.216553302941454251e-01
4.238225999399407584e-01
4.228202300684699155e-01
4.217407396304438949e-01
4.229490135232158998e-01
4.224735577850970980e-01
4.220111950421829849e-01
4.220449801624754915e-01
4.232495408858970021e-01
4.231685479399924787e-01
4.214416600215752928e-01
4.236310407397392841e-01
4.221805526272133235e-01
4.225568243441932270e-01
4.213242682026953068e-01
4.227698244439597741e-01
4.214878800371362200e-01
4.231530217996511967e-01
4.226417377936430020e-01
4.236697684337256131e-01
4.227160517096659742e-01
4.231058833124945462e-01
4.222418447091228488e-01
4.224045584069151538e-01
4.222937456916709964e-01
4.230173781629265051e-01
4.216798613001354612e-01
4.222296559005190297e-01
4.226907352083025815e-01
4.226905957114720502e-01
4.222002773540265430e-01
4.219864651120538435e-01
4.230035010685445629e-01
4.226128498334376093e-01
4.229345766528778139e-01
4.224543126902063905e-01
4.226599885030307702e-01
4.215523826266602825e-01
4.228956641124963500e-01
4.230329356748565584e-01
4.234096153114871308e-01
4.232249026163988903e-01
4.235339305002285837e-01
4.236106228155459563e-01
4.225218148087102055e-01
4.218875163458456479e-01
4.221939397813513350e-01
4.219270182226452226e-01
4.228674277202998377e-01
4.225360828309551731e-01
4.231103808829967949e-01
4.215943239785624463e-01
4.220964714250429739e-01
4.224961710654009384e-01
4.223275500807779359e-01
4.226201017547013827e-01
4.216420410606312452e-01
4.228446307685200800e-01
4.223211013770585276e-01
4.224495316008600732e-01
4.223161758454072601e-01
4.221877712386922221e-01
4.234162288685761055e-01
4.233945633232151784e-01
4.220487456370893842e-01
4.230610968112931136e-01
4.225636958059618142e-01
4.222224808366951687e-01
4.224118680403047277e-01
4.227715469064060594e-01
4.212428441859297212e-01
4.226313554969938213e-01
4.222172143283903223e-01
4.227310246353714884e-01
4.218763094209853071e-01
4.224669572346411162e-01
4.231766158225958030e-01
4.230720280503930675e-01
4.222490331765653138e-01
4.233274253592753666e-01
4.216876029364521328e-01
4.223765285044236428e-01
4.223766233979705520e-01
4.221218024074829822e-01
4.235572036005775809e-01
4.227491692776145227e-01
4.228931196647409685e-01
4.225174804179188115e-01
4.218419111513624364e-01
4.241815198782110108e-01
4.226575968817121720e-01
4.238580913964697938e-01
4.220551309324372946e-01
4.228873368102880614e-01
4.230030474153851361e-01
4.234179579191507670e-01
4.238145667525546334e-01
4.218445611747003721e-01
4.222709038589811947e-01
4.226400605555593604e-01
