8.611643380858902130e-02
8.452480444481819122e-02
8.566053759624669972e-02
8.617879814725076804e-02
8.644682390702534969e-02
8.431663829778324182e-02
8.605853181652943495e-02
8.396640274892122613e-02
8.491989940248054203e-02
8.485128600894620288e-02
8.600377594058179753e-02
8.532064857283665205e-02
8.552501099543322050e-02
8.574588860114119859e-02
8.524098059329407451e-02
8.547617326726972276e-02
8.537336199357307975e-02
8.563523096442993143e-02
8.526859797911431893e-02
8.556000424252777070e-02
8.632200735473551101e-02
8.647490482729397465e-02
8.574676319395135859e-02
8.595652154228985986e-02
8.570745335722149139e-02
8.658922039510560942e-02
8.587627733653682705e-02
8.457914159621859884e-02
8.525562122705609980e-02
8.596274613545401566e-02
8.461075645881879770e-02
8.619836273305146734e-02
8.636516610212660594e-02
8.491355895246872898e-02
8.485818912502780809e-02
8.573163397755687032e-02
8.538589365513719887e-02
8.558609763752152155e-02
8.598477808140994605e-02
8.566935358715935256e-02
8.639156362445998827e-02
8.590421503368678158e-02
8.552439591466397262e-02
8.621454258694496997e-02
8.552070886970022934e-02
8.582128317584618304e-02
8.639021556204311281e-02
8.618655191713477104e-02
8.554084227387712125e-02
8.475445350707921932e-02
8.576149034731216092e-02
8.634314788723829182e-02
8.566064143291951538e-02
8.462753473147449634e-02
8.646520432492441066e-02
8.519771929527975018e-02
8.560737203446272536e-02
8.512583870243164985e-02
8.538224969288252253e-02
8.658994960441601663e-02
8.548687125571197143e-02
8.615344318659867717e-02
8.485842062663764840e-02
8.550704719352315852e-02
8.559533155951361272e-02
8.619541597989636983e-02
8.528804562196425076e-02
8.646006486005813896e-02
8.592999554596442158e-02
8.540117786861120552e-02
8.599449431979891423e-02
8.490233572192340539e-02
8.566698251839102718e-02
8.490307651871209504e-02
8.582735479099687370e-02
8.632045411548396052e-02
8.535929821993476496e-02
8.550699186678673014e-02
8.483520657039188284e-02
8.542763758816153408e-02
8.492720016169162667e-02
8.516813462608643914e-02
8.562563576873077897e-02
8.549413038928832531e-02
8.560614922503437252e-02
8.514342253350548617e-02
8.571042478698547018e-02
8.505960387455861749e-02
8.573561571665780368e-02
8.623873186927460965e-02
8.524596502469491965e-02
8.474688132577670729e-02
8.491748194058069965e-02
8.573962272597809853e-02
8.678830099332382475e-02
8.501586148951245647e-02
8.500972496305757298e-02
8.538360986067597413e-02
8.582934777260806114e-02
8.579569567402807462e-02
