5.267426927972650441e-01
5.263379039376554491e-01
5.261461099362784166e-01
5.267460218128888760e-01
5.269817098398126287e-01
5.273018729324253639e-01
5.267410664847242963e-01
5.262277705202135225e-01
5.255994960044296782e-01
5.259180708153281536e-01
5.269868878594839989e-01
5.267093207542116184e-01
5.256804846258137376e-01
5.259388860597171700e-01
5.268860099551672116e-01
5.263236736788008407e-01
5.254158745019401611e-01
5.258624869952088776e-01
5.269891439234355435e-01
5.259750103042293290e-01
5.262438887205087568e-01
5.255787088128578421e-01
5.269784489044824216e-01
5.268766946281910890e-01
5.264300036098759072e-01
5.260521387638519286e-01
5.260407951910074376e-01
5.264895261132770399e-01
5.263526989518915178e-01
5.264259052691349083e-01
5.270256283100576145e-01
5.260601441124803657e-01
5.269611944410971249e-01
5.262145286146659995e-01
5.262604053093764556e-01
5.267915989856739589e-01
5.256670508481076087e-01
5.263394719057646887e-01
5.258163807816206292e-01
5.264690410176684487e-01
5.265494769310157253e-01
5.252182689831853546e-01
5.268622017729793772e-01
5.265363787408370300e-01
5.268128082819025781e-01
5.274087433869526498e-01
5.261767471367267968e-01
5.266313887414382222e-01
5.263045590217783065e-01
5.265086334661707168e-01
5.267568605208465815e-01
5.263093491705825855e-01
5.269463068986297571e-01
5.257725282980657555e-01
5.275397432253958740e-01
5.255417772093459172e-01
5.264205450160417410e-01
5.268358994837191167e-01
5.260339638557152142e-01
5.283990174653088179e-01
5.259773147129745974e-01
5.265118213534754066e-01
5.269268453779013539e-01
5.259514758709736837e-01
5.262182471796487127e-01
5.272793856344959451e-01
5.262211844176232223e-01
5.257957368368919582e-01
5.266631745848653345e-01
5.271924673450414378e-01
5.264885705437177821e-01
5.273093776069359695e-01
5.271751025191822038e-01
5.265262041584639618e-01
5.262657095182675659e-01
5.264920766546427044e-01
5.265479603481317827e-01
5.269848698758294869e-01
5.268234887564928748e-01
5.263658268990060174e-01
5.269605673116737332e-01
5.264483707922339439e-01
5.262486113775666219e-01
5.271413464097068902e-01
5.263132132559695808e-01
5.266978134624717978e-01
5.271531289250479535e-01
5.271065155522559609e-01
5.267339601831454443e-01
5.270924706890646183e-01
5.256297984653955924e-01
5.265458855092314261e-01
5.272019287002055465e-01
5.262712226381849323e-01
5.277670901670635795e-01
5.262990702808234555e-01
5.262819938292477850e-01
5.266910584742804380e-01
5.265833785862487071e-01
5.269899326666571682e-01
