5.471224550362450145e-01
5.468306110189357083e-01
5.470279680744338791e-01
5.480737396400229278e-01
5.471598738812446516e-01
5.476876144822033776e-01
5.477032898780724857e-01
5.479016782154730869e-01
5.493140642608975721e-01
5.473632128615156800e-01
5.485498125450006812e-01
5.481266232578405617e-01
5.472622345199866789e-01
5.477871422151958658e-01
5.481626620989359377e-01
5.470659243337833155e-01
5.481934932788665726e-01
5.486276654702992861e-01
5.465824156062537575e-01
5.474511430705781834e-01
5.462225198897856515e-01
5.481831088821168541e-01
5.474983171778969870e-01
5.474041357380486916e-01
5.473848456900207715e-01
5.480791034367018533e-01
5.480339983922521974e-01
5.472214924287293059e-01
5.482457091351223832e-01
5.478833323369735053e-01
5.479321602737280417e-01
5.468897155985961156e-01
5.478555867220064046e-01
5.472031845158891183e-01
5.472169083949635082e-01
5.479567508370825069e-01
5.469333130529232534e-01
5.480096329112689180e-01
5.463317538495942038e-01
5.473669692034728307e-01
5.479225595797576620e-01
5.478219355019448011e-01
5.471327903444361818e-01
5.467508638219868988e-01
5.471754154228818390e-01
5.475115739887452815e-01
5.476978027161143459e-01
5.477916027659968101e-01
5.485563604735668175e-01
5.480132762822931269e-01
5.475766961548724776e-01
5.478076689478420525e-01
5.480641155007432985e-01
5.488681906697746582e-01
5.477637709360511087e-01
5.475448095607411414e-01
5.472752097084734313e-01
5.466028370701272454e-01
5.476697864694457518e-01
5.477504493409215414e-01
5.483769113567713571e-01
5.477349807646774149e-01
5.475619974823765501e-01
5.481937822848408359e-01
5.474875501561822233e-01
5.477332253045853472e-01
5.475419784496121656e-01
5.478321254696454368e-01
5.477046193979921984e-01
5.490361441271153220e-01
5.489307859937714307e-01
5.477447645110641306e-01
5.474688228741608764e-01
5.475260410167915870e-01
5.489257276624149862e-01
5.485105236964645803e-01
5.475883300688804134e-01
5.468352725103329259e-01
5.476755533751118676e-01
5.482641977217845852e-01
5.472387764968282831e-01
5.496453565779989558e-01
5.476804258255544289e-01
5.482139044191863819e-01
5.500268703373559775e-01
5.470522656502125880e-01
5.469603945506851250e-01
5.482814411645392516e-01
5.480388090808432366e-01
5.480483903995148065e-01
5.482078714264441155e-01
5.470265324611021107e-01
5.485499576120658194e-01
5.487938407550869702e-01
5.478730598790201300e-01
5.470493373920464197e-01
5.475088101024766507e-01
5.468793122989255018e-01
5.475482717527587750e-01
5.482134698117516747e-01
