4.857345302498549539e-02
4.770274987906895914e-02
4.824075337682983550e-02
4.940704630400979264e-02
4.919068217362364270e-02
4.925903638597642353e-02
4.901067052301609495e-02
4.901486142144625968e-02
4.929189765181353489e-02
4.834057133478507351e-02
4.784159058376839802e-02
4.828597955954745669e-02
4.920344441759004483e-02
4.851870945031441090e-02
4.861455207190104599e-02
4.905804388397518034e-02
4.830487868660780781e-02
4.946177212982434679e-02
4.882223376879145371e-02
4.795761870397248494e-02
4.890608682796217244e-02
4.845657357340994731e-02
4.885376767907732148e-02
4.855699486002570259e-02
4.713602527357940025e-02
4.811873739428361441e-02
4.902346031966945544e-02
4.730484640824881432e-02
4.916737344194828385e-02
4.828958146055591094e-02
4.838403990181472381e-02
4.811448999723783732e-02
4.697579727624508206e-02
4.781382135627072066e-02
4.859559572625272300e-02
4.835998225077146884e-02
4.926080489598394507e-02
4.959191690409982950e-02
4.823961593983197571e-02
4.854580342324196079e-02
4.815941551617111682e-02
4.903419473004774071e-02
4.857849328226975655e-02
4.846476556855104645e-02
4.761985784941111244e-02
4.906060758772400054e-02
4.931036890764448066e-02
4.856348554588735267e-02
4.876177652376392779e-02
4.852706847688309511e-02
4.764337049644744304e-02
4.964330154927558414e-02
4.753426064935697970e-02
4.759620481900914135e-02
4.819121651554233304e-02
4.799487726959682926e-02
5.040296594997827756e-02
4.849560450814620338e-02
4.845424215333012097e-02
4.834755467109352889e-02
4.856214340211972152e-02
4.803559735569652711e-02
4.919699517939350730e-02
4.800166421155378088e-02
4.865217493080188638e-02
4.856596328782818855e-02
4.755318286403480144e-02
4.913165962049871605e-02
4.884766734765586677e-02
4.808173766583268005e-02
4.797728643529571707e-02
4.880260088931058504e-02
4.908826571552175194e-02
4.839763248060657136e-02
4.955607064115351290e-02
4.760445569726948212e-02
4.751408537660112286e-02
4.786251246957605454e-02
4.740257194262965934e-02
5.010403353503488366e-02
4.871076015149464200e-02
4.862236083243770546e-02
4.889058918113500102e-02
4.811916271448379856e-02
4.798956544590882167e-02
4.703766977889708989e-02
4.880691893055257025e-02
4.843039921324394925e-02
4.894863822897116412e-02
4.834142113443878896e-02
4.906362486561582914e-02
4.803082207360623301e-02
4.756780105715604362e-02
4.948682712824179625e-02
4.879305054029371702e-02
4.847874964984601187e-02
4.899295686585004861e-02
4.836592914689294420e-02
4.843455031435831004e-02
4.939930801320219222e-02
