3.654793561021114634e-01
3.666494974228758918e-01
3.673949187787446391e-01
3.664182137711219367e-01
3.667628281617351105e-01
3.673647651372105027e-01
3.660307993661352510e-01
3.666281741804152117e-01
3.663337553187300810e-01
3.673950965267119839e-01
3.677566949225657411e-01
3.664710616625566075e-01
3.662634369647493893e-01
3.677623369337600368e-01
3.663693150635819462e-01
3.661136648519863201e-01
3.660623601498662061e-01
3.663361022117721522e-01
3.665957057787404549e-01
3.663059472514910153e-01
3.666891237585094832e-01
3.652635214262878738e-01
3.663152560308841621e-01
3.656038233909720825e-01
3.675214074661838914e-01
3.663506079433524465e-01
3.659956620242430514e-01
3.663885530860478967e-01
3.661582533553428553e-01
3.662180854283728637e-01
3.661301026090510446e-01
3.661839237729854757e-01
3.663136734111454573e-01
3.659718720033703354e-01
3.666614425860980631e-01
3.655749907358473161e-01
3.661297546567315875e-01
3.657904901141887377e-01
3.670514196680919605e-01
3.667787539247592821e-01
3.663159844957930567e-01
3.655953611368851774e-01
3.659905889211179653e-01
3.658723776094559010e-01
3.674607169774604665e-01
3.669375610048977165e-01
3.665442286063604893e-01
3.670127471740207148e-01
3.668067643140044409e-01
3.658951087108365807e-01
3.654142948304140992e-01
3.682599154996077928e-01
3.667258811172747768e-01
3.669023432842727361e-01
3.660999425068340307e-01
3.670964467014558585e-01
3.669530218172805114e-01
3.667666963234896271e-01
3.664790635542808372e-01
3.666924047218915739e-01
3.660833513812099538e-01
3.668442919311570849e-01
3.667278906812141415e-01
3.670871279590871561e-01
3.661641240992077329e-01
3.657497206081711250e-01
3.668737911063963963e-01
3.667948545635118518e-01
3.661833254101428681e-01
3.665774565623980963e-01
3.666538200629315680e-01
3.653506302265738248e-01
3.664851337740533399e-01
3.666763664710147586e-01
3.669875787780002008e-01
3.662136122626881707e-01
3.657068853220334925e-01
3.663034970604758245e-01
3.664839037929525922e-01
3.653744395521109634e-01
3.665617884313241426e-01
3.659485972801270193e-01
3.668623406385316255e-01
3.662631950527044378e-01
3.675756239122235369e-01
3.654049583917477473e-01
3.651155598299125060e-01
3.663405094528757178e-01
3.666343117062278445e-01
3.680085358274304275e-01
3.665019502798761986e-01
3.653247972581418757e-01
3.651215425720666929e-01
3.662764615698652082e-01
3.673149363116766097e-01
3.670807485588207797e-01
3.655585468627188805e-01
3.675078144514914991e-01
3.651316101199640340e-01
3.653765693118311564e-01
