1.776658182383251128e-01
1.783574151154765641e-01
1.790806382523288387e-01
1.786097922410741501e-01
1.788668178395391439e-01
1.780048045662370182e-01
1.788281753738620028e-01
1.786684472351628139e-01
1.804192268741574845e-01
1.790556984871670698e-01
1.793783011036638175e-01
1.777430800758665330e-01
1.787501663302842880e-01
1.785766012962289873e-01
1.781733536387194172e-01
1.790306089240267795e-01
1.785464679699559909e-01
1.793305130943763093e-01
1.790652756393256717e-01
1.785476291760034195e-01
1.788752198620426337e-01
1.790683320904732923e-01
1.788967375629680057e-01
1.793476596691052638e-01
1.789991400783073894e-01
1.785805708976118122e-01
1.779126059488753409e-01
1.794487623638947316e-01
1.794483131085164163e-01
1.788094765414645626e-01
1.786969353309119102e-01
1.790698448493400208e-01
1.785018100553623921e-01
1.791095650677673456e-01
1.785059609894164012e-01
1.787342078706338766e-01
1.789459938353833157e-01
1.790859353815972554e-01
1.784447235966143686e-01
1.797405772084015307e-01
1.796807814995701746e-01
1.779872248093656850e-01
1.785701428978931915e-01
1.781040281434494998e-01
1.788648368522496035e-01
1.798350697055577374e-01
1.793906217747536225e-01
1.790938400892110871e-01
1.787335137464847734e-01
1.788311757930204915e-01
1.778981893217512211e-01
1.786959579464727499e-01
1.799381544273607747e-01
1.802876840428433158e-01
1.785398672378548102e-01
1.797196975030906085e-01
1.793649760125218262e-01
1.785374618704698713e-01
1.783826735885299664e-01
1.784448723250838531e-01
1.764898184986442298e-01
1.789742853633752850e-01
1.801990763994889555e-01
1.790701412612593080e-01
1.789308414229525135e-01
1.793432730955731580e-01
1.782208216764417930e-01
1.793258291886316302e-01
1.784139125677510485e-01
1.781693700978762840e-01
1.796314000733849059e-01
1.803252689464183434e-01
1.792892529168202687e-01
1.793598344932582356e-01
1.778189245286848907e-01
1.802062433074506642e-01
1.797657434598797510e-01
1.789952443887514733e-01
1.794021066256099028e-01
1.786938865039951752e-01
1.799123665535897199e-01
1.784193153058701020e-01
1.799147973209996865e-01
1.790964275127856775e-01
1.790576248112359936e-01
1.792623836641626944e-01
1.781686873552389416e-01
1.794310008595248751e-01
1.793786546512390612e-01
1.789326486599745469e-01
1.790688803719356903e-01
1.801873466950518199e-01
1.794989755205071702e-01
1.795090709753079661e-01
1.787268788992808499e-01
1.784141155989897309e-01
1.790870144219064986e-01
1.791206603164934574e-01
1.789890151107016436e-01
1.794058647550086927e-01
