2.657844521872316026e-02
2.767148418260993725e-02
2.792969193471592920e-02
2.821201464781641910e-02
2.877416806010807057e-02
2.816505226826513872e-02
2.864527041021222922e-02
2.726787706968215527e-02
2.851838509713201103e-02
2.800478371196316735e-02
2.853065049563293515e-02
2.904133234594253113e-02
2.742371186667572069e-02
2.776445344089312553e-02
2.780117778008531215e-02
2.845149350032959157e-02
2.853373906201028126e-02
2.897001609856602461e-02
2.842727869035040558e-02
2.819168496049869951e-02
2.783181511665126784e-02
2.773841616370828489e-02
2.866307789129595232e-02
2.842825422191461171e-02
2.806701144880290738e-02
2.849735122647201191e-02
2.763934845183884520e-02
2.794603817769247475e-02
2.797560954954197293e-02
2.823861033898719675e-02
2.750620787492037700e-02
2.791946584180208385e-02
2.774477870450409167e-02
2.783035836332259372e-02
2.774036008835078365e-02
2.811095260759905248e-02
2.783180122372858750e-02
2.865333354355825007e-02
2.763513130422879868e-02
2.787626959082570299e-02
2.811121853123058414e-02
2.874619770626971049e-02
2.870469950213461879e-02
2.818256144709496008e-02
2.817273120069492542e-02
2.713942599242661138e-02
2.829020456830128039e-02
2.782979196676812692e-02
2.764404197304284189e-02
2.781792970556541678e-02
2.811178188648637971e-02
2.801743025797825970e-02
2.967549299501016924e-02
2.888831907746505778e-02
2.963295223083042135e-02
2.829485670133466066e-02
2.862187280220905572e-02
2.823913160849927245e-02
2.848270877363783676e-02
2.883427707733006440e-02
2.829475998435954098e-02
2.750042695111035509e-02
2.840545508909509895e-02
2.913556316693523274e-02
2.801472250012066595e-02
2.782876066303464554e-02
2.801851696948857995e-02
2.771454542997223505e-02
2.868205667991061483e-02
2.799738002350960625e-02
2.880690419340644140e-02
2.827951244979338974e-02
2.865554082586925164e-02
2.837924547069961209e-02
2.883369921373871506e-02
2.873156456665993536e-02
2.835498765834094936e-02
2.837998566417129082e-02
2.790707649514383160e-02
2.864344829503607040e-02
2.869291078979747250e-02
2.848503547653774559e-02
2.887694604191397979e-02
2.958840924385106042e-02
2.850935322163865304e-02
2.787418734201498743e-02
2.815742412743225953e-02
2.770805034161058500e-02
2.712292053075510828e-02
2.789683543693747408e-02
2.777438567139324521e-02
2.812200485661878191e-02
2.770769078437316374e-02
2.758934301018174662e-02
2.908006428970150506e-02
2.887616164495095811e-02
2.871799032207372759e-02
2.814366405104259256e-02
2.844436476938080535e-02
2.914295162726979888e-02
