3.900998294938984867e-01
3.907548868621982807e-01
3.908044806458399467e-01
3.906198280647387167e-01
3.905894894899997749e-01
3.903317056431884757e-01
3.906817920178866088e-01
3.911985289284800604e-01
3.913758151068086333e-01
3.905324754675505994e-01
3.907157222818295472e-01
3.917679290348304866e-01
3.915335032358056022e-01
3.917620561324003381e-01
3.904290906924168802e-01
3.908263665880760129e-01
3.903409105631107101e-01
3.899712699326687293e-01
3.905456982592367954e-01
3.891311995034366644e-01
3.903800441526369402e-01
3.912092476328778989e-01
3.890162540230768240e-01
3.902194898751897290e-01
3.903991478039957608e-01
3.904422622954058508e-01
3.904070912193039478e-01
3.905998545941244959e-01
3.895426703908845267e-01
3.909638725249205971e-01
3.896955780507403433e-01
3.902787236569576490e-01
3.911414092335719905e-01
3.908111147027880095e-01
3.906178233626489416e-01
3.901876223124897125e-01
3.915341575602241386e-01
3.898075518386782123e-01
3.907578988300596246e-01
3.900053833943172288e-01
3.905955837129290176e-01
3.904737637468127520e-01
3.901588997000916548e-01
3.895879957814026850e-01
3.896563267902666272e-01
3.914033994284474849e-01
3.901944237724277453e-01
3.915247837716495649e-01
3.909309930021844792e-01
3.909663120629721100e-01
3.900787078069122837e-01
3.901467686830439874e-01
3.903303595629165068e-01
3.911254190730374392e-01
3.911810870590605171e-01
3.919342071818012196e-01
3.906743295610111133e-01
3.907456160764629649e-01
3.910120358544560970e-01
3.902576539034900982e-01
3.911150765289853060e-01
3.896905013237652593e-01
3.910201272373217685e-01
3.901035400111138030e-01
3.898241673287538012e-01
3.904300031183094433e-01
3.903969094688146679e-01
3.919303305005362725e-01
3.906281164385908555e-01
3.910989493686237162e-01
3.896060827953337635e-01
3.919431888996917079e-01
3.915214672223948922e-01
3.899931398245912728e-01
3.911889922227768102e-01
3.906623028565036071e-01
3.912014524795103809e-01
3.908168054653962109e-01
3.895505180371545140e-01
3.905777328707723539e-01
3.919347740900953059e-01
3.913507512638159658e-01
3.906487567125171978e-01
3.904850023623109290e-01
3.910158579251724609e-01
3.907143285947843880e-01
3.919202554253454762e-01
3.911343994432340265e-01
3.909019257006774994e-01
3.899271842600746663e-01
3.913909541530434799e-01
3.912877750940728649e-01
3.905974912412402134e-01
3.909308792843713687e-01
3.906250384649909702e-01
3.911115323015703082e-01
3.905826548470328063e-01
3.908038258085521632e-01
3.894645108973662229e-01
3.914769115235733898e-01
