7.857789907055294787e-01
7.867381216767538321e-01
7.869690942310580972e-01
7.861416239113059312e-01
7.855962915303544847e-01
7.865934579760888168e-01
7.864448534194666829e-01
7.867878560880378069e-01
7.869810358732913791e-01
7.864773339057778978e-01
7.871309453791953681e-01
7.863183950570460379e-01
7.864566763636331448e-01
7.865109750985156412e-01
7.867303485741850011e-01
7.860484826132926317e-01
7.857967874049076595e-01
7.855107667309357833e-01
7.875365349710270468e-01
7.856928059125345420e-01
7.871045902191322607e-01
7.870325967733182715e-01
7.863819991676617160e-01
7.865328553190034100e-01
7.874470947894471884e-01
7.867522606693051479e-01
7.871799444282423508e-01
7.869589671290729838e-01
7.865941108888974131e-01
7.876264758347903960e-01
7.872660204810351114e-01
7.858747173823174004e-01
7.856731843726079134e-01
7.862373895643316457e-01
7.868535663092591781e-01
7.863147224927655721e-01
7.860379294219157487e-01
7.860626210921689561e-01
7.856177656330136649e-01
7.867264895241301570e-01
7.860218147697153324e-01
7.865584374218829167e-01
7.868369678312456816e-01
7.856333545256147799e-01
7.855235627682375377e-01
7.863841251671463972e-01
7.865712519852132711e-01
7.866873915874511569e-01
7.863577468337303866e-01
7.866951752578578150e-01
7.873235161724861930e-01
7.873122353316164279e-01
7.863933470409274484e-01
7.882157113760805967e-01
7.870038658244074004e-01
7.878648209229862642e-01
7.875288631773870174e-01
7.854564754866333320e-01
7.867825568501776168e-01
7.857838783746600164e-01
7.868528613121641424e-01
7.861544575169412408e-01
7.864258986056289480e-01
7.869337706709140789e-01
7.870994280374856711e-01
7.868712818484113747e-01
7.866024239632187776e-01
7.861837057237274218e-01
7.880524259690478983e-01
7.860962172991137198e-01
7.865433532167360742e-01
7.866135512350213022e-01
7.872826630111100510e-01
7.861195251695980435e-01
7.867210599358402945e-01
7.868887016248113930e-01
7.867004655356114595e-01
7.865412730572822753e-01
7.874977857372562617e-01
7.860806170041030327e-01
7.866932388588617764e-01
7.861669297769394715e-01
7.868483019827907654e-01
7.872904907198630120e-01
7.863492320000751157e-01
7.871756876489478527e-01
7.873312157945120404e-01
7.877067618243165370e-01
7.858397682970077458e-01
7.867941191163232428e-01
7.856884934433774337e-01
7.873638042657770120e-01
7.865569193394928993e-01
7.867363480155706856e-01
7.869127636718363794e-01
7.849787770843406065e-01
7.862049898608329812e-01
7.855830144467910170e-01
7.872438720963438330e-01
7.865941326508871789e-01
