8.111375965301848012e-01
8.129750693432284958e-01
8.131463008894879163e-01
8.123392315092092808e-01
8.126607538417001120e-01
8.147132311583494824e-01
8.136701183333759912e-01
8.144991485670874942e-01
8.125839576551745491e-01
8.133223692628787083e-01
8.141355251488875400e-01
8.127648347044201804e-01
8.129433034521001966e-01
8.148244836158858861e-01
8.133008229275556777e-01
8.133565703980025763e-01
8.140001989069982624e-01
8.143847937711852225e-01
8.136469453693029319e-01
8.135375281522853053e-01
8.131505556466420703e-01
8.142108918310395627e-01
8.138182381238228125e-01
8.140338790882364339e-01
8.146019579838694735e-01
8.127395818383466031e-01
8.133915483684026615e-01
8.138510804670203713e-01
8.135596860695269994e-01
8.144543779183697207e-01
8.131342087809195762e-01
8.134905076227467724e-01
8.132465752373094769e-01
8.134299524480058663e-01
8.138100335603786206e-01
8.138663466609381558e-01
8.135333123400945166e-01
8.145034218445744711e-01
8.143718922456179010e-01
8.136836723328202403e-01
8.139202838740624557e-01
8.127343457398089610e-01
8.129246016120348362e-01
8.140136545686273983e-01
8.140789671296397856e-01
8.136567032800881005e-01
8.126020558086100021e-01
8.122781133314063151e-01
8.133468770487519706e-01
8.130751059849843365e-01
8.134331338442535309e-01
8.136706378976006349e-01
8.136290120350911925e-01
8.137142983479087599e-01
8.153085199526370896e-01
8.132764522889046610e-01
8.127759687690989665e-01
8.128677962692824055e-01
8.129955086828549726e-01
8.139431376689916231e-01
8.131570765177935645e-01
8.139529419560749268e-01
8.126589656089389102e-01
8.132880614000208563e-01
8.135130249736055585e-01
8.131695189742791374e-01
8.133851596285887053e-01
8.139791708560031314e-01
8.139598108270392762e-01
8.121885439703013798e-01
8.143004386719040477e-01
8.147716899950663283e-01
8.140673701865118739e-01
8.127979317970639439e-01
8.131947994669124213e-01
8.124388919683140919e-01
8.137855307993735465e-01
8.145568474035712603e-01
8.135121477386024758e-01
8.128864848920647201e-01
8.131227645763114964e-01
8.135892629392685871e-01
8.131900397983939932e-01
8.128191089885994369e-01
8.141792000451231193e-01
8.132898375620489784e-01
8.129628524024719027e-01
8.132650374123336912e-01
8.125277775214030385e-01
8.123731409072271203e-01
8.139999762140304185e-01
8.138881588572823844e-01
8.143315803896209459e-01
8.125541653961086963e-01
8.138388692553446546e-01
8.132392045766294597e-01
8.128985170496275670e-01
8.133443341119890313e-01
8.137747043653323908e-01
8.124924139960939540e-01
