2.835677531091331804e-01
2.843558204396816613e-01
2.849350296131414328e-01
2.855230535413392778e-01
2.860903398381447471e-01
2.853086194366357686e-01
2.843922591078706374e-01
2.847755737994591141e-01
2.852270260767998944e-01
2.849445922858072078e-01
2.854897140999349547e-01
2.846753725381278022e-01
2.849970773874899166e-01
2.848164980880329988e-01
2.851286076343229614e-01
2.855684853599388950e-01
2.864888152146100597e-01
2.852634195744728762e-01
2.855304223095247451e-01
2.848050817392758782e-01
2.854631133371809404e-01
2.846953864376530752e-01
2.848273944855032047e-01
2.852615604500307600e-01
2.854328985876213309e-01
2.860754197626538819e-01
2.851006884835223243e-01
2.850739891610366561e-01
2.860159273265736601e-01
2.855887349190023849e-01
2.857238881921849716e-01
2.852173823584686629e-01
2.842670380078583525e-01
2.857139233423397484e-01
2.844714834875954890e-01
2.851635666341508224e-01
2.852207458860709366e-01
2.846795017248556769e-01
2.845681357771872033e-01
2.856636800151288735e-01
2.855503417574374314e-01
2.846274297778131346e-01
2.861218115751223978e-01
2.854830635895730939e-01
2.860869457230018065e-01
2.842075963986195331e-01
2.848062774853217793e-01
2.850909761643514728e-01
2.854079522515594602e-01
2.856705394485437033e-01
2.843628471452199213e-01
2.843730285887216547e-01
2.862409461207458539e-01
2.854191872738102154e-01
2.855839019332742090e-01
2.850381054291422078e-01
2.862778747520997591e-01
2.848619652609020170e-01
2.849493320823117126e-01
2.857244191833293590e-01
2.849454725590754300e-01
2.849440441537629543e-01
2.851781466737282611e-01
2.850329204144005368e-01
2.844303300924143074e-01
2.862776799829426233e-01
2.846919748542673378e-01
2.856848210631106610e-01
2.842029488530849468e-01
2.851776666866070453e-01
2.853626471535595233e-01
2.860738910705050153e-01
2.848974962233774555e-01
2.854088454188778989e-01
2.869326264366709456e-01
2.852312077825813752e-01
2.855115649265274058e-01
2.852078946380605107e-01
2.864961961738149432e-01
2.849196903468499964e-01
2.848862343038451872e-01
2.853807459135728752e-01
2.854132529441526511e-01
2.853291392513935820e-01
2.852034866717299000e-01
2.857680048731632283e-01
2.847958182538753991e-01
2.847100505904604506e-01
2.853174576120205419e-01
2.843656513700520416e-01
2.853651242276613598e-01
2.855852086162627979e-01
2.855612602700136060e-01
2.865185972593717878e-01
2.856717436729197535e-01
2.862339043057403054e-01
2.846984394709585753e-01
2.859077752804515815e-01
2.841350879494068948e-01
2.852668474426801604e-01
