9.844673455542571339e-02
9.977398763312966823e-02
1.000983267477261324e-01
9.896292209726370581e-02
9.959001819305848824e-02
1.001457507260339608e-01
9.890723996065331480e-02
9.957417366791290747e-02
1.001416770898111430e-01
1.000668111743485827e-01
1.005870403069041713e-01
9.920933364381721853e-02
9.850098246617040865e-02
1.004971918013821408e-01
9.953560339181270755e-02
9.989570516836850100e-02
9.853151681675802187e-02
9.936753629173376845e-02
9.900533764835353634e-02
1.001031442250682052e-01
9.975713745022517231e-02
9.820955795519452358e-02
1.007982106377915132e-01
9.941248268526564624e-02
9.990471356093334754e-02
9.895649810050169415e-02
9.977003302678991159e-02
9.974453746663672349e-02
1.001479787573499869e-01
9.858199575512130441e-02
9.927186712744982822e-02
9.868994939102231079e-02
9.946040430603139693e-02
9.947438116015104581e-02
1.003757369542666589e-01
1.004178204089563042e-01
9.925345673020205539e-02
9.969074744216091521e-02
1.004142049418731697e-01
9.981344922267987307e-02
9.962648524493911140e-02
9.860519486189389671e-02
1.005484762359347140e-01
1.000402114720454760e-01
1.004005527309959345e-01
1.002303155686855712e-01
9.914550453998843826e-02
1.000597942838681309e-01
9.973850628634346738e-02
9.892087547486165533e-02
9.943646767890601534e-02
9.944463486721032142e-02
9.957482632834353808e-02
9.893400149895953399e-02
1.006085292498847261e-01
9.987050379656979560e-02
1.005278639188852269e-01
1.008075858879929065e-01
9.979244085495696248e-02
9.945073843980634098e-02
1.001096724730371201e-01
1.004377243546881876e-01
9.892373882880128866e-02
9.883109320752558880e-02
1.008633375854039449e-01
9.898975608774297774e-02
9.957098966821367747e-02
9.956215037188839712e-02
9.929410175291143725e-02
1.006682700983358714e-01
9.969636578584378794e-02
9.994763457102670556e-02
9.976709333309999317e-02
9.951059582965747496e-02
9.899342691296858510e-02
9.875504159457643150e-02
9.924946302282405819e-02
1.003353506646503801e-01
1.006195596880701398e-01
1.010361935802067401e-01
9.978343926363189564e-02
9.986224899108051001e-02
9.882908835084830423e-02
9.981611067712976848e-02
9.967057892381674111e-02
1.005099234106992534e-01
9.847060613619870728e-02
1.001415316328925914e-01
9.958841717128648352e-02
9.998603516616708098e-02
1.000380229722145353e-01
9.957315081393006140e-02
1.004359059459890013e-01
1.008500162241292714e-01
9.922218791264195148e-02
9.962142826566337817e-02
1.013503910467499769e-01
9.925858360450336149e-02
9.969868123069733357e-02
9.981507609136355819e-02
