8.074372147059685201e-01
8.086415172263742290e-01
8.068747415022103908e-01
8.079337523249803255e-01
8.076498431965133395e-01
8.075728735818696880e-01
8.085863577122676116e-01
8.065716237777635911e-01
8.072280941253462405e-01
8.063101748428764814e-01
8.072912191632002354e-01
8.075586516903390244e-01
8.073949714712321812e-01
8.070690719662297896e-01
8.075674391708127509e-01
8.089598394085480981e-01
8.062624105457014689e-01
8.079335600730702671e-01
8.075120152258807860e-01
8.076396521729318767e-01
8.074823066021602491e-01
8.086965530328424911e-01
8.074043007627105251e-01
8.084972324887238493e-01
8.075155379592408034e-01
8.081254308788994312e-01
8.090511051029251055e-01
8.073329704028985310e-01
8.078857836961962358e-01
8.083081189138858758e-01
8.084058559126501287e-01
8.072069391309213415e-01
8.088695082250139112e-01
8.069249239205960045e-01
8.075601020184896006e-01
8.062425969550611748e-01
8.069063149758797238e-01
8.085114139326887717e-01
8.064733887679522706e-01
8.071846313226502811e-01
8.084552881166231497e-01
8.079662263051050619e-01
8.073674895808518048e-01
8.075170917141762938e-01
8.076580506831918527e-01
8.073312498136437920e-01
8.075209092262791710e-01
8.084206853304010121e-01
8.074801892865495212e-01
8.072479869300233091e-01
8.072188233636214960e-01
8.082490840197092963e-01
8.075486517489179894e-01
8.078780266895895235e-01
8.071565191805926132e-01
8.077757799290868901e-01
8.078164440167169280e-01
8.073208943569787355e-01
8.075307596237952801e-01
8.086815206083419749e-01
8.080730938081215342e-01
8.073002133269558955e-01
8.069455797514346607e-01
8.078279189609297584e-01
8.084038772360166991e-01
8.066463525481413210e-01
8.074574049112530627e-01
8.069228221142793478e-01
8.070124885172844653e-01
8.079705050552585810e-01
8.073396612168775022e-01
8.073478749639132479e-01
8.072280479630483674e-01
8.078359444979463788e-01
8.070604807564768501e-01
8.076520674901097596e-01
8.078940131404579450e-01
8.064893041550383890e-01
8.078515075463797990e-01
8.069434201433667297e-01
8.072745614987026919e-01
8.073596334854383771e-01
8.069161931364110529e-01
8.068975570905159156e-01
8.074888568541306322e-01
8.070566949950852553e-01
8.077398579144297042e-01
8.064935327681901356e-01
8.073370933990779985e-01
8.083405491848196789e-01
8.070859625570352414e-01
8.082295923081517230e-01
8.076644682572413636e-01
8.078948618942916049e-01
8.071930545300838311e-01
8.067222516342635874e-01
8.077288890676975752e-01
8.073370323167924356e-01
8.078283257999787637e-01
8.079248279953653578e-01
