3.424386984067082640e-01
3.447279382092008904e-01
3.439684064591451707e-01
3.444023852571800881e-01
3.442989440173445659e-01
3.444189781510795245e-01
3.437271648096469345e-01
3.444587224039393769e-01
3.449416618394202105e-01
3.439273173925957439e-01
3.456454030831360713e-01
3.438951240027965373e-01
3.447044076834520077e-01
3.452183736300662997e-01
3.451482571454383419e-01
3.449170101465803828e-01
3.441616992907167161e-01
3.445869284686035039e-01
3.448781734290209400e-01
3.437922622341784695e-01
3.444048760151062760e-01
3.450670720480948916e-01
3.445051351097844772e-01
3.439805403659545457e-01
3.456459275528397379e-01
3.442394184422615799e-01
3.448465242275984277e-01
3.438010235868345088e-01
3.438157501186606679e-01
3.441350923913321092e-01
3.458042500393598839e-01
3.451469342633028403e-01
3.445579654457925911e-01
3.451777935952187737e-01
3.434012883903878044e-01
3.441904143459764698e-01
3.445832935990271739e-01
3.440594446439211862e-01
3.437460241609474609e-01
3.445486793641336920e-01
3.442901036256911795e-01
3.430559829000211503e-01
3.433659043326844351e-01
3.444607596907366953e-01
3.443846950289236597e-01
3.445195255931531308e-01
3.442248971314958994e-01
3.442530374324540565e-01
3.437349843090185542e-01
3.445962891715021459e-01
3.440933493020409406e-01
3.440151235299580001e-01
3.445435642074966553e-01
3.441659633905070903e-01
3.453196347156637924e-01
3.451501529505504595e-01
3.445247727750742062e-01
3.442356851939080697e-01
3.436977821028665003e-01
3.449084676801376093e-01
3.437858663301702200e-01
3.451393908235108055e-01
3.433605644261047973e-01
3.434068576649910165e-01
3.438490814335895540e-01
3.445651623868328239e-01
3.432883202287219104e-01
3.453610682848680113e-01
3.443495023605367411e-01
3.454614530383647297e-01
3.437174318902945780e-01
3.447726466293350445e-01
3.453556009788448233e-01
3.449132842951556643e-01
3.446686295136378586e-01
3.454182460088371931e-01
3.432430536287467970e-01
3.443060229318772314e-01
3.446762648954000419e-01
3.432943345832494830e-01
3.446496956122933053e-01
3.435938285921811275e-01
3.448364592753295210e-01
3.452604038807167153e-01
3.443097014561382063e-01
3.437459668426753323e-01
3.438211882145448817e-01
3.454839442177233266e-01
3.437128606387895857e-01
3.450509441280406597e-01
3.435945074159983958e-01
3.444906783509471548e-01
3.455233743269042757e-01
3.440096814253482127e-01
3.445825519631502409e-01
3.440255191223202669e-01
3.446257685510921709e-01
3.440320993235309599e-01
3.447371182582835702e-01
3.441434646789027774e-01
