8.726809981262785287e-01
8.730028343665752200e-01
8.731249516352037610e-01
8.738130421275722703e-01
8.737575470044733894e-01
8.735242093084708559e-01
8.745345843187233292e-01
8.738309895720057785e-01
8.735664696913093552e-01
8.742377073635118068e-01
8.740756508331797292e-01
8.740116521590279852e-01
8.734463613612002408e-01
8.742256327700479446e-01
8.730219715935865210e-01
8.744177680919976714e-01
8.740432095685425340e-01
8.727085914705945413e-01
8.747994278353994346e-01
8.735512814403392223e-01
8.744828380269191737e-01
8.741346690918971873e-01
8.741669460113711265e-01
8.746109042621935670e-01
8.733401072246192998e-01
8.731731705464347293e-01
8.736132350100787036e-01
8.732976839702305538e-01
8.743160477813123332e-01
8.733145353395211918e-01
8.739616735512810708e-01
8.729446316502245118e-01
8.740622283639460921e-01
8.748129001433855301e-01
8.741957918841396502e-01
8.737475376422088047e-01
8.734376006341065812e-01
8.729887164363280272e-01
8.735130556184618200e-01
8.740055474298591420e-01
8.743339269151377824e-01
8.746665604137526806e-01
8.738475324509211717e-01
8.730869156820474375e-01
8.749449088514126283e-01
8.740682289118454351e-01
8.740790791055135234e-01
8.744928503373744499e-01
8.749616651860570027e-01
8.731616757060467471e-01
8.739968250947002248e-01
8.742401074708258113e-01
8.738535699191960493e-01
8.732374801770759198e-01
8.737715404038501887e-01
8.746856511524019329e-01
8.743168527172879845e-01
8.742553123005236682e-01
8.741473658808519565e-01
8.747591642410359469e-01
8.742485281011338483e-01
8.739094886919609451e-01
8.731312834472881867e-01
8.742075599830951838e-01
8.745473873992349878e-01
8.737359995905871202e-01
8.735809078125428284e-01
8.745370546381142640e-01
8.738430732494455455e-01
8.740875652417945396e-01
8.737597619253899550e-01
8.730672463953234042e-01
8.736678165015012709e-01
8.736374066793216597e-01
8.729228607874783830e-01
8.736547268560441726e-01
8.745984546898252221e-01
8.737669510203179835e-01
8.727980898683427302e-01
8.752359819880864977e-01
8.738601177440815659e-01
8.731603018352802614e-01
8.734016075727424333e-01
8.741084837002219832e-01
8.742868957957047327e-01
8.744470067399839897e-01
8.743707868614665202e-01
8.727657695598162180e-01
8.725980510448800853e-01
8.731124056959004287e-01
8.735594773730175344e-01
8.730622184734166957e-01
8.736606409024748610e-01
8.743912518521417265e-01
8.748197117006935031e-01
8.737016147446472480e-01
8.742252694524770273e-01
8.738560546687537123e-01
8.730466667159041405e-01
8.745103813935926063e-01
