1.460304999565816275e-01
1.469818064199981955e-01
1.471813933095481031e-01
1.475197594921916766e-01
1.474181367364721384e-01
1.470501125015705457e-01
1.471359794884770089e-01
1.473302545638383032e-01
1.475429094375299288e-01
1.458930939289005413e-01
1.475206028975615258e-01
1.472106067517814365e-01
1.471869715931486411e-01
1.461816165917800281e-01
1.465700771615045528e-01
1.476277038514203221e-01
1.463638191760983642e-01
1.470468217509947328e-01
1.466215295603623403e-01
1.468844145469066775e-01
1.465579317047037700e-01
1.465582612702412968e-01
1.460916706596401826e-01
1.466491146049798688e-01
1.476183521251231978e-01
1.480430620449432744e-01
1.478791513949314629e-01
1.463704804436251061e-01
1.467229441445432880e-01
1.470526607066155733e-01
1.467498489658161098e-01
1.467442200736623348e-01
1.459691123977199523e-01
1.467723477535796683e-01
1.471726726301206822e-01
1.463227695840626508e-01
1.471117453122985919e-01
1.460013941000309345e-01
1.476787267715737872e-01
1.462435715740550979e-01
1.474649713643919058e-01
1.460309426269491839e-01
1.461567339950066158e-01
1.478471154537446264e-01
1.467198260972167323e-01
1.469615455639889379e-01
1.468616573702179462e-01
1.466912106397675331e-01
1.471204060941054825e-01
1.482440322353885953e-01
1.468448495440238810e-01
1.483524287503061867e-01
1.475922255439758857e-01
1.468975831227017359e-01
1.478157826742665937e-01
1.474612401367964010e-01
1.468724057926300841e-01
1.465269644072798583e-01
1.466981353499098861e-01
1.465841952221101363e-01
1.463145450441499240e-01
1.473220872959247751e-01
1.469263211756447474e-01
1.466274833652795873e-01
1.469208113845429375e-01
1.472536960967522623e-01
1.465918493944870782e-01
1.476729814319530654e-01
1.478988046615449248e-01
1.462375538869253311e-01
1.472318172630666666e-01
1.475373834403197471e-01
1.460076887725950123e-01
1.473687672391764125e-01
1.476223667506395276e-01
1.471091437760799758e-01
1.462439630836946947e-01
1.487454731017830989e-01
1.471195364193974287e-01
1.469792549104366741e-01
1.469979166521067637e-01
1.471065822921001631e-01
1.472753772232330838e-01
1.476583450905775419e-01
1.464051932853328575e-01
1.477393673215343650e-01
1.464598560839667774e-01
1.476049581300664104e-01
1.474864319196649287e-01
1.468818622977553778e-01
1.481972041659584682e-01
1.474217429892681341e-01
1.468909354142815538e-01
1.467685155520355167e-01
1.475089441514954025e-01
1.470667140914737603e-01
1.468919551406262514e-01
1.467951518363213026e-01
1.472954699310150273e-01
1.481623699581203490e-01
