6.840039148112819767e-01
6.860423609701186143e-01
6.841420912308879831e-01
6.839748419865625539e-01
6.861660768072843641e-01
6.856640960059017242e-01
6.854155782054864865e-01
6.863627264585369092e-01
6.858993411372014126e-01
6.849073227461863755e-01
6.856515930469898601e-01
6.844946199969510481e-01
6.853235077593016200e-01
6.850860142211708803e-01
6.848283662056744436e-01
6.862530457492033165e-01
6.851825926886472296e-01
6.859428516281870225e-01
6.861785483630727933e-01
6.864098939518425979e-01
6.849190006703451683e-01
6.847572075091850063e-01
6.854897989175401385e-01
6.851712024405325341e-01
6.851164843914182567e-01
6.862400336965519543e-01
6.855129400003242557e-01
6.861237298464633039e-01
6.858456116989584128e-01
6.857574265961736693e-01
6.847230778630799541e-01
6.872873255751318355e-01
6.849598491113103593e-01
6.862098131242093668e-01
6.855379532199498138e-01
6.851980133601535128e-01
6.861971278265662777e-01
6.851431345764616987e-01
6.850935765341921169e-01
6.855519704690596905e-01
6.850133163754810184e-01
6.856829751750166402e-01
6.847363571488926937e-01
6.850907633241555272e-01
6.859159918217729857e-01
6.859887196472750359e-01
6.846454325299311527e-01
6.851992767423003006e-01
6.865154543334219817e-01
6.853776331553440571e-01
6.869885599874878679e-01
6.854921203603419055e-01
6.854226231641113998e-01
6.860660933588437205e-01
6.855971700159613214e-01
6.858576361006534228e-01
6.856309240333917643e-01
6.852995489594346790e-01
6.865069929114684388e-01
6.857052002884789221e-01
6.852908537891309049e-01
6.846253394577306306e-01
6.844301231304042998e-01
6.859766928668136199e-01
6.846909254651495358e-01
6.849256571768849167e-01
6.856473578351505171e-01
6.855172068587456202e-01
6.851505775812825050e-01
6.857464264220625161e-01
6.856946312972371782e-01
6.861077377776858555e-01
6.855452598269682341e-01
6.858087006383144502e-01
6.856175972033278221e-01
6.865457395987206723e-01
6.851663013885284093e-01
6.844590202880880270e-01
6.859817124979359360e-01
6.852526940598594463e-01
6.856530669438687386e-01
6.856833029140125824e-01
6.844350129279748174e-01
6.848704818324342636e-01
6.854181535018462057e-01
6.852720293578862254e-01
6.856597612422795640e-01
6.850883583717392034e-01
6.861515600687253524e-01
6.859814389945947388e-01
6.857760864372642873e-01
6.862924698200141282e-01
6.859998791856940503e-01
6.858364860542094377e-01
6.850918492017198380e-01
6.857173901384533421e-01
6.856201089497730994e-01
6.854008644601079503e-01
6.856649379357241392e-01
6.863132069747421848e-01
