9.717710227136457934e-01
9.724135697680860169e-01
9.743727496184089176e-01
9.738775926638467695e-01
9.729301249280273289e-01
9.742643167027924544e-01
9.729748548968339961e-01
9.718759945728343563e-01
9.733490335940497840e-01
9.733377519097057284e-01
9.727532514646717310e-01
9.727557224124948609e-01
9.717558831936972119e-01
9.731188173298350730e-01
9.736093748882320709e-01
9.727685168100904667e-01
9.736588329053956770e-01
9.738381082647029618e-01
9.738927076053536247e-01
9.733438195453110175e-01
9.733828861047348902e-01
9.738831303739758916e-01
9.738057423879744601e-01
9.732410435388509917e-01
9.733778240601864695e-01
9.739044908347177509e-01
9.739862731048941624e-01
9.732599434982301956e-01
9.724389355890012965e-01
9.714432018267591395e-01
9.739594164393957643e-01
9.722954902320148918e-01
9.733803140612717897e-01
9.736562662028274140e-01
9.733414357029404052e-01
9.722135704899497188e-01
9.730697291773354740e-01
9.728440142462468909e-01
9.738120007588539906e-01
9.724816767389750094e-01
9.717869464382293820e-01
9.732331495757500228e-01
9.725716025184120150e-01
9.726591271004842998e-01
9.736962872169364624e-01
9.733644394481675288e-01
9.731487113386598775e-01
9.737695077513768283e-01
9.733516272993714136e-01
9.728298993267512351e-01
9.727386765859049600e-01
9.731739577308544664e-01
9.733333028477146875e-01
9.730467196168565147e-01
9.730500106890626055e-01
9.739018125108428459e-01
9.731913694758559386e-01
9.732210180234053265e-01
9.733814033818660727e-01
9.735386389098896753e-01
9.739666155503803324e-01
9.725179198487562404e-01
9.741911208829177049e-01
9.740407716495047552e-01
9.733646934328948896e-01
9.738449445152158601e-01
9.728347097069595106e-01
9.735072434661724561e-01
9.738299462758185365e-01
9.733254790403447210e-01
9.725702798528930160e-01
9.734237069060124314e-01
9.740223359533957126e-01
9.733726078699266315e-01
9.736623648687551258e-01
9.727885099754378651e-01
9.730398883088289264e-01
9.741453995097768548e-01
9.718570349521044038e-01
9.729998263780264001e-01
9.719689036260281689e-01
9.724595238444485590e-01
9.736436851295168227e-01
9.730347612690797288e-01
9.734540199136409999e-01
9.722748067794777516e-01
9.730288284158510326e-01
9.720888430801277735e-01
9.740622303456427655e-01
9.732225069715252364e-01
9.731005119564374306e-01
9.730928318242839659e-01
9.735071697589698925e-01
9.732108198542144262e-01
9.730354643599140596e-01
9.732055451868791840e-01
9.726044661686309434e-01
9.728718209210014400e-01
9.725812983124129119e-01
9.723604891989312549e-01
