7.672721352572604570e-01
7.669893348771389396e-01
7.675891844872528846e-01
7.672638729319654072e-01
7.685931913511607760e-01
7.668912364420403804e-01
7.667248292697137479e-01
7.672827013829623954e-01
7.681676846223319810e-01
7.672945057583546724e-01
7.659261746514834934e-01
7.680489514821097208e-01
7.673239995452523221e-01
7.674087199098045264e-01
7.679567248283309944e-01
7.681849665483895251e-01
7.666422586776724390e-01
7.681120281441464748e-01
7.671654645758518853e-01
7.682179528804460311e-01
7.685238839640103903e-01
7.680252916711253208e-01
7.692381173385184345e-01
7.681422552953762750e-01
7.668663442371731476e-01
7.686899382416870763e-01
7.673845220931959643e-01
7.674708995744585760e-01
7.665731167199141272e-01
7.672926573784599746e-01
7.676395639830329021e-01
7.664275679961720655e-01
7.680035138150674845e-01
7.676522073428928561e-01
7.676280721032686660e-01
7.676326000459250398e-01
7.679242548817359904e-01
7.672010506902278149e-01
7.677756106293081029e-01
7.678612211899706885e-01
7.685386096165380820e-01
7.678544873111625702e-01
7.671796433116677694e-01
7.679879746666947726e-01
7.677127983877300998e-01
7.681893466244358315e-01
7.666496121514246864e-01
7.675214115331404630e-01
7.665430977094607190e-01
7.672733244100031769e-01
7.676101320673787143e-01
7.671916940986753808e-01
7.675755102181008871e-01
7.670203766242023047e-01
7.668659716382888458e-01
7.666648178563980620e-01
7.671260340503510688e-01
7.679470497614901969e-01
7.674349816636366617e-01
7.675246412590809308e-01
7.672303136696839720e-01
7.671875755050870938e-01
7.670935120284489983e-01
7.677378590171963779e-01
7.667388550327363106e-01
7.666005661596160259e-01
7.666677220255566638e-01
7.661259025360067643e-01
7.674172981004649952e-01
7.689485654314804908e-01
7.663711754888293815e-01
7.673677072122495613e-01
7.673368632623986940e-01
7.673585549607193634e-01
7.673978719953316041e-01
7.671213655971205192e-01
7.675335647214065471e-01
7.676107517280262860e-01
7.674435296779735793e-01
7.669399201021087631e-01
7.672475719348581524e-01
7.678005271836896295e-01
7.677922543152200241e-01
7.667820863268189902e-01
7.659748526530836266e-01
7.671786522371979444e-01
7.672556755584778454e-01
7.670726282088529135e-01
7.658496411738799914e-01
7.675017657016682815e-01
7.676280821598553405e-01
7.683435713564106262e-01
7.668671255758503502e-01
7.678872952983240019e-01
7.677243845768610964e-01
7.681833059588634161e-01
7.678389974813903951e-01
7.668023788200504232e-01
7.669961100231861284e-01
7.681408666035143273e-01
