6.402739915108507374e-01
6.419589828987095625e-01
6.425555361188151071e-01
6.437188053811613297e-01
6.415847909751124512e-01
6.431605585393513902e-01
6.431920357739517868e-01
6.421067305302194939e-01
6.425431059920561072e-01
6.428006858629993214e-01
6.422830307169049568e-01
6.426098009649233722e-01
6.433923795234848253e-01
6.428318591377267799e-01
6.414766756175195317e-01
6.434052079050608386e-01
6.416946767683400221e-01
6.428089728482232479e-01
6.434001116095637851e-01
6.421106906469711273e-01
6.416056597106779558e-01
6.421714069345245690e-01
6.418336692823755074e-01
6.430132244798805186e-01
6.422668171814240878e-01
6.434368433983977953e-01
6.418828237831148975e-01
6.420992437458166169e-01
6.434879569266525046e-01
6.435601425194973357e-01
6.441099894097011003e-01
6.431343108320863866e-01
6.432539445627841745e-01
6.429731792679652669e-01
6.419024503007684235e-01
6.419742417433320636e-01
6.426426495362105307e-01
6.422882979926902713e-01
6.422464812410039192e-01
6.420167841411055232e-01
6.437859373565004706e-01
6.414569470094994008e-01
6.419720096928316355e-01
6.424738704855453841e-01
6.426849782375810838e-01
6.431075554185873289e-01
6.426982591700957093e-01
6.424858520692329211e-01
6.418760721669276581e-01
6.423093784872948575e-01
6.426935402184964508e-01
6.425313603446076716e-01
6.425618122859491077e-01
6.434049738542166885e-01
6.428551152833423821e-01
6.428046333319985539e-01
6.424267196902235799e-01
6.432148042738552451e-01
6.436933648268445829e-01
6.417930184591351672e-01
6.433203765440542732e-01
6.419024728852019690e-01
6.418878715434384041e-01
6.426499126519562566e-01
6.427025567226650749e-01
6.412253671552226031e-01
6.430139886056694953e-01
6.415278767514466240e-01
6.421563494911932679e-01
6.432884871635613511e-01
6.416266311842986347e-01
6.435922283431676494e-01
6.434631347110615351e-01
6.421949641798709862e-01
6.426789186087215056e-01
6.412780411493128607e-01
6.414503600068127698e-01
6.428560985967304298e-01
6.427407462936214344e-01
6.422980446130335253e-01
6.419496074901346327e-01
6.426514612377465241e-01
6.445031511120250522e-01
6.418634358922554739e-01
6.425520205657093697e-01
6.417650915704866676e-01
6.437883639936949898e-01
6.430496685250326472e-01
6.420502595262598255e-01
6.424210425217711240e-01
6.417585546208022240e-01
6.416556033527662795e-01
6.415344857592241157e-01
6.430185563923123127e-01
6.429967282011908036e-01
6.427732480355553557e-01
6.411795245851256153e-01
6.423035546390758466e-01
6.434196479676250746e-01
6.422328385711917331e-01
