7.705690767699016064e-01
7.718390544388267216e-01
7.724187715951201794e-01
7.727422775194372484e-01
7.740829864418199424e-01
7.724891742089983193e-01
7.719238084375060760e-01
7.715288965836079038e-01
7.721284761726634471e-01
7.733186143070682750e-01
7.722228527982778479e-01
7.723782181253587842e-01
7.731543123400863582e-01
7.727799322884788547e-01
7.724433638606634789e-01
7.720139234156142560e-01
7.715829377282492629e-01
7.730968324890206134e-01
7.712402889426310804e-01
7.723892139689424452e-01
7.738155486750286638e-01
7.726500260262172404e-01
7.726828133727369208e-01
7.716473976631905707e-01
7.720464382411396098e-01
7.727181845800906723e-01
7.729154766110873931e-01
7.717988303788378968e-01
7.727015585132428477e-01
7.736636766669700016e-01
7.721737365763801098e-01
7.720614469451410056e-01
7.710562722856941775e-01
7.723348657853302823e-01
7.717840021896599234e-01
7.730156682168607407e-01
7.730494613734169018e-01
7.725740999139658616e-01
7.730893913256076111e-01
7.728007099961521353e-01
7.714027006794968999e-01
7.724167582814163158e-01
7.734524434467169307e-01
7.728429510620270504e-01
7.719272559166583392e-01
7.731185833457450141e-01
7.717692003414038382e-01
7.726176108276148202e-01
7.723590731360306938e-01
7.727206645462768586e-01
7.728010909364735337e-01
7.724815956654820237e-01
7.722981200399385848e-01
7.731961183823226058e-01
7.720798431946120921e-01
7.732604240624361136e-01
7.741386712462972053e-01
7.721534613709644113e-01
7.712160967945131951e-01
7.724956483874277913e-01
7.718455845657923309e-01
7.734826017912690421e-01
7.726839597623464950e-01
7.717801783398342552e-01
7.719907500675234902e-01
7.721002547985146292e-01
7.719563760714370781e-01
7.726046937282416982e-01
7.725270123145366874e-01
7.722354604610364159e-01
7.720619153446193206e-01
7.728469804521407305e-01
7.734021206302441609e-01
7.730209251326186637e-01
7.720564813632333490e-01
7.728710804284889546e-01
7.732891852132049992e-01
7.731285798449982760e-01
7.724488640218751812e-01
7.709597988677976410e-01
7.719760687802506016e-01
7.726086763450833450e-01
7.735700529210662868e-01
7.721808451660019390e-01
7.731873527599122387e-01
7.729552501564345146e-01
7.730723857447986402e-01
7.729756892401922208e-01
7.729201286966969064e-01
7.727006577598728443e-01
7.727428562209266438e-01
7.728631971978356940e-01
7.725955132296549177e-01
7.728952657849821328e-01
7.733036445994485586e-01
7.730447467663590366e-01
7.737316936414305735e-01
7.724013638513816948e-01
7.719280026874764111e-01
7.720472507292965858e-01
