3.481251610284298303e-01
3.478178194414494051e-01
3.482083127694736713e-01
3.493771552398708402e-01
3.481489214695204781e-01
3.483205332663331100e-01
3.490223305012122856e-01
3.474932482329462502e-01
3.487221121512387723e-01
3.498901867119724729e-01
3.469552522775286585e-01
3.477473406696112157e-01
3.487710845495136658e-01
3.484111622659833429e-01
3.489293288106899427e-01
3.478640194868389268e-01
3.479570646801767309e-01
3.474585965121027575e-01
3.475073452439265131e-01
3.484042953116396335e-01
3.481357174007536637e-01
3.479795210972487229e-01
3.488541833988257901e-01
3.488452944008387790e-01
3.474969067263604661e-01
3.483930167687320778e-01
3.487493582753676824e-01
3.482281121950675518e-01
3.482730077693398929e-01
3.484769651886285291e-01
3.486262126733720712e-01
3.492088965072097650e-01
3.497493002443901045e-01
3.475713099823776742e-01
3.484703141311524810e-01
3.490453130392039971e-01
3.483682772043513731e-01
3.477998785624351608e-01
3.483604378204241403e-01
3.482589489820291928e-01
3.485394151018810782e-01
3.490177824867045087e-01
3.484707141318942325e-01
3.482317596305304352e-01
3.484340888659874791e-01
3.491224280046127393e-01
3.504817562379519136e-01
3.476203378700575275e-01
3.486891960222166520e-01
3.479923325038550286e-01
3.485027015562350838e-01
3.484558040473809126e-01
3.484525290996665081e-01
3.481503657887176639e-01
3.484427482797796682e-01
3.482233350761122503e-01
3.492683209830281243e-01
3.484312165402603245e-01
3.487116587372453003e-01
3.477900416570102182e-01
3.492519308696761526e-01
3.492869665199346274e-01
3.487175550858790940e-01
3.485331196843706181e-01
3.487703860212102436e-01
3.481831011783542706e-01
3.477676403796710614e-01
3.482737805854424495e-01
3.484788646633808495e-01
3.485178392420454907e-01
3.488044325617277730e-01
3.477950975612546514e-01
3.477497206099600668e-01
3.487454184660851997e-01
3.498653661018536476e-01
3.485690860337279373e-01
3.480186944098655477e-01
3.494688668728477277e-01
3.484858134322674217e-01
3.494682658620707483e-01
3.475056522919551250e-01
3.489207513434470775e-01
3.472426782021602598e-01
3.485478971363059064e-01
3.479494904063487049e-01
3.489729486765905664e-01
3.486226497259775070e-01
3.495965955405948011e-01
3.491187905783752488e-01
3.476575592064605202e-01
3.487290973141206063e-01
3.479177147077391896e-01
3.486390749483107010e-01
3.486392258848045600e-01
3.483559480320910229e-01
3.488969866743169557e-01
3.475151981103341559e-01
3.479582266463899787e-01
3.475260835949826599e-01
3.487757803397154577e-01
