7.232453369386521169e-01
7.240552150299278678e-01
7.243437832812944510e-01
7.244986344435428993e-01
7.232393971469601723e-01
7.241596303565751569e-01
7.232986412913395835e-01
7.226451206851624010e-01
7.233180174527675810e-01
7.239267147687220572e-01
7.233880048680021435e-01
7.242749723200011536e-01
7.239162713216172884e-01
7.236114538823985587e-01
7.240869789085822017e-01
7.239115087881563548e-01
7.232106488681224743e-01
7.233725544554249209e-01
7.246812471668788724e-01
7.228485772386028518e-01
7.226803806860320201e-01
7.236379457047645847e-01
7.232350074241171711e-01
7.236741045297457875e-01
7.244057177528235858e-01
7.244169462522893621e-01
7.236925896566388516e-01
7.241081967952809340e-01
7.237843237996164358e-01
7.242478236436376005e-01
7.237800573173016616e-01
7.238146200606923042e-01
7.239264099332520797e-01
7.233602800862577453e-01
7.234782271477573357e-01
7.230202478514667908e-01
7.233001820475465360e-01
7.240029865359823846e-01
7.237285683127189229e-01
7.233657945005416146e-01
7.233949916393992430e-01
7.243992185702141651e-01
7.235699497035827932e-01
7.244350574860182190e-01
7.222748735657973373e-01
7.224048641677811577e-01
7.232516712273312498e-01
7.235140955267197471e-01
7.222622806985297128e-01
7.238558915160584473e-01
7.237397925957180789e-01
7.238645977923456876e-01
7.243060430717562781e-01
7.229332159278760717e-01
7.249009867907656446e-01
7.235007102971654502e-01
7.231693844631386092e-01
7.223505666394405278e-01
7.243014556808293758e-01
7.238320244699791850e-01
7.234147246839073286e-01
7.240304726188874218e-01
7.240473490517154165e-01
7.229912365108984718e-01
7.234994472601655735e-01
7.236548319124282980e-01
7.232593603335891741e-01
7.236511045753917237e-01
7.230273700014617777e-01
7.241914746903532762e-01
7.243924321562165147e-01
7.235237292792424668e-01
7.231763951520226996e-01
7.240140318875872838e-01
7.221770813630361552e-01
7.237647346749769284e-01
7.243008929754634062e-01
7.239416914886001031e-01
7.238313687926406503e-01
7.224441801391154883e-01
7.226224666795408869e-01
7.232352533405738138e-01
7.238965961167775909e-01
7.237764405840054760e-01
7.229657183157078837e-01
7.235402610003119905e-01
7.240201627659674788e-01
7.235281926031740252e-01
7.230336759276569936e-01
7.227281984259892322e-01
7.227764168792443211e-01
7.245098391179540798e-01
7.233734728725484953e-01
7.230727410816231160e-01
7.227918923882790114e-01
7.229995515233710313e-01
7.229079524235000331e-01
7.235045888278575088e-01
7.236713684812534630e-01
7.236766354613601848e-01
