8.907634541922764271e-01
8.907102026408915130e-01
8.928965425135098055e-01
8.916733656447235479e-01
8.924790172364291951e-01
8.921542075534492078e-01
8.921725831409793583e-01
8.929866646994384372e-01
8.922973687610992188e-01
8.928308175492787324e-01
8.934411017115886366e-01
8.928004400450829658e-01
8.929994936807288397e-01
8.929308704024346843e-01
8.939885473780362357e-01
8.923856461297559051e-01
8.934142514169700622e-01
8.934159664275651558e-01
8.926768762681041025e-01
8.926940603393763718e-01
8.927936014914108487e-01
8.925898024869602931e-01
8.921794657608395074e-01
8.924835822814896069e-01
8.914347326905446289e-01
8.921935978870316752e-01
8.926479699761992181e-01
8.929307865782506459e-01
8.916926752921442434e-01
8.920310241752948954e-01
8.913309293196525207e-01
8.922189503780961761e-01
8.926521424943305583e-01
8.919665549179369712e-01
8.924952067225683239e-01
8.930670186337865690e-01
8.911019395565089596e-01
8.910840591551405510e-01
8.918846730616345475e-01
8.919568608801857756e-01
8.917426674392592290e-01
8.914153792038113089e-01
8.918730573438236053e-01
8.915702954215134479e-01
8.917555178388947290e-01
8.923522457144184017e-01
8.933314629414980113e-01
8.919654844688447159e-01
8.915978259578629661e-01
8.923987918836118194e-01
8.923095517027122003e-01
8.928691650504652078e-01
8.920660470646112339e-01
8.933326010663019678e-01
8.925988725657548750e-01
8.930954344831383285e-01
8.921931966025501426e-01
8.915278686062381164e-01
8.927346936536066924e-01
8.926278216397280918e-01
8.923760983020347926e-01
8.921677116511446126e-01
8.926836624960992062e-01
8.917681524162293094e-01
8.923633920937862340e-01
8.919362587088621730e-01
8.923539996052832768e-01
8.918106046184790525e-01
8.918189013226721640e-01
8.916854309045240123e-01
8.914446282539207900e-01
8.924675571280626940e-01
8.927762703208068640e-01
8.915220095118422394e-01
8.918085348062485540e-01
8.928977181380622907e-01
8.921250149232379245e-01
8.920681823636521512e-01
8.921799448547784728e-01
8.925237300779367278e-01
8.930495828991271701e-01
8.935816262526981024e-01
8.927983051685872695e-01
8.925065373203378005e-01
8.921164559741241451e-01
8.922236265023307800e-01
8.920785092432488295e-01
8.916856111524666950e-01
8.925631513006075934e-01
8.930795724174265260e-01
8.915125576134672603e-01
8.926992511484337367e-01
8.920984539148886228e-01
8.922740189325285565e-01
8.926614043502844043e-01
8.921317897832468091e-01
8.921305824783813954e-01
8.924192885137305353e-01
8.923484063342845829e-01
8.926998297537201976e-01
