6.206504918879489630e-01
6.209554573687345869e-01
6.216432424640094823e-01
6.211340544025034660e-01
6.216735813649739706e-01
6.205913556217637073e-01
6.216028872452633580e-01
6.213545121363795998e-01
6.219942202228616601e-01
6.205606839087811633e-01
6.224040450620974552e-01
6.210532424232668713e-01
6.205438749780657348e-01
6.217921127973106143e-01
6.214281744658480822e-01
6.220248457494959027e-01
6.212661127523229077e-01
6.214672524603056525e-01
6.215542954114473551e-01
6.224065629530842747e-01
6.212602531524873406e-01
6.211179266098503238e-01
6.219651556239838008e-01
6.203721248488540674e-01
6.212792120387500283e-01
6.214482493876636315e-01
6.217678933192141155e-01
6.214337215407658155e-01
6.222241929364743518e-01
6.211762251126833334e-01
6.219509226169578353e-01
6.212009164326666166e-01
6.196122722233066149e-01
6.209409279354064504e-01
6.213421342749227971e-01
6.216146387648390226e-01
6.220580062098988172e-01
6.217063987353058652e-01
6.206219044548046959e-01
6.224600160064344134e-01
6.218782798767950037e-01
6.218158354566263313e-01
6.215157021315993457e-01
6.211972147168081104e-01
6.211324925631538374e-01
6.216408014338914434e-01
6.224097992793466982e-01
6.209229649179728305e-01
6.202916941121378036e-01
6.229704606558188473e-01
6.209304007094206268e-01
6.215379519393496865e-01
6.212011050825140268e-01
6.211350706050260406e-01
6.210050097395195534e-01
6.213639776349464405e-01
6.220057336898272560e-01
6.203127981113580880e-01
6.222464186532752350e-01
6.215608030755706004e-01
6.217740216097107364e-01
6.217550430620846225e-01
6.201819408401821887e-01
6.219386949094048989e-01
6.218808685442924755e-01
6.204755948927046516e-01
6.214740880884720431e-01
6.205184040378710630e-01
6.221546093805576660e-01
6.215161481315759628e-01
6.214177633750537222e-01
6.201936558594760562e-01
6.215142457846645208e-01
6.209691264051773185e-01
6.214919967895695674e-01
6.217453660343736921e-01
6.223922051238266473e-01
6.209421247806369282e-01
6.217306859612736769e-01
6.212044205640577799e-01
6.216017013978907269e-01
6.210790322027326393e-01
6.210549946503463037e-01
6.202664258916712470e-01
6.222222112304840458e-01
6.203191138888017875e-01
6.216357175943569846e-01
6.211243980929329611e-01
6.203210635342579771e-01
6.205656006568096572e-01
6.207496594727970329e-01
6.221407254650505037e-01
6.214052032542991544e-01
6.202919551684091815e-01
6.212564979174339808e-01
6.215613303371654297e-01
6.205515687024751870e-01
6.214345031051378143e-01
6.202177547029277260e-01
6.222349652976950640e-01
