5.009861824038703837e-01
5.041545168221042150e-01
5.017792444910855743e-01
5.027696686389814262e-01
5.019291071301430485e-01
5.025281267819051711e-01
5.024305373096942251e-01
5.031537175553573160e-01
5.029969563588412296e-01
5.035413922429452516e-01
5.010190825943570125e-01
5.029430168824728931e-01
5.021027372777434605e-01
5.029813498374149372e-01
5.016848035074574774e-01
5.032910138504727016e-01
5.020852284480943339e-01
5.032635697958229848e-01
5.024394837063247410e-01
5.034045484825189209e-01
5.025757033619105973e-01
5.020640221974459472e-01
5.031278973680604061e-01
5.032549988502714733e-01
5.035388174874656508e-01
5.032977291321949487e-01
5.018005612197704579e-01
5.022923818365854221e-01
5.032729675802692926e-01
5.029235920923552650e-01
5.014575344871722296e-01
5.019007785510795072e-01
5.026306671790311542e-01
5.018751785275116228e-01
5.031707138640533206e-01
5.010586157285599196e-01
5.033106041791547414e-01
5.028199562996018557e-01
5.026213114231273815e-01
5.012803148182808366e-01
5.028089860347993989e-01
5.023214427394915305e-01
5.016869280220079830e-01
5.023814178771893735e-01
5.025520973116568424e-01
5.028318672774723108e-01
5.024422403128309123e-01
5.022303102624172677e-01
5.030145896821377471e-01
5.029841223381388282e-01
5.033784301863624133e-01
5.038171295762366997e-01
5.019847320800552293e-01
5.022656648283497782e-01
5.030547927717596846e-01
5.024903379491041377e-01
5.027382097080560497e-01
5.024010169827894945e-01
5.024952395440913655e-01
5.022110690864277638e-01
5.020801199397295633e-01
5.034168992043145385e-01
5.031899549806337912e-01
5.019221167602453404e-01
5.023489418464315293e-01
5.031722708301389346e-01
5.027035771165565547e-01
5.027348465028609326e-01
5.026452258011180341e-01
5.032367216829205514e-01
5.028352195364879096e-01
5.027049831924002010e-01
5.014407611235365270e-01
5.024750347685975616e-01
5.024405433452766578e-01
5.026668390685140597e-01
5.035136187504539729e-01
5.024294331200372943e-01
5.026164621608423255e-01
5.032198475179070485e-01
5.022672133115972937e-01
5.025238349820806416e-01
5.018952941063785644e-01
5.024873712583680652e-01
5.032705789271363361e-01
5.026056369696196846e-01
5.025863694426986328e-01
5.038858269361049524e-01
5.016819682580365702e-01
5.023420128391162809e-01
5.027252463001719018e-01
5.035769369710491050e-01
5.016206752743976871e-01
5.020045163817952183e-01
5.037757171934207356e-01
5.028664116394807593e-01
5.014849685577195126e-01
5.017641208335006375e-01
5.034066098246972043e-01
5.015500322773506214e-01
