6.464657657969665738e-01
6.478225135096777887e-01
6.475558101535072719e-01
6.484789041745788740e-01
6.475041437756094975e-01
6.468616946202752072e-01
6.473848085848072920e-01
6.473031038554266647e-01
6.479068846967078743e-01
6.472672328322724988e-01
6.489489014309284265e-01
6.465204557626496040e-01
6.462166182699270456e-01
6.470001851582620755e-01
6.479955605263567620e-01
6.479930348926388195e-01
6.476304653882989371e-01
6.468042226075406687e-01
6.484751240109770665e-01
6.472994709353659948e-01
6.478572269289484264e-01
6.471133600323426549e-01
6.469504569556607798e-01
6.479538822364901973e-01
6.476758551202982384e-01
6.473607174414919285e-01
6.460880560143328344e-01
6.471509404152404610e-01
6.482026142617173248e-01
6.466802092837145022e-01
6.470420935738612211e-01
6.472492148939029688e-01
6.470589938973028143e-01
6.481428108668942922e-01
6.473688711018543707e-01
6.475720900315709017e-01
6.482628741127023364e-01
6.479311845236086498e-01
6.481469022011704384e-01
6.470643350875866506e-01
6.475951123107850371e-01
6.477026386568349725e-01
6.475032122272542656e-01
6.470764046233677957e-01
6.472422389735631443e-01
6.472959243948133157e-01
6.472612234993742053e-01
6.478700506942258741e-01
6.463672180042225879e-01
6.480090963479044897e-01
6.480341897663969286e-01
6.470984679026310360e-01
6.467315491276990347e-01
6.478941007860685719e-01
6.480073235288310585e-01
6.493104532588964695e-01
6.471809485990496214e-01
6.480319361895856556e-01
6.481592949819576788e-01
6.473352660700126826e-01
6.468102373586301912e-01
6.482162482389620672e-01
6.467464428485296679e-01
6.485565912973315639e-01
6.476743938747687723e-01
6.476992224352415839e-01
6.483845792551414799e-01
6.472939474090899648e-01
6.486070066717271043e-01
6.474128650451860256e-01
6.487877522523237683e-01
6.480398225358122710e-01
6.457535049405785932e-01
6.481148833230216955e-01
6.482057663629812172e-01
6.470783447649920417e-01
6.473204343885601286e-01
6.475435633943140701e-01
6.478094433030927579e-01
6.476472065561126312e-01
6.465921801419951542e-01
6.471476593992845361e-01
6.468399897934186127e-01
6.477525217897410759e-01
6.476205875824072589e-01
6.477078968341576370e-01
6.477553900962700340e-01
6.468254645861790664e-01
6.469089838625065036e-01
6.475771788719105748e-01
6.472039504869978588e-01
6.459762924731551337e-01
6.480130834336323975e-01
6.475923903117999370e-01
6.470464728304623492e-01
6.478816048471811584e-01
6.467345309848693269e-01
6.485095844297974477e-01
6.477150508441131826e-01
6.482964050751401919e-01
