6.365791420914789223e-01
6.383608050242469689e-01
6.384648519936801936e-01
6.389363137149371985e-01
6.395399882850147932e-01
6.385298708604720819e-01
6.385653129929009797e-01
6.381586850955883738e-01
6.390013094827287077e-01
6.378847749629381614e-01
6.374812498787978399e-01
6.369970824084694172e-01
6.393079389385467604e-01
6.384375614607855631e-01
6.381956789190657009e-01
6.394922156806144287e-01
6.377756075310385686e-01
6.389639740958296121e-01
6.389727674410615732e-01
6.383711264105282890e-01
6.386017359941243976e-01
6.375834441935122054e-01
6.386403817502110947e-01
6.395720691190546203e-01
6.377868421673424937e-01
6.383531558478472423e-01
6.379084776381169775e-01
6.387872013458464338e-01
6.384964950097880010e-01
6.389928283572567924e-01
6.383075464128969978e-01
6.385437508999609602e-01
6.386891350554040336e-01
6.391084128274804321e-01
6.390136106990065290e-01
6.389678955512891889e-01
6.378654733427144841e-01
6.380143600960406225e-01
6.379183777260972743e-01
6.380399036370931753e-01
6.374150756389185268e-01
6.392179509578043151e-01
6.383987466496687802e-01
6.388672384554288097e-01
6.374141952722629512e-01
6.392314931948865908e-01
6.387373584176112562e-01
6.387338565013467306e-01
6.380824934491338141e-01
6.380050944310196037e-01
6.382807752898426168e-01
6.392809608792320297e-01
6.385159580302879334e-01
6.377715296695110059e-01
6.377164260142687002e-01
6.384707141567409483e-01
6.383996920842303080e-01
6.390475167771313414e-01
6.383625168419218010e-01
6.385637832126134228e-01
6.371008444496690792e-01
6.373450637142229480e-01
6.379675200261893941e-01
6.390007474471115501e-01
6.397407826066663361e-01
6.388206686329150896e-01
6.391554767600978737e-01
6.389247876549458693e-01
6.379338951301963823e-01
6.382608997121008709e-01
6.372519436137471516e-01
6.381715813134885007e-01
6.382337131334714364e-01
6.388694658312137342e-01
6.382895132155931295e-01
6.382745111639638314e-01
6.389949478381511394e-01
6.378408720447146241e-01
6.374175893664562054e-01
6.391482760496418614e-01
6.381698330395690899e-01
6.383010899008585426e-01
6.390543630087091032e-01
6.390536964984030455e-01
6.387152919687653085e-01
6.380532774586322731e-01
6.395794494469333458e-01
6.384389124430576157e-01
6.388225266199274444e-01
6.394272207596496393e-01
6.374858531068209322e-01
6.389819411427837270e-01
6.389344984621661006e-01
6.391196922562278893e-01
6.388707059009267608e-01
6.384903483745967279e-01
6.388629947411115229e-01
6.381861386024593186e-01
6.396642310563052103e-01
6.384859127382739308e-01
