5.429545154588313327e-01
5.439551940435195521e-01
5.426469463753464950e-01
5.442250009708187175e-01
5.441593433960718595e-01
5.440709366548628356e-01
5.440136067229366379e-01
5.440509780497067016e-01
5.434135550284338034e-01
5.438337916903084324e-01
5.428970927176344219e-01
5.437850009760430980e-01
5.448555130395531521e-01
5.432099956369527138e-01
5.445138543732250813e-01
5.432790987099478386e-01
5.432065730025671391e-01
5.436757465256004673e-01
5.436387114974476908e-01
5.427593540651561854e-01
5.432872139352389329e-01
5.432164766608136297e-01
5.442731415020400920e-01
5.445159036540689890e-01
5.433583159688057940e-01
5.435893814594702222e-01
5.433341113397304190e-01
5.431206604791007919e-01
5.437055638428244242e-01
5.434384386862063376e-01
5.442332514042402813e-01
5.439923991755396537e-01
5.444587042949036171e-01
5.436576402316444234e-01
5.449909879964037751e-01
5.433698870237199108e-01
5.429378645157205696e-01
5.438025995824864456e-01
5.421621389639716959e-01
5.435930853339172586e-01
5.445300551593882377e-01
5.436097478090280433e-01
5.443856953742769456e-01
5.434509196751788895e-01
5.435222464686813026e-01
5.436316267678368286e-01
5.429002129330660065e-01
5.434803782779860093e-01
5.435795315620701729e-01
5.438824966622821666e-01
5.433049197599140179e-01
5.425472082945336227e-01
5.429232529460011891e-01
5.436199200845694968e-01
5.435980182012646322e-01
5.437067515768716497e-01
5.441721890563960828e-01
5.442537831368370327e-01
5.439547956627702741e-01
5.432479241214549504e-01
5.438306059248285695e-01
5.425030584099034270e-01
5.443630676561441728e-01
5.432358289065355450e-01
5.430231169842079098e-01
5.426818634498006277e-01
5.441300860866922218e-01
5.432419705157575107e-01
5.439061061463912328e-01
5.436033040483860823e-01
5.437142877970855270e-01
5.433433208839038020e-01
5.430241429904819617e-01
5.429248907796926371e-01
5.426433567786155265e-01
5.435237265721951649e-01
5.440678282623325757e-01
5.434352198180649740e-01
5.433184911086215152e-01
5.435768303793707679e-01
5.422569049228642690e-01
5.426360724260934632e-01
5.441893919280991199e-01
5.428287486830705166e-01
5.441408547031154619e-01
5.432874038002075689e-01
5.431123679884393152e-01
5.435847896028498383e-01
5.442987832413115346e-01
5.434923536169022906e-01
5.434184819998286731e-01
5.426221899366622248e-01
5.441654938957543042e-01
5.432316896854705313e-01
5.435614388798477581e-01
5.447764217175572465e-01
5.438544526078747943e-01
5.442845133837400651e-01
5.435361190307577139e-01
5.424190176832597299e-01
