5.899374730151998314e-01
5.906243527540691041e-01
5.897312997974184512e-01
5.909531226399661330e-01
5.891353267158379037e-01
5.904965681056832949e-01
5.906226158693149708e-01
5.905655719013882532e-01
5.905269985072010286e-01
5.910514240651216777e-01
5.899307345035276207e-01
5.899802423088330583e-01
5.911424898699084718e-01
5.907648521145428822e-01
5.914062487950155766e-01
5.895693768948923053e-01
5.899971296938861798e-01
5.906284232970749892e-01
5.907043380143328637e-01
5.908280360374670304e-01
5.902193131824471362e-01
5.899799866812456273e-01
5.902288616547278766e-01
5.902255815768425729e-01
5.907437913370674476e-01
5.905187038135177868e-01
5.915448990975991084e-01
5.906050501856923152e-01
5.898968302309708367e-01
5.910272110449656946e-01
5.904741233526689115e-01
5.899536560883098524e-01
5.907525182429262944e-01
5.907769906083970568e-01
5.910662275244168429e-01
5.899038284689454015e-01
5.910704570346565490e-01
5.911999879392874080e-01
5.905248216053406995e-01
5.902608086023174438e-01
5.900786911060694750e-01
5.900825739981692131e-01
5.907747693473883732e-01
5.893702989618512245e-01
5.913774581686359610e-01
5.897414661841022809e-01
5.897716894370370611e-01
5.904079390330549959e-01
5.911436757794737984e-01
5.892649255674020647e-01
5.901448387684000707e-01
5.916366180269766462e-01
5.905164246785046256e-01
5.907492772134441683e-01
5.909930123664293156e-01
5.909510732202358785e-01
5.895109492391605865e-01
5.913907705923615588e-01
5.898954599283616762e-01
5.909779205951286585e-01
5.914501538147207693e-01
5.900950163002836035e-01
5.900507991851182688e-01
5.908129581023384702e-01
5.905762994804804045e-01
5.913356783832867114e-01
5.905516963381178819e-01
5.898754544219189100e-01
5.896377604965616914e-01
5.914805522252337688e-01
5.897335665680512040e-01
5.909509227205552717e-01
5.913591622967780959e-01
5.899426091048766141e-01
5.899084377297587611e-01
5.899138347994352660e-01
5.904600425523887086e-01
5.906014648695048219e-01
5.902895748673062659e-01
5.909778247470667267e-01
5.915508058782019685e-01
5.904451555312367761e-01
5.905633105614683798e-01
5.907260912997149838e-01
5.898993035450499356e-01
5.908265195725458385e-01
5.896194000333678797e-01
5.896516975594812138e-01
5.907347842570329632e-01
5.907659100584796708e-01
5.909950178741159021e-01
5.912592016354265567e-01
5.890237271113247797e-01
5.923565712505387548e-01
5.909303888804968707e-01
5.915312261032259489e-01
5.905690663069020907e-01
5.910759088133539230e-01
5.905826548831492051e-01
5.897026859333467375e-01
