5.296448506574452653e-01
5.300827034731523391e-01
5.309060219126362501e-01
5.300895927152553533e-01
5.309924786112827366e-01
5.311114188352092924e-01
5.315041962811350995e-01
5.312643614320986529e-01
5.302300985368588737e-01
5.306794546259532286e-01
5.302444162094628322e-01
5.300778987962696531e-01
5.301534022821132730e-01
5.299156319342038790e-01
5.298196097406546734e-01
5.308217100258336707e-01
5.296653502182282480e-01
5.309580770102927394e-01
5.314605587333394165e-01
5.303868533675220043e-01
5.305739410045897664e-01
5.302689049723826598e-01
5.300391184770265607e-01
5.312344674880584705e-01
5.303371659468918420e-01
5.303671469390707216e-01
5.302358572257185321e-01
5.312558628618684331e-01
5.312669923283224183e-01
5.292922821903535135e-01
5.307630453188921793e-01
5.301945240376242374e-01
5.314523956313069730e-01
5.304392580585293171e-01
5.302769880412575576e-01
5.308319726086700996e-01
5.306072054899358958e-01
5.314122210073222163e-01
5.316002675113952192e-01
5.307689393794524646e-01
5.308191106462821773e-01
5.308294687811617729e-01
5.301068370726786938e-01
5.302843170515572080e-01
5.302923549837390560e-01
5.299503224564057202e-01
5.311492553832887209e-01
5.305589143150932774e-01
5.300529448568359614e-01
5.302300191549027542e-01
5.305716220351348600e-01
5.315456943147931490e-01
5.299521335858006221e-01
5.303083512478519168e-01
5.316103269973078138e-01
5.297052545531855117e-01
5.299145445984498881e-01
5.309915414327774918e-01
5.306856052157806758e-01
5.300945074115444022e-01
5.306975964972093784e-01
5.311404557998753440e-01
5.305438119243169881e-01
5.317945638235626049e-01
5.309617932917806149e-01
5.301917865621161852e-01
5.311260090255721655e-01
5.309731223980592718e-01
5.313835666712458661e-01
5.300907628332962584e-01
5.314025126409673838e-01
5.304290033205742994e-01
5.306797486284462462e-01
5.311661616169284228e-01
5.299266204735535446e-01
5.306050405277589199e-01
5.300825864650088315e-01
5.303560635284596536e-01
5.320499153972304551e-01
5.316604978868629816e-01
5.300771317056391929e-01
5.299832271984284970e-01
5.300699509696189526e-01
5.295694180733689915e-01
5.304679421267328721e-01
5.304092586233153384e-01
5.313595335913620099e-01
5.300828994793691518e-01
5.315027372317557841e-01
5.308666970201187940e-01
5.312255571475165139e-01
5.310307917435455050e-01
5.306114022592505197e-01
5.289729748825182654e-01
5.313140354641461283e-01
5.304527080516079351e-01
5.296428972216833397e-01
5.297046066123676233e-01
5.305599516473604726e-01
5.310993430007751037e-01
