4.629022726142684174e-01
4.633072514810918641e-01
4.638356399918347472e-01
4.650716501551078741e-01
4.639916271420317928e-01
4.643547678774365695e-01
4.637274184646620334e-01
4.645482840905927890e-01
4.645030650868111621e-01
4.637297860554094875e-01
4.637557742251882109e-01
4.646480249314853817e-01
4.652820165395741281e-01
4.655101365196505636e-01
4.649697269940374356e-01
4.642270390434106164e-01
4.641470588353278637e-01
4.640954699014787632e-01
4.638792169001680898e-01
4.656174542668927718e-01
4.640850946580398206e-01
4.641202988156755138e-01
4.645292230810645906e-01
4.641245065031237016e-01
4.639578618312876213e-01
4.640508245260924758e-01
4.638451039428597156e-01
4.647723349569191642e-01
4.636235243968222508e-01
4.652926401324736227e-01
4.641216261353033334e-01
4.637113001309198235e-01
4.644798968857107857e-01
4.643110494119337961e-01
4.648678443129857785e-01
4.641287843438964833e-01
4.645247101109399868e-01
4.649977174791601886e-01
4.648166466805622177e-01
4.643615501738657114e-01
4.643674032772736049e-01
4.632576748454985682e-01
4.638121965540614178e-01
4.647898122860745218e-01
4.657852426379209820e-01
4.643312377493722387e-01
4.641208437479303339e-01
4.640009426272694304e-01
4.654120074214376235e-01
4.644460958137728301e-01
4.646648792971371789e-01
4.634617154947705542e-01
4.641626963559795094e-01
4.639217381885269997e-01
4.634731446308781866e-01
4.639668107746837133e-01
4.652347924137247848e-01
4.651317887805370699e-01
4.635722167430009200e-01
4.645795127284856885e-01
4.636625935729933312e-01
4.644185783691838765e-01
4.650388672755628172e-01
4.644839981609013013e-01
4.637697512852676507e-01
4.643661040951619912e-01
4.645491621075339972e-01
4.652874022664654219e-01
4.641235544900044196e-01
4.645839361660301092e-01
4.644538387768948340e-01
4.647437618821250727e-01
4.643214250288955069e-01
4.655011950741630433e-01
4.653859632218044773e-01
4.639053355861098016e-01
4.649391147379076106e-01
4.644881344340097695e-01
4.641764028136501352e-01
4.655457304426955933e-01
4.649674753744456046e-01
4.658024291520854177e-01
4.644705100461630765e-01
4.646493038033946976e-01
4.646379203805532931e-01
4.649730454742291297e-01
4.646291666824778899e-01
4.640140617853091287e-01
4.636750183723184482e-01
4.648413726170707028e-01
4.647153615383187164e-01
4.642128847112951817e-01
4.631250541687218503e-01
4.647175977659008805e-01
4.641317410254845455e-01
4.643782021193529896e-01
4.647040112768170972e-01
4.643226651342674538e-01
4.646467690105339776e-01
4.644208027869597410e-01
