8.018354973235923833e-01
8.034219682300609566e-01
8.025696038729210890e-01
8.032240357958153609e-01
8.025632915707715531e-01
8.039446924740751843e-01
8.055789023957178330e-01
8.029392114441105122e-01
8.035504469680581074e-01
8.027221978026923832e-01
8.034165188589564854e-01
8.030540659889413568e-01
8.031916352243145818e-01
8.045336306861505804e-01
8.043607578918510193e-01
8.033242672383963390e-01
8.040287819905347355e-01
8.038925529247886725e-01
8.029999372779570432e-01
8.045750229791173158e-01
8.045270871178425987e-01
8.039054836357246714e-01
8.033046478940950585e-01
8.048289843574204516e-01
8.033572104709656436e-01
8.022561452235055235e-01
8.036381997159733892e-01
8.047954851353003036e-01
8.037525468508125437e-01
8.040165470106999113e-01
8.027790318160520355e-01
8.031160380592079484e-01
8.033540978456935600e-01
8.034522462706676915e-01
8.044360079658252616e-01
8.028408323895950272e-01
8.042886976071090821e-01
8.035185303496038545e-01
8.040014493303406784e-01
8.032503489263074226e-01
8.035780589783805272e-01
8.028088320830855107e-01
8.040192578134246482e-01
8.038048062999767485e-01
8.030692163178518861e-01
8.036720341411127677e-01
8.032453096596456898e-01
8.042730842476997211e-01
8.040390532087119402e-01
8.026458894681428591e-01
8.034131619713928973e-01
8.038636179118144875e-01
8.034525391163335195e-01
8.040666116742363201e-01
8.038295798360329814e-01
8.028932465857386847e-01
8.025875490565906878e-01
8.033326818222544796e-01
8.033798212252682980e-01
8.033504018717519957e-01
8.022240919643975898e-01
8.043347412657415596e-01
8.037971926828655356e-01
8.029412260514997568e-01
8.040625658873838955e-01
8.034258697506687641e-01
8.035779140906169626e-01
8.036538174121032885e-01
8.040886063024077490e-01
8.037402550652259503e-01
8.037238517956262207e-01
8.030571934390319244e-01
8.032666420083510728e-01
8.037630776435623625e-01
8.028259330270286487e-01
8.037144899882833204e-01
8.042692137574858346e-01
8.035296433864710375e-01
8.038151614189386063e-01
8.037518897037271293e-01
8.039782429546721287e-01
8.025313316928817109e-01
8.045473593284253599e-01
8.035565117002881896e-01
8.015306575836678160e-01
8.024769114382741542e-01
8.030093925489507622e-01
8.034907192081413019e-01
8.042535663222988296e-01
8.047692479863374215e-01
8.046553255164103913e-01
8.043000123248806865e-01
8.041571148417496762e-01
8.037671589373434067e-01
8.033838827832396889e-01
8.034870424988567184e-01
8.031406472393552987e-01
8.030194083374201375e-01
8.038921313619749043e-01
8.042511425384434309e-01
