7.780869983201790241e-01
7.786175384443615455e-01
7.801874813827893718e-01
7.776297178440583213e-01
7.793006712341297160e-01
7.791201138515182478e-01
7.781054698193197172e-01
7.783551479134114270e-01
7.783287664696223462e-01
7.792873899913470570e-01
7.785444158514580604e-01
7.790663009672127437e-01
7.785768504242803756e-01
7.800523247227080237e-01
7.785497468126034715e-01
7.779202127371205311e-01
7.788172646732136606e-01
7.785497135556181947e-01
7.775538981882190726e-01
7.781959717326609738e-01
7.784624127751834655e-01
7.773299508314158723e-01
7.787436718007126890e-01
7.785363605758937044e-01
7.785970401542388064e-01
7.780840709953720236e-01
7.782836999155391400e-01
7.787525680729223687e-01
7.770550098723374433e-01
7.790468861952694057e-01
7.786713031706953281e-01
7.789877615340702333e-01
7.783595000626177818e-01
7.788220195518168465e-01
7.792217164831511944e-01
7.790836635149734901e-01
7.772882582279576624e-01
7.776783202091438474e-01
7.771329790150456329e-01
7.786983975049937001e-01
7.784477423875164614e-01
7.777798770753194812e-01
7.794352674730212760e-01
7.780873431879693491e-01
7.804651874534249689e-01
7.791758695664116052e-01
7.781297581448173295e-01
7.771402364190755918e-01
7.786397043106607629e-01
7.792131860145907751e-01
7.783663318860367664e-01
7.781171079544140223e-01
7.787569339121913625e-01
7.789295152130245592e-01
7.784529404705751165e-01
7.772635941047664199e-01
7.790267304305829033e-01
7.781024063076064090e-01
7.793228284222634139e-01
7.784362626484744307e-01
7.778623328734172171e-01
7.775797478920918326e-01
7.784566962656989109e-01
7.788089714799888430e-01
7.784383507542663727e-01
7.792632862793683612e-01
7.796101272681918992e-01
7.777455318040460419e-01
7.781026479993825573e-01
7.775094524214789526e-01
7.787877220858521188e-01
7.791765380494906079e-01
7.782665888243494035e-01
7.772514291816796650e-01
7.785751796575698380e-01
7.790000170471778063e-01
7.787170149753017689e-01
7.785878782627149164e-01
7.792282599502755591e-01
7.778796578442658260e-01
7.785272304708777957e-01
7.778068807645681648e-01
7.781543352411793846e-01
7.791700914398435041e-01
7.793340667678720912e-01
7.791229539136866888e-01
7.785824601653064114e-01
7.779788358692734107e-01
7.784439798984836845e-01
7.779862529149159656e-01
7.788919573542218977e-01
7.783334688380635358e-01
7.776059933142270841e-01
7.776213965884799517e-01
7.791457740764258233e-01
7.782914257210643560e-01
7.780175398895157191e-01
7.780762668573035779e-01
7.785591719824178636e-01
7.781309423389592972e-01
