2.188837115781559761e-01
2.192280677520064835e-01
2.192800354998211687e-01
2.210133992501855382e-01
2.206259168613724786e-01
2.193012993948033895e-01
2.206048307599566272e-01
2.198789541120697577e-01
2.199269903068323539e-01
2.204570844615398317e-01
2.204316255384639045e-01
2.197758691000855635e-01
2.193337857332248175e-01
2.206260223191193193e-01
2.198080749972502745e-01
2.196923156281124778e-01
2.203123894132965888e-01
2.188599395629215183e-01
2.202602799226000274e-01
2.193464455421205439e-01
2.197251164754976394e-01
2.208068085081235643e-01
2.206933304932041096e-01
2.196287723055681262e-01
2.196155250560946071e-01
2.200599177350673064e-01
2.200078518118853133e-01
2.204979870592288782e-01
2.205520272989509034e-01
2.201934466911298904e-01
2.200071089538353508e-01
2.205577122333322038e-01
2.196371424044712140e-01
2.207139499154097406e-01
2.203448265529614758e-01
2.199299804275554049e-01
2.190089980846834372e-01
2.207950861527883391e-01
2.197549133410141853e-01
2.194315352698200661e-01
2.206928602958137808e-01
2.201636044510795753e-01
2.204706391606724436e-01
2.205644326209895145e-01
2.207973603809216256e-01
2.193626856653576596e-01
2.201074922181090465e-01
2.202580565490356301e-01
2.196055003483872170e-01
2.200455798252228257e-01
2.193803338389156699e-01
2.196953355613001924e-01
2.200553013417988479e-01
2.209978477167443556e-01
2.187795422869774908e-01
2.195810743067143633e-01
2.202955034995153771e-01
2.183703933007983822e-01
2.197185145187173505e-01
2.194625545273976019e-01
2.186406663270422102e-01
2.205133833121781239e-01
2.197788217725205884e-01
2.205464040573976159e-01
2.198499490984699434e-01
2.206540608213715116e-01
2.196082578949020425e-01
2.210198333188572728e-01
2.205524664823125813e-01
2.202829067619276882e-01
2.203966886061297925e-01
2.201228391687781172e-01
2.205657920030258679e-01
2.195414843926030146e-01
2.198390846343032945e-01
2.213111790220542718e-01
2.195340541024520808e-01
2.192493186875099087e-01
2.187388346589453358e-01
2.196396332970720899e-01
2.199461969955216478e-01
2.189228247743162936e-01
2.199678623769334984e-01
2.201065373288415838e-01
2.199304344344041318e-01
2.199787144249623072e-01
2.201982864368778881e-01
2.203938096135408253e-01
2.212256734967482652e-01
2.198272613420618193e-01
2.206864838675155482e-01
2.209729859927205553e-01
2.203929560862566972e-01
2.191059056657312931e-01
2.200872651187373574e-01
2.205626750013890414e-01
2.204017981238933221e-01
2.191307487573179447e-01
2.203551774922287709e-01
2.206363055174765386e-01
