1.579288088443508639e-02
1.676410949947935297e-02
1.579873507286015666e-02
1.661919728964383197e-02
1.715949043729587953e-02
1.739263930173733097e-02
1.705262131265071479e-02
1.585477621444115331e-02
1.685175381481801224e-02
1.647272067220130476e-02
1.574517775920276225e-02
1.651587496626572005e-02
1.613136005335869677e-02
1.699907623237223442e-02
1.749509974521634703e-02
1.774086563435490344e-02
1.595937065124547471e-02
1.600936591167444883e-02
1.688108957236824498e-02
1.609792460620250443e-02
1.609145852629685625e-02
1.679987902556023815e-02
1.602949156044241458e-02
1.685842261507570009e-02
1.581211297393517873e-02
1.723421386133553931e-02
1.603958622870046286e-02
1.620370122183885375e-02
1.641183339479939524e-02
1.657769449508129586e-02
1.769987404879010476e-02
1.665463479055445672e-02
1.757441676923250651e-02
1.729641665935554087e-02
1.694910341534897058e-02
1.688427447322782965e-02
1.571699266104530437e-02
1.681267567679591013e-02
1.642610543015253152e-02
1.574445884853713229e-02
1.640092061450874189e-02
1.610345050514022658e-02
1.712216234558820369e-02
1.765921381948051816e-02
1.613273481560238698e-02
1.755451210930449729e-02
1.607027219538951363e-02
1.652387399954278330e-02
1.594321728557255083e-02
1.606280513908727586e-02
1.661905940746719393e-02
1.597791789056490080e-02
1.649487919982794634e-02
1.652860653730975349e-02
1.836594686498151455e-02
1.769731966896161135e-02
1.720499386030427402e-02
1.606959097090552430e-02
1.714110788803380886e-02
1.694803717971503365e-02
1.648834327666425653e-02
1.689503694266543746e-02
1.705172840207563184e-02
1.649591849034189039e-02
1.741794312349954216e-02
1.573569937858197709e-02
1.712492490808344842e-02
1.547822986021392920e-02
1.679974371661093618e-02
1.621596553792124806e-02
1.677298040882685068e-02
1.648859019415678875e-02
1.624273177556875142e-02
1.597730664132937517e-02
1.686392310683159507e-02
1.640381045870068985e-02
1.705390131776592794e-02
1.762488698440395352e-02
1.766624365795979937e-02
1.639804287409757366e-02
1.782868337553481647e-02
1.700947643731499231e-02
1.744203712441914217e-02
1.620219018685811752e-02
1.816847649441315909e-02
1.713985195283943344e-02
1.698001275291863982e-02
1.663584631256824486e-02
1.616650195899479656e-02
1.734150708123483042e-02
1.564506961167000734e-02
1.666652370468056643e-02
1.640961981637769490e-02
1.651672098307403747e-02
1.686066105896892250e-02
1.681546230539277681e-02
1.652309708669297272e-02
1.734266882353458633e-02
1.699281472263166476e-02
1.655662771125955210e-02
