3.484098973531425947e-01
3.490589790632156464e-01
3.494946384713673027e-01
3.496308814932627684e-01
3.501308401015730820e-01
3.496055130049864901e-01
3.484115375209696497e-01
3.481799512544416775e-01
3.494269119489434861e-01
3.495044058531706632e-01
3.507526677756866995e-01
3.489441418787971871e-01
3.496249028398422665e-01
3.487731419215490680e-01
3.501873577203007959e-01
3.480077858278896041e-01
3.497474791771193470e-01
3.496416677999782952e-01
3.496826225599906635e-01
3.494997580980861440e-01
3.485719002534406474e-01
3.486702378222449328e-01
3.493573271370390976e-01
3.495335125315846003e-01
3.494900325688947706e-01
3.490525198585597844e-01
3.502957187491694824e-01
3.496005588791852858e-01
3.490805362494214248e-01
3.497671013420796116e-01
3.489344238065368864e-01
3.494696975619089319e-01
3.495228203733196093e-01
3.495888242709211946e-01
3.489678924440896557e-01
3.507197656559187249e-01
3.496769470898261067e-01
3.497131399785031736e-01
3.495603978992711802e-01
3.488084788865609687e-01
3.484861594835845788e-01
3.486543298510900724e-01
3.500391563235110137e-01
3.493915076561292521e-01
3.487020521630683767e-01
3.479581424502983800e-01
3.501625250130143696e-01
3.502177444548200680e-01
3.505107646056556114e-01
3.493865100101569143e-01
3.493463780717467881e-01
3.496144885550936943e-01
3.499030282803595737e-01
3.477441312544700680e-01
3.494174295563534094e-01
3.507361715303999317e-01
3.493104578749938183e-01
3.502562871400927147e-01
3.495161403637952469e-01
3.489123035983378029e-01
3.491002518283305434e-01
3.494100878379498010e-01
3.494678704439331263e-01
3.484864351392121251e-01
3.498739808089961212e-01
3.486395646119687108e-01
3.489010459592769564e-01
3.495252952126020052e-01
3.511301780161966701e-01
3.504257239280780256e-01
3.504351811016465090e-01
3.485814454737244938e-01
3.500874342643098824e-01
3.503992750038110171e-01
3.485508210835229770e-01
3.509454345155383903e-01
3.486078300015653664e-01
3.501359513742168805e-01
3.480596402530569122e-01
3.494044788388167566e-01
3.500398581643163753e-01
3.493661057110225565e-01
3.497366026131862315e-01
3.491808062243477173e-01
3.486298267120904737e-01
3.502745117516294915e-01
3.502962927103194235e-01
3.499047797918776737e-01
3.494067950089798091e-01
3.500995986197154575e-01
3.504765857427186715e-01
3.491034814266248953e-01
3.486605259113683131e-01
3.491530800910219723e-01
3.490334044745325714e-01
3.493534406135280213e-01
3.498940429697052767e-01
3.485698358516650663e-01
3.502517045452292477e-01
3.484801253024403800e-01
