5.673410816300087367e-01
5.682764250711704879e-01
5.678830062899421494e-01
5.688138965877349573e-01
5.682703504699674335e-01
5.683680139176334745e-01
5.686312423048207609e-01
5.671681560242426423e-01
5.689528542900242902e-01
5.687671814949248894e-01
5.692584304881986856e-01
5.694453156463095134e-01
5.688325069574979853e-01
5.698957208921181516e-01
5.670127669730155029e-01
5.694865759960241469e-01
5.682191344299358793e-01
5.671702514824895625e-01
5.686132600990403407e-01
5.684353153480288245e-01
5.680000090949771652e-01
5.681417730114575182e-01
5.672650243104282453e-01
5.689790894660855525e-01
5.700226479607906072e-01
5.688263685734391562e-01
5.684990049688858349e-01
5.689271137186785454e-01
5.679102962635399487e-01
5.697827426388344385e-01
5.694573939921744321e-01
5.698654141989069055e-01
5.676435538306537909e-01
5.692123641719478710e-01
5.683310322587074026e-01
5.690155408302490780e-01
5.696154844609060408e-01
5.690055137002334451e-01
5.692561375906641796e-01
5.686431543386224474e-01
5.685814655023149200e-01
5.686917537938314116e-01
5.681369919442973426e-01
5.686170047046212872e-01
5.694156506197186607e-01
5.689412532358580910e-01
5.682534926573568068e-01
5.670091756631138180e-01
5.680258157439705968e-01
5.689560661370608452e-01
5.698966617225017517e-01
5.685748009372606493e-01
5.683950246004111362e-01
5.685785103967198051e-01
5.689691449754967767e-01
5.672050916480038119e-01
5.680859782314868767e-01
5.682585086008962172e-01
5.680268504138993313e-01
5.681236168345252802e-01
5.684336271430578957e-01
5.680274554948168131e-01
5.684388614592696953e-01
5.687229271777118900e-01
5.694420866911715784e-01
5.691621024699473619e-01
5.683436282850946597e-01
5.683530623369287271e-01
5.681108913900314583e-01
5.685307408795796658e-01
5.695060340461655102e-01
5.691673131988880252e-01
5.683560974422021683e-01
5.678708319322403053e-01
5.678146760021796080e-01
5.685433326901405682e-01
5.686275149507076243e-01
5.687506267952020522e-01
5.676431250967298725e-01
5.694269157719452634e-01
5.691108754765228372e-01
5.676697250177030751e-01
5.685947125317992734e-01
5.685043434496345194e-01
5.681493121198704088e-01
5.689960806793805670e-01
5.679282546439184953e-01
5.676237420869589823e-01
5.684769992208280609e-01
5.689981391136802458e-01
5.677289081019525341e-01
5.680898229029284208e-01
5.685609684604184810e-01
5.687395969365269810e-01
5.686964994884078362e-01
5.686919270063792720e-01
5.692865124668238241e-01
5.689931439815714143e-01
5.683611085423581066e-01
5.683033619021293781e-01
