7.525633424230009361e-01
7.522905225337334079e-01
7.519391692915333714e-01
7.509553876249412951e-01
7.523656379530826444e-01
7.523079584976819500e-01
7.524342942031265746e-01
7.523003978328599572e-01
7.531075753480176438e-01
7.529444783431459287e-01
7.528168864440358821e-01
7.519890195083741569e-01
7.529581310321136201e-01
7.532155519663292775e-01
7.521151611667602488e-01
7.525071676755630268e-01
7.522776448585675180e-01
7.526816674139180652e-01
7.524105477078559812e-01
7.511306266021404721e-01
7.528657237641720457e-01
7.529806855813906408e-01
7.518572559413334577e-01
7.529585726208500862e-01
7.521939091127791688e-01
7.529377849843998938e-01
7.526625935013536717e-01
7.523651306336598399e-01
7.521977924804379434e-01
7.525753505188779169e-01
7.530128429902611664e-01
7.520604186236504729e-01
7.527477977856528168e-01
7.535934817318921120e-01
7.522073179961425993e-01
7.518048378215558269e-01
7.514672441100712641e-01
7.523343401520220519e-01
7.513884480256893816e-01
7.538912694173303120e-01
7.530170081619482758e-01
7.525260421165440583e-01
7.532613802373957501e-01
7.526723142365433494e-01
7.533908675823421941e-01
7.540272101287692763e-01
7.522697110343796734e-01
7.533151639378292685e-01
7.528567929396799974e-01
7.516194150363639803e-01
7.526321720791153691e-01
7.526748402816176853e-01
7.520819401103360224e-01
7.520053733978394606e-01
7.525812091470477361e-01
7.525657586610352556e-01
7.521227622843960070e-01
7.519642575990996836e-01
7.529347246745985434e-01
7.517445895996284211e-01
7.522539934484149260e-01
7.530619547759351828e-01
7.527578075378542621e-01
7.524594183762973731e-01
7.533361186859153236e-01
7.519320388970882618e-01
7.527163604460093138e-01
7.522746364340291425e-01
7.519074770640994387e-01
7.525527470873170088e-01
7.525489954786335201e-01
7.532055544311900830e-01
7.530178857313359897e-01
7.519329654679665076e-01
7.525035201498683213e-01
7.533147656368501810e-01
7.518017236292371397e-01
7.533153953754738730e-01
7.512952903801163318e-01
7.524033654525332793e-01
7.518611521484364069e-01
7.529523761707288543e-01
7.527531745362514570e-01
7.524225204115083665e-01
7.509174882190583489e-01
7.531435649369674357e-01
7.519957873468151588e-01
7.531977617826821625e-01
7.520235581160019667e-01
7.535032227852440645e-01
7.531104731735416280e-01
7.515566680190778337e-01
7.516291190121813237e-01
7.527288035330839122e-01
7.527300724229284423e-01
7.536990165870679492e-01
7.530837594380748179e-01
7.534076266707128156e-01
7.544305965962357918e-01
7.526882271870408703e-01
