9.667766437385538758e-01
9.667558954909774016e-01
9.660667673102069086e-01
9.661469896325779461e-01
9.659477701556250517e-01
9.662626872830291092e-01
9.662796936476124587e-01
9.656237929794577735e-01
9.663433395102767332e-01
9.655082473368503670e-01
9.666369356158306392e-01
9.662708453794881525e-01
9.666307924223405124e-01
9.653782346208460430e-01
9.661801533978638945e-01
9.659921001599600654e-01
9.657890817368599556e-01
9.663665314514365834e-01
9.664517829491588996e-01
9.657049101847676731e-01
9.651950863051812490e-01
9.658859688132310772e-01
9.658638331843700797e-01
9.660825686055616313e-01
9.657756703158437706e-01
9.668589830784173333e-01
9.658437709427418749e-01
9.656989135575555494e-01
9.662965771522602498e-01
9.663393099872303882e-01
9.668496251911125050e-01
9.662307974987552894e-01
9.663206414401632749e-01
9.660485829113152345e-01
9.658303053032333274e-01
9.648825115261302487e-01
9.659088142657561438e-01
9.658080691068725576e-01
9.656273395254387770e-01
9.662472269403757918e-01
9.670236253974264784e-01
9.658093711145456783e-01
9.660168133405635515e-01
9.666408083724922218e-01
9.662028899147329097e-01
9.655344942768521177e-01
9.654547474861390199e-01
9.661549377932259208e-01
9.661281922084399287e-01
9.658490067678646707e-01
9.645943342407281573e-01
9.667876345945627392e-01
9.657914564755670783e-01
9.645515618652467094e-01
9.667918256204104388e-01
9.660555245365360921e-01
9.655471592749245158e-01
9.668846151970159619e-01
9.661980874228497385e-01
9.661634301074502051e-01
9.660784509012674270e-01
9.654663716769900095e-01
9.664652703698555225e-01
9.656232448226975684e-01
9.663489222031214076e-01
9.670429156245206048e-01
9.664366285715518812e-01
9.659097272339449702e-01
9.667353668825970914e-01
9.660774932409939009e-01
9.657738435973786117e-01
9.667709853920330998e-01
9.654582316280273524e-01
9.675303002810848874e-01
9.671696578617050566e-01
9.660669974091211643e-01
9.661575940370945581e-01
9.657736602664057646e-01
9.664961823295499244e-01
9.657682035319685721e-01
9.662284346856798711e-01
9.661809075083971354e-01
9.660712268885801590e-01
9.652850677449607009e-01
9.664897490695795179e-01
9.655887094448130092e-01
9.655387688803440671e-01
9.663567345427479527e-01
9.660046340092717232e-01
9.668763345455693159e-01
9.666819957416654674e-01
9.669419333918948256e-01
9.664362973298949999e-01
9.668788193930833996e-01
9.663415266214157029e-01
9.656969159912007772e-01
9.654285283502986870e-01
9.674800242306400566e-01
9.666662318674925647e-01
9.660720462053677959e-01
