1.260770790206665326e-01
1.274695887708802433e-01
1.257132016141285225e-01
1.274672435346007326e-01
1.264659988371385491e-01
1.273821188250422454e-01
1.259849130710697929e-01
1.264543823607338358e-01
1.267242948373905886e-01
1.269869570726788743e-01
1.267084332282647219e-01
1.273784948142941964e-01
1.263021361112096064e-01
1.277503302179109901e-01
1.273786045978547721e-01
1.277628797965286445e-01
1.259886840747058978e-01
1.282441876135426706e-01
1.276271871174205486e-01
1.272775981553542768e-01
1.267330492977151168e-01
1.260986489345549411e-01
1.268317219154287134e-01
1.269808652502490975e-01
1.266154401288053788e-01
1.260532142391918853e-01
1.256491936017765376e-01
1.279489731138608588e-01
1.260895636595457114e-01
1.273581283897698702e-01
1.266568855079938660e-01
1.259931769157548176e-01
1.264970786957690663e-01
1.261201426776978607e-01
1.255830393909170284e-01
1.261933574233396749e-01
1.270197010463625098e-01
1.265245826952315911e-01
1.266611333913157389e-01
1.268058747869237612e-01
1.267776268661870154e-01
1.261144812258163106e-01
1.270840361030342591e-01
1.271861640922091752e-01
1.258790253498002221e-01
1.272797621640301968e-01
1.262803755699828945e-01
1.258841081061514433e-01
1.275050633471544459e-01
1.269216641205717089e-01
1.281341909340212859e-01
1.261360719075184655e-01
1.252035194162838261e-01
1.257065744058620260e-01
1.268839578444048155e-01
1.267857909735816135e-01
1.261136777833543887e-01
1.259127437883512390e-01
1.258159770330440907e-01
1.262927481714360978e-01
1.269242988333930677e-01
1.273587282830908052e-01
1.270858429354923269e-01
1.254349095023655769e-01
1.257839337820097214e-01
1.269953753957273057e-01
1.271729199080730288e-01
1.263531088529702417e-01
1.252647206151127901e-01
1.266508612326203431e-01
1.263679598259436765e-01
1.259392994810266675e-01
1.257583302836659533e-01
1.279851580699581937e-01
1.260249613514816125e-01
1.270279973017407471e-01
1.267509312920547249e-01
1.272672975179877375e-01
1.270978690922075771e-01
1.269755615741307575e-01
1.274227719986153196e-01
1.268256145515459510e-01
1.261483218657225569e-01
1.261286254639895077e-01
1.258651662414468353e-01
1.266143219797267183e-01
1.255537592186539153e-01
1.263911139252488214e-01
1.273592319962508768e-01
1.266252556101747917e-01
1.265488302147160238e-01
1.271523881073442774e-01
1.263512785645773129e-01
1.263738571872890515e-01
1.260238206047334109e-01
1.269344904636011129e-01
1.266443606259627930e-01
1.260587424529809042e-01
1.273621153182073751e-01
1.261104318995137086e-01
