6.212498499837806332e-01
6.217915373277220770e-01
6.216490740975119111e-01
6.215425116526716032e-01
6.222479615515014162e-01
6.224196375180912622e-01
6.219853175807188439e-01
6.220522989164887218e-01
6.228286794955981698e-01
6.221731715741591895e-01
6.222283178695791062e-01
6.230120640008292021e-01
6.223465136259447306e-01
6.226909283753370161e-01
6.226730742035808674e-01
6.229797990836720700e-01
6.237869474983183116e-01
6.223916762876626763e-01
6.234324205139537556e-01
6.227865050763528032e-01
6.212569035065288459e-01
6.232606289776345676e-01
6.233278305888312332e-01
6.227691351395936437e-01
6.227756091324330168e-01
6.224985465673404939e-01
6.219150624477498557e-01
6.229172817731885026e-01
6.221878439382944048e-01
6.229173318597129860e-01
6.225722951020319362e-01
6.220829448244196147e-01
6.233343368822851227e-01
6.227134683798491999e-01
6.229058274682409690e-01
6.219240439429447598e-01
6.221700546104500518e-01
6.223781246407406043e-01
6.224471304065236632e-01
6.236399714321496646e-01
6.215069167852517174e-01
6.227534780719075069e-01
6.227481607036611244e-01
6.223115262026115424e-01
6.224721327415985161e-01
6.237375225640330312e-01
6.225783710427559292e-01
6.230679880314875518e-01
6.232677697207210654e-01
6.219165929681029770e-01
6.218742610021266159e-01
6.219538155414188196e-01
6.227916895659675323e-01
6.213485200272408360e-01
6.219191835852329042e-01
6.222361524520749754e-01
6.216774757107710325e-01
6.223689509209439086e-01
6.230026302811577654e-01
6.226102659870413891e-01
6.236953628178918407e-01
6.230567965369825378e-01
6.221788582037290904e-01
6.228609702723482133e-01
6.232456337047768136e-01
6.227494766637378110e-01
6.232300051207464442e-01
6.226689261751686688e-01
6.229891805050081777e-01
6.217791449151647276e-01
6.217360571281016490e-01
6.226642236633707084e-01
6.225249969100670189e-01
6.226663894752861861e-01
6.226780419892969931e-01
6.224036890621956752e-01
6.232878800866000768e-01
6.225703614215571946e-01
6.232933733237029372e-01
6.229482688921090805e-01
6.209211102672123062e-01
6.230023439256640039e-01
6.209610206460753901e-01
6.223491623996979527e-01
6.219212260270827741e-01
6.220567232379983214e-01
6.222126270855365959e-01
6.218312049514536088e-01
6.230976106502672529e-01
6.218827532903938859e-01
6.235715298845744270e-01
6.215131055664699922e-01
6.217303762442402126e-01
6.225155885286675073e-01
6.224510827056769502e-01
6.221334567590164344e-01
6.225604817553989090e-01
6.230758732666675792e-01
6.222815434956605607e-01
6.225958211507320872e-01
