3.618830449848724484e-01
3.642462847975290186e-01
3.640183680752047124e-01
3.641082644455698736e-01
3.615809927667441581e-01
3.637965482289851615e-01
3.631974029582684116e-01
3.641207210720490139e-01
3.633177444039225601e-01
3.634484972884882148e-01
3.636277746398415833e-01
3.638349554038752265e-01
3.640155270237054319e-01
3.637489064570127439e-01
3.637007368848291788e-01
3.626718618008528683e-01
3.624813075251107075e-01
3.632765344462376977e-01
3.637818651744374465e-01
3.644716152867245040e-01
3.630904244372290535e-01
3.639141011554213323e-01
3.622390983778952522e-01
3.639831216388964563e-01
3.644943990430701830e-01
3.636826589359299366e-01
3.637967957913129102e-01
3.635225188900206295e-01
3.634062614685882320e-01
3.641198514370065920e-01
3.647210668139755918e-01
3.621460214414088385e-01
3.633591496514693153e-01
3.628019742811981474e-01
3.627390067405942831e-01
3.641798212447692196e-01
3.629133899524933926e-01
3.630248029215541461e-01
3.621526415380423858e-01
3.635352538081876306e-01
3.633160808928356245e-01
3.626575430171216641e-01
3.633847574977703276e-01
3.636186937602425839e-01
3.616709891054372683e-01
3.639280607728074268e-01
3.624005205169694155e-01
3.640185595983022049e-01
3.635209670414764060e-01
3.637614620803468202e-01
3.629382291688822426e-01
3.639043108887316524e-01
3.634201616063730822e-01
3.654195371500696954e-01
3.636734454594999777e-01
3.631292575906061026e-01
3.628536540486162476e-01
3.637942372346328890e-01
3.627657573596592133e-01
3.639501908948561959e-01
3.631444447073483017e-01
3.630700520302927448e-01
3.632888196024586236e-01
3.628792326414255198e-01
3.621893409703624833e-01
3.632704435196166259e-01
3.628508510940283704e-01
3.622044195796398358e-01
3.640812790224723927e-01
3.633471180240710474e-01
3.635207032850209519e-01
3.641255661260353049e-01
3.628842192772546160e-01
3.638520410300401520e-01
3.621444626939815392e-01
3.637101155612175729e-01
3.642397701968144719e-01
3.633669664568398017e-01
3.626414685088020229e-01
3.628422292983308761e-01
3.633807181076311177e-01
3.630569743219480006e-01
3.641567161110020323e-01
3.639073131177386067e-01
3.637291053810679520e-01
3.628396802294321377e-01
3.642096847271621418e-01
3.628768449196643209e-01
3.636619904474540088e-01
3.641354632639340339e-01
3.635292893112130330e-01
3.642577579233554630e-01
3.625061145768303517e-01
3.639608934690372610e-01
3.631976357649414067e-01
3.628657843710393904e-01
3.645384488779101484e-01
3.623389000352859046e-01
3.623341242009048280e-01
3.634284455461846974e-01
