3.282340213366110593e-01
3.300088687337220383e-01
3.300766297641342661e-01
3.297511327078985199e-01
3.294708664627065686e-01
3.295755705100010258e-01
3.286794672811039764e-01
3.305149623202627840e-01
3.294201540443920107e-01
3.293657511582338548e-01
3.297461526741988225e-01
3.288387008298288006e-01
3.290520487003896766e-01
3.298213201014751905e-01
3.285869264315531835e-01
3.290001852047086950e-01
3.295101635501382353e-01
3.304025382855568238e-01
3.294567061627392546e-01
3.298620340195655976e-01
3.296353797476018199e-01
3.298476886949563425e-01
3.296903021121487254e-01
3.305020381721158196e-01
3.288096258429363816e-01
3.293579167168271815e-01
3.293300569852044002e-01
3.294540122055287235e-01
3.296401970171594642e-01
3.287159140763043497e-01
3.282474335286623690e-01
3.288446245776189825e-01
3.289047762664845109e-01
3.296642255245527120e-01
3.288515079056140156e-01
3.303578570674046144e-01
3.290975545502118349e-01
3.300827476067306754e-01
3.284391962468738990e-01
3.289159577812822977e-01
3.295130110518831312e-01
3.288890062671438463e-01
3.297629559584848158e-01
3.290703051342809826e-01
3.290100548082048881e-01
3.296236975199414165e-01
3.289065692610036451e-01
3.296523280533912303e-01
3.293338386967316067e-01
3.301178289463344573e-01
3.302788255714341759e-01
3.301466386478446036e-01
3.278779749777647745e-01
3.285734090713859912e-01
3.289979789967522050e-01
3.299656940349424139e-01
3.299586230497997263e-01
3.297767609712498604e-01
3.289234465822160614e-01
3.284398999641445771e-01
3.291279643751213180e-01
3.294430306232006278e-01
3.285408265624023549e-01
3.303023305322584369e-01
3.294234432963500936e-01
3.282404279115492818e-01
3.295091661948523765e-01
3.286210705509526320e-01
3.292147425699994967e-01
3.307184735740754111e-01
3.294418472296135048e-01
3.283256120824770696e-01
3.296216199399861213e-01
3.292509307709410860e-01
3.290948437934175796e-01
3.294395894129487079e-01
3.287573144740290054e-01
3.295532579721787703e-01
3.301600065779644599e-01
3.295035490318500848e-01
3.293380799157588634e-01
3.304090776334737134e-01
3.295724966527029398e-01
3.292539767423489638e-01
3.284541214044494062e-01
3.290761242803500464e-01
3.287383202097594603e-01
3.293635868565052416e-01
3.288361493683126247e-01
3.289449941872014671e-01
3.301493913771264554e-01
3.287603084184007041e-01
3.294478283147252440e-01
3.297180036842659590e-01
3.297174151180148893e-01
3.302832731136595701e-01
3.284045449884525070e-01
3.299268706766285142e-01
3.300367484030887200e-01
3.277629891437119913e-01
