5.779502584003941290e-02
5.884203160063272708e-02
5.894995988164679346e-02
5.892924131370432667e-02
5.752471313591003832e-02
5.884186213185029629e-02
5.815089653851565621e-02
5.825096253507437705e-02
5.839069141236402638e-02
5.932332219783807009e-02
5.986449906913726693e-02
5.845085608009633477e-02
5.871024193236601407e-02
5.764831320774940759e-02
5.866506053747268246e-02
5.781912713974035611e-02
5.821969792858795734e-02
5.945447368739368438e-02
5.832596757638590368e-02
5.765495302637188568e-02
5.843439309148983074e-02
5.880257569086613789e-02
5.842641157622234516e-02
5.835152532455507857e-02
5.921146234807733028e-02
5.707314744202315882e-02
5.843362004923440683e-02
5.905952500962430990e-02
5.809167647115706656e-02
5.875913773476042212e-02
5.842783996225887899e-02
5.852793779465836899e-02
5.823302454805959899e-02
5.808990178645519198e-02
5.807574408165461222e-02
5.898075313709029432e-02
5.895954320019487771e-02
5.831724344357905321e-02
5.925309570952818489e-02
5.840736744893644528e-02
5.810378381314353080e-02
5.933192601966844060e-02
5.857237684875129385e-02
5.803240350257841962e-02
5.791066999677874083e-02
5.944672195455583813e-02
5.917983437565579874e-02
5.989091281443129078e-02
5.815769972321555015e-02
5.949255945901352899e-02
5.701617145114780405e-02
5.813735355550208456e-02
5.826952631715257014e-02
5.895030661492588892e-02
5.761318141327803621e-02
5.924682802762465395e-02
5.940605594666031886e-02
5.855976330468610352e-02
5.863957404529949319e-02
5.822644330716947314e-02
5.865589362851286737e-02
5.843975825080736930e-02
5.863043138981355318e-02
5.706897024440238386e-02
5.853761217395061361e-02
5.909289498077337915e-02
5.790896763264415797e-02
5.782331655634016798e-02
5.923429775265874608e-02
5.921341510384438983e-02
5.861158970788064165e-02
5.887894591283396317e-02
5.764741144451044491e-02
5.798766378905387264e-02
5.837893905878220602e-02
5.967308616186473708e-02
5.848972421093652507e-02
5.842941317582215494e-02
5.831059197275031275e-02
5.865659914739153324e-02
5.887789358504765674e-02
5.859802923425688759e-02
5.867742354059109211e-02
5.903924116454379450e-02
5.801597738826218265e-02
5.830663750174153170e-02
5.852236693772989995e-02
5.850757076647017385e-02
5.889477234361389923e-02
5.856893600674169253e-02
5.920312347765033234e-02
5.837896414303461734e-02
6.021899795239753217e-02
5.866955487086264465e-02
5.766409215724467574e-02
5.851426415934232045e-02
5.815366611167462063e-02
5.845578168550925879e-02
5.740012432758102856e-02
5.795686785604863001e-02
