5.765587338938427120e-01
5.773522688101244693e-01
5.754244156960773848e-01
5.770964707527592719e-01
5.763733016767497164e-01
5.758406621508563861e-01
5.772607661421904623e-01
5.764715925675277797e-01
5.768655425655014879e-01
5.761361197939891543e-01
5.770959287957535544e-01
5.766976948464829222e-01
5.765442259155245663e-01
5.771353514192345546e-01
5.756813757083198979e-01
5.777168499979814520e-01
5.770530224753194215e-01
5.768524191417052638e-01
5.761844531875108810e-01
5.771474532362275145e-01
5.775888410756898628e-01
5.770469536049609438e-01
5.762555714860821965e-01
5.762777416519009321e-01
5.769869561112520584e-01
5.757403475589556452e-01
5.772643419924113894e-01
5.769240173446990028e-01
5.769296383829294328e-01
5.763536090303353898e-01
5.768356569997943328e-01
5.765021188468354429e-01
5.769114920226123822e-01
5.762598893932691091e-01
5.764941247075102693e-01
5.756353318956428655e-01
5.749513813194181422e-01
5.763405669540571097e-01
5.764822967827993860e-01
5.767359592848402272e-01
5.766862307291257261e-01
5.765494904100632034e-01
5.771547045769509499e-01
5.761369117183202659e-01
5.754492707719969236e-01
5.770741359035740370e-01
5.767296462086783926e-01
5.756353778357670148e-01
5.757760262962290376e-01
5.754027829018155682e-01
5.764429003963631448e-01
5.772822540133444313e-01
5.766536439335564479e-01
5.758479376661583826e-01
5.773088100801662126e-01
5.769365931421123195e-01
5.766152294885684704e-01
5.761511199849218556e-01
5.757885510781045602e-01
5.768180862903702355e-01
5.769416748409390561e-01
5.760847903115806634e-01
5.756984354269333304e-01
5.768420616385416810e-01
5.759275389819593638e-01
5.767974909664773664e-01
5.775464995380987787e-01
5.768868469281616118e-01
5.769667104549363046e-01
5.767079049849328509e-01
5.776748315722280980e-01
5.759510170833502807e-01
5.775724549166203481e-01
5.773258289377619645e-01
5.767191198725080126e-01
5.763924463810413679e-01
5.757648746591380595e-01
5.768140049605259279e-01
5.757811346837534705e-01
5.753960373845939946e-01
5.764060271245983191e-01
5.769017868378436553e-01
5.759104804824770607e-01
5.757205407719131474e-01
5.765675078694871836e-01
5.769360183463050351e-01
5.762133356797085604e-01
5.768190020189847278e-01
5.763692469835683951e-01
5.755832339962765332e-01
5.764337851280931790e-01
5.764253078415577658e-01
5.763658141764913534e-01
5.765099805484581452e-01
5.761407289495406037e-01
5.770325736671690908e-01
5.763626710668598996e-01
5.754200513198894917e-01
5.771764818389546470e-01
5.768642608719686260e-01
