4.994739738931756046e-01
5.007566476721776461e-01
5.001729474269135389e-01
5.003200262869780257e-01
5.002536524290674969e-01
5.000213196828340312e-01
4.999723843296497439e-01
5.004460413466708113e-01
4.997090273470218835e-01
5.008451491091284735e-01
5.011613790388459444e-01
5.000814888558855476e-01
5.006501502737568110e-01
5.011265376234205204e-01
5.001675315294682456e-01
4.991418851959898983e-01
5.004854754936367556e-01
5.010333886501882050e-01
5.019483844270167250e-01
5.008950569153387544e-01
5.006911304567898124e-01
5.005786412400415886e-01
5.014590592996643892e-01
5.006825900268426777e-01
4.997742792173461845e-01
5.015537194769963403e-01
5.001087232603236288e-01
4.996654347828436427e-01
5.005637304310619484e-01
5.004515842724146513e-01
5.008382535739972496e-01
5.015510490528242160e-01
5.011914688301610799e-01
4.998657640328524332e-01
4.991982076882888197e-01
5.009873935233061237e-01
5.008338648988246433e-01
4.999593109804639779e-01
4.999808392798715251e-01
5.001121195812133768e-01
5.001192432348288142e-01
5.008897884877466788e-01
5.001155327518536087e-01
5.005584539118705933e-01
5.010282087371449311e-01
5.006817694120222484e-01
5.009439621565410228e-01
5.002719081268066637e-01
5.001600549133223828e-01
5.014870993140247979e-01
4.996239068250231119e-01
5.001264765071582463e-01
5.000985722756997598e-01
5.006320453463040110e-01
5.003343775119455383e-01
5.008656862135614229e-01
5.006863158192575991e-01
5.002943657724872040e-01
5.013364754329123762e-01
5.006849917111204640e-01
5.015693884241052558e-01
4.998648938638124983e-01
5.002683113474255538e-01
4.997039601859966651e-01
5.009506602459086189e-01
5.003512154169860171e-01
5.014539500806313166e-01
5.014697590738013133e-01
4.999592428444158410e-01
5.002545929546811099e-01
4.992940364258524055e-01
5.013757855451350665e-01
5.018617546653368899e-01
5.001616507188035854e-01
5.007320883818050516e-01
5.010077643335466568e-01
5.001848287555853423e-01
5.002978933810657836e-01
5.005942567169843205e-01
5.009495567617228140e-01
4.996195787245428233e-01
5.006427156840902448e-01
5.001354999344320706e-01
5.004031465012166446e-01
5.016905102045574605e-01
4.994290735108620760e-01
5.001279242002798497e-01
5.014600449518449299e-01
5.009998203358387858e-01
5.011821094594903769e-01
5.006822383673472654e-01
4.999217050458448774e-01
4.993198214098109045e-01
4.994725954230536114e-01
5.016196421184325738e-01
5.009391487944333532e-01
5.004952384093118711e-01
5.013833870709822893e-01
5.010953403035678377e-01
4.998091481276238923e-01
