6.123901147767907283e-01
6.118139719434532164e-01
6.128304854427800707e-01
6.135156871993006078e-01
6.124855965512312483e-01
6.109371903741180887e-01
6.131181463935746478e-01
6.127032740551128231e-01
6.117296629730661905e-01
6.120397091931255584e-01
6.124360452405918087e-01
6.125767212426884711e-01
6.122372747668343163e-01
6.127590108254592494e-01
6.125600886785588228e-01
6.128135766289053432e-01
6.127055585634376689e-01
6.119116155324648698e-01
6.129065064370131655e-01
6.126223762588716149e-01
6.132178608749715432e-01
6.122632359179049910e-01
6.125407857192841643e-01
6.125163175114245462e-01
6.125936376368177338e-01
6.128253124003435470e-01
6.121991429124394868e-01
6.129269093438833860e-01
6.118862581051053295e-01
6.123386519969078456e-01
6.125674465776932420e-01
6.123342639091791106e-01
6.123166853691326406e-01
6.130414106430646104e-01
6.126245610367609951e-01
6.134460949591229451e-01
6.128616675295293081e-01
6.126650892105398594e-01
6.125355206488023452e-01
6.133218082102050994e-01
6.120046743401907907e-01
6.126411759635689291e-01
6.131229330115826048e-01
6.112591241875431347e-01
6.127385532491866904e-01
6.123520274698626142e-01
6.127035000908351847e-01
6.125504704380777543e-01
6.118064239310607721e-01
6.115981304912737615e-01
6.119256061253068868e-01
6.125894975685548527e-01
6.118481926685520600e-01
6.141016533632177588e-01
6.121721864812909031e-01
6.131559641987889275e-01
6.115505995412342521e-01
6.135429698227483630e-01
6.120607916851265040e-01
6.126760296962734387e-01
6.108423133215599155e-01
6.132977636522146669e-01
6.120359165997241169e-01
6.119029047651527442e-01
6.128451154657650335e-01
6.124014899486835972e-01
6.123731246403825157e-01
6.127765318767546265e-01
6.137209116764823502e-01
6.133484823888997184e-01
6.128192331574484619e-01
6.127551015426362380e-01
6.137866944932537372e-01
6.129279964262220881e-01
6.126679524692315582e-01
6.124904993667230624e-01
6.123136331943208610e-01
6.130943653601369503e-01
6.139029580882833237e-01
6.117505526908300073e-01
6.121926459052400293e-01
6.130857290064124498e-01
6.120824221737768411e-01
6.112464939742003889e-01
6.122671160951989044e-01
6.117741025918151943e-01
6.131825587822802293e-01
6.117907145498815424e-01
6.129610986728248889e-01
6.134879865769853335e-01
6.125493444570535573e-01
6.128471377998123693e-01
6.126604582138202026e-01
6.127442342515483364e-01
6.133381089261900065e-01
6.113043952755798927e-01
6.116903821495736082e-01
6.123953904116057334e-01
6.134122671578665642e-01
6.126206177620230342e-01
