4.870276724527173862e-01
4.871268920618578302e-01
4.865373461551735224e-01
4.876498757723367605e-01
4.877493308238002312e-01
4.877208603244131968e-01
4.877441157560302720e-01
4.881944019634787968e-01
4.866704516214569454e-01
4.873146509671993920e-01
4.881497055224178760e-01
4.887933003649271857e-01
4.876725374298631621e-01
4.875715734093567510e-01
4.879806098684023041e-01
4.867961232043617192e-01
4.877367822279941034e-01
4.886021618469077454e-01
4.880115682213186368e-01
4.889650245730889355e-01
4.891142137585752225e-01
4.879673622618923012e-01
4.875007787122057068e-01
4.871832402314402177e-01
4.864152376431256641e-01
4.881552922560276619e-01
4.876067597064703829e-01
4.877901468062340040e-01
4.880627946861558764e-01
4.868938431075514051e-01
4.859045904621204226e-01
4.884736194006072951e-01
4.871356206845132153e-01
4.868496567089231064e-01
4.880816127853057074e-01
4.879717521202028285e-01
4.873856388341552548e-01
4.883735060065261813e-01
4.876527550482099294e-01
4.879697551683067624e-01
4.877244978381183316e-01
4.879486702655315700e-01
4.871529980407570681e-01
4.873070506860065487e-01
4.872237958230926091e-01
4.873851335060067069e-01
4.883292603913529373e-01
4.869071879349928800e-01
4.880112919768331281e-01
4.874157161710717667e-01
4.873890061727910172e-01
4.880294328715377716e-01
4.872820355036593942e-01
4.876180490898539555e-01
4.871441671211369506e-01
4.879383817901903342e-01
4.873072364452553651e-01
4.877859795934302301e-01
4.880525091992969910e-01
4.884297403715897601e-01
4.875103828513028814e-01
4.873805157516640230e-01
4.876127497424765922e-01
4.870635805025905762e-01
4.871062155318565123e-01
4.884443307514116928e-01
4.874982138619512462e-01
4.875395736689322468e-01
4.882182069860186990e-01
4.877060653356739550e-01
4.884379319808269115e-01
4.872572381712095835e-01
4.871550266556525233e-01
4.880854511893364389e-01
4.875554269289747999e-01
4.877167351225704661e-01
4.873870958551579369e-01
4.870427289581052976e-01
4.880080527390935341e-01
4.893865577867225203e-01
4.869663344233650104e-01
4.873165509696928410e-01
4.870139051172909239e-01
4.880350483933259542e-01
4.878837269818352418e-01
4.882099193929655412e-01
4.867835807683280058e-01
4.878021615160137991e-01
4.885014947636633353e-01
4.870938266468353706e-01
4.880650334190906880e-01
4.876206029312210033e-01
4.878623216225464465e-01
4.882557842797006220e-01
4.884096489573395150e-01
4.876891495753755690e-01
4.874051777863426249e-01
4.872335170472855692e-01
4.870179213499024051e-01
4.887143932782839761e-01
