2.467642897480267772e-01
2.478289060507932184e-01
2.491205247216974894e-01
2.477996084949818656e-01
2.476912597907335034e-01
2.479037858596678523e-01
2.470764792703976920e-01
2.484343865749136793e-01
2.479094388619966782e-01
2.481717002219210044e-01
2.488814168818104244e-01
2.477825308670925097e-01
2.491865431603275116e-01
2.486829666718437248e-01
2.478170413667789562e-01
2.476806298393007810e-01
2.481327642548418200e-01
2.484874974919505930e-01
2.482448317925343151e-01
2.485582848431215908e-01
2.491869629719754842e-01
2.466302950262467264e-01
2.479536169943947488e-01
2.476605719534135663e-01
2.490507678438930728e-01
2.479696591350051549e-01
2.468233413082721595e-01
2.481984799590118973e-01
2.479708783156145957e-01
2.488692960129568477e-01
2.476783423321569644e-01
2.475721809959851027e-01
2.482208483112411102e-01
2.483999769214992881e-01
2.479365686170456051e-01
2.475950785301382906e-01
2.486919068563891999e-01
2.475118104462392110e-01
2.484635430826519498e-01
2.478922088013467695e-01
2.492009933881579320e-01
2.476401307570880173e-01
2.481562098747324419e-01
2.481367883641093508e-01
2.484658626271566695e-01
2.474971266987968654e-01
2.476132604069824772e-01
2.484234520008130609e-01
2.474529786013854871e-01
2.492214609232700773e-01
2.483079181534605662e-01
2.478850011654948338e-01
2.490458716378995407e-01
2.486487030926388120e-01
2.482177314724348938e-01
2.476076302871596246e-01
2.494040966757263833e-01
2.477659919057292326e-01
2.487098833953265697e-01
2.481553240938478289e-01
2.486017166080288221e-01
2.475724948752682231e-01
2.476797017952360180e-01
2.483648416527667602e-01
2.479268774741045234e-01
2.475467412034918491e-01
2.479799062034272472e-01
2.487989909426260859e-01
2.477500919514318278e-01
2.491404827346012096e-01
2.480923552303821444e-01
2.489145157244435080e-01
2.488557086119826400e-01
2.483988244073691565e-01
2.475702668766919246e-01
2.481754746441132142e-01
2.472098036850826630e-01
2.479375437818434613e-01
2.487351793652084198e-01
2.489110014668719784e-01
2.487457908485418423e-01
2.481629381895754383e-01
2.491981534151160860e-01
2.475526349812701976e-01
2.474866437920456852e-01
2.483842020914195370e-01
2.486946573992284137e-01
2.478592254876347267e-01
2.483612406804965866e-01
2.473737651865879905e-01
2.483056138056550233e-01
2.487666096904520008e-01
2.492222243593704423e-01
2.469380546955715627e-01
2.480273290419690579e-01
2.482666114338312191e-01
2.472851170889613370e-01
2.485438252892312738e-01
2.480222576630737308e-01
2.483476926639437976e-01
