7.515247608308214811e-02
7.591064146655247813e-02
7.632097642731858200e-02
7.677770648320871028e-02
7.551804557766982062e-02
7.686753577769167567e-02
7.642695785413908260e-02
7.696193458569339230e-02
7.622633110873150430e-02
7.651247419445064701e-02
7.661351862560872306e-02
7.654140182524538094e-02
7.611935950978628018e-02
7.531321283942490896e-02
7.644071529971657730e-02
7.656579709529312550e-02
7.695639350114355515e-02
7.645236467101411415e-02
7.581417886943166151e-02
7.609322354357367368e-02
7.612146580712504662e-02
7.663012630628174282e-02
7.517182054403953595e-02
7.669821361160499007e-02
7.584619626476232779e-02
7.663747543442074595e-02
7.587603017115514270e-02
7.635194395687579239e-02
7.601938571415656209e-02
7.685617385950517522e-02
7.587669511246215859e-02
7.532648071982861460e-02
7.669236594854689226e-02
7.664562780513634044e-02
7.620648806525383290e-02
7.583299888351985318e-02
7.756870706760246592e-02
7.585927184688384672e-02
7.613013535501156337e-02
7.649543143473588880e-02
7.702413679921402134e-02
7.572521635646223270e-02
7.533705540375423837e-02
7.586578480100308886e-02
7.653867082002710487e-02
7.643197944713557568e-02
7.560507509064579024e-02
7.640346137195233589e-02
7.737886357240128521e-02
7.585223094665087540e-02
7.654985335633347765e-02
7.586144239040254478e-02
7.668293339944098896e-02
7.614968137120489700e-02
7.695516457152876133e-02
7.689231157467033007e-02
7.701816208439234146e-02
7.546779334351960689e-02
7.713440186664344278e-02
7.415998779446461575e-02
7.627844667052534333e-02
7.579751195847679590e-02
7.561500830811873630e-02
7.708117079069143340e-02
7.524663698325169403e-02
7.592727177702399133e-02
7.445908163442682692e-02
7.624554399755981149e-02
7.619600154208747145e-02
7.666962711268765496e-02
7.613027988400353219e-02
7.673589182017021004e-02
7.629716823172658091e-02
7.580750582301970519e-02
7.676178794266361183e-02
7.706317516196237172e-02
7.700684877825991759e-02
7.623130976257050384e-02
7.593241880220669149e-02
7.572004977219652655e-02
7.671978753262916062e-02
7.694019891663061994e-02
7.588106631855344453e-02
7.565493947653516293e-02
7.621202460668488610e-02
7.624046667033672342e-02
7.594658137981449841e-02
7.570420473655956051e-02
7.605480586180499158e-02
7.605692437916286575e-02
7.563866892577114642e-02
7.685364284225952580e-02
7.615603598592404766e-02
7.664846843564818157e-02
7.632352522598120914e-02
7.577969653578081610e-02
7.607221458995208629e-02
7.620834080610680572e-02
7.654644414519100326e-02
7.649203731819165242e-02
