8.524657510870563559e-01
8.532759161349049437e-01
8.514989423468116714e-01
8.531798154371421639e-01
8.522033723649319326e-01
8.516911622748423172e-01
8.522440043044849922e-01
8.514922710672331307e-01
8.521009813813542610e-01
8.528520212311225812e-01
8.524625948661961328e-01
8.518324774635674945e-01
8.515433454428620319e-01
8.526104691760825194e-01
8.526333484212673675e-01
8.546322445624763287e-01
8.524401566074338854e-01
8.524777164042481870e-01
8.525537286807085557e-01
8.529822814481138327e-01
8.528136842722939814e-01
8.527316233795783074e-01
8.519529492309017016e-01
8.527142781857577347e-01
8.524772735883761055e-01
8.524193682496787883e-01
8.532514802264421494e-01
8.527469363144991599e-01
8.517914003547586432e-01
8.526199730194750082e-01
8.527148707605729516e-01
8.520005535261883090e-01
8.532388987480225007e-01
8.526447968124710730e-01
8.525926209055743055e-01
8.521515196278142135e-01
8.530765232282053745e-01
8.531661865402511147e-01
8.540398707265767220e-01
8.525666024346715277e-01
8.526540154174520048e-01
8.532281666820400456e-01
8.524118304653718337e-01
8.529072234818182441e-01
8.534492391908867770e-01
8.519527357729120842e-01
8.524118989019864312e-01
8.526133562253446208e-01
8.530286427313793496e-01
8.532768231780039070e-01
8.528467764695724096e-01
8.525076864143784627e-01
8.525137128555958510e-01
8.526638371669176264e-01
8.536795045247251856e-01
8.528850713438903552e-01
8.516548978967002359e-01
8.532655467489943524e-01
8.523675293899231065e-01
8.528659544413592641e-01
8.535117172749692172e-01
8.523394360133218495e-01
8.528851088846608475e-01
8.530178693303462900e-01
8.520181779341333694e-01
8.523324528794842259e-01
8.522276031178919187e-01
8.530737549385073448e-01
8.524924217777176683e-01
8.526434068574557656e-01
8.520422494942668790e-01
8.528315958279469866e-01
8.518920841079320461e-01
8.544482583771420003e-01
8.527562870130205308e-01
8.531507752872857786e-01
8.541088236013901769e-01
8.523281027938353072e-01
8.531183808907639721e-01
8.518915921285898918e-01
8.526664780933701504e-01
8.530121232744742876e-01
8.529884943654792995e-01
8.528310038525155345e-01
8.516910337638952111e-01
8.513084253722362771e-01
8.538588148125458854e-01
8.523794134013089607e-01
8.523416119528254287e-01
8.524778237527276259e-01
8.527313793561750455e-01
8.528858915375971961e-01
8.520426293362447501e-01
8.538263035873447926e-01
8.534611667585856321e-01
8.530229359725878258e-01
8.525930333210083312e-01
8.534067363916342241e-01
8.529533583364182769e-01
8.537817771778728471e-01
