4.534177347020742488e-01
4.524767377424752657e-01
4.537742664085249733e-01
4.529314146865158208e-01
4.537813627822860352e-01
4.543485138910717258e-01
4.533314987124090756e-01
4.526045063324418694e-01
4.532309634583308600e-01
4.537492011690934524e-01
4.540382979592016977e-01
4.521922929780002876e-01
4.535716808086761032e-01
4.528413198255308858e-01
4.533481504678885665e-01
4.539705146777209821e-01
4.530688369776071367e-01
4.532737698273352489e-01
4.540506337336974729e-01
4.523339590625116702e-01
4.525797005430655107e-01
4.536771363685079828e-01
4.542167277764951328e-01
4.540275114571630244e-01
4.523428067954784471e-01
4.527828189945332649e-01
4.539815676455036808e-01
4.536963303242201873e-01
4.541467170052384539e-01
4.544267011202660633e-01
4.529987912541543205e-01
4.532216303291782822e-01
4.542978556134344981e-01
4.535057746597706552e-01
4.519609912997624157e-01
4.526636017395566647e-01
4.534985175826279913e-01
4.552739163034500436e-01
4.537815151165012773e-01
4.542801007041122330e-01
4.529052232314437210e-01
4.539640441075346589e-01
4.539925393783528218e-01
4.523431764671449473e-01
4.531586126907789502e-01
4.532219844551225174e-01
4.536339093657313359e-01
4.520288557753517900e-01
4.530342183685094892e-01
4.527895648418217567e-01
4.528617090739220918e-01
4.539130837373555050e-01
4.551997161063421338e-01
4.533409102978126493e-01
4.533011234574693127e-01
4.533488970278535812e-01
4.528501823945511595e-01
4.529295993309925272e-01
4.525911911952955613e-01
4.529975305703756172e-01
4.552009275146067235e-01
4.537983940826330054e-01
4.536989855711631159e-01
4.533232651586378559e-01
4.548443759072298698e-01
4.537142697035285721e-01
4.536136789001596892e-01
4.539247104462197924e-01
4.532590828400708816e-01
4.529147520081605593e-01
4.536745684903935594e-01
4.527970321625880423e-01
4.527843903319552776e-01
4.530677165141214768e-01
4.531116471921174949e-01
4.536385454573145792e-01
4.538525000541748788e-01
4.526664087812093396e-01
4.540842168401643120e-01
4.529614885648164391e-01
4.531335526484031595e-01
4.529079122512612576e-01
4.522813546421591280e-01
4.542895965894595545e-01
4.532908803756208194e-01
4.546893974425635920e-01
4.533113739299748368e-01
4.532752558558041933e-01
4.533820508048446718e-01
4.543091005445865638e-01
4.528273658271293467e-01
4.525673813988059235e-01
4.528876773095539265e-01
4.536812535048819761e-01
4.541768884950906360e-01
4.532824657406331337e-01
4.536266150169921962e-01
4.540567943539398632e-01
4.527951639672390116e-01
4.528810411691289728e-01
