5.913395680156605660e-01
5.917433472246919068e-01
5.923947922898489260e-01
5.928945392961103567e-01
5.938179060304182855e-01
5.922465607207323401e-01
5.924029301238069589e-01
5.937704335374677234e-01
5.931300727306599851e-01
5.920074449206694789e-01
5.928191202205461696e-01
5.918002011479268631e-01
5.936731589367160167e-01
5.925290798018690852e-01
5.924516487409264842e-01
5.932200688437863079e-01
5.921550585867877414e-01
5.932091494215675498e-01
5.928093950671680101e-01
5.919212974035701347e-01
5.928219051285251728e-01
5.919731460449811911e-01
5.933570306619188051e-01
5.912424955881332433e-01
5.926073158689356690e-01
5.928708615965485595e-01
5.930898039411534040e-01
5.914516679986062675e-01
5.925659243748976346e-01
5.918197276679113550e-01
5.915556707038247541e-01
5.935600509909955136e-01
5.909833582690188214e-01
5.924440066595659804e-01
5.917411283999236549e-01
5.924253397165212265e-01
5.935125766493518640e-01
5.936231372624635183e-01
5.931050505447436061e-01
5.928714286474456863e-01
5.919923485881357639e-01
5.923636206483353650e-01
5.922613077151109851e-01
5.918587751565421717e-01
5.920264826669587865e-01
5.932506939474431196e-01
5.918290223341795553e-01
5.928733807568723480e-01
5.926048684568825387e-01
5.925115055495107086e-01
5.924427836107130085e-01
5.930512243709387121e-01
5.923466787384503718e-01
5.932280836919907596e-01
5.923483790286698802e-01
5.921406353719156357e-01
5.914054067296801165e-01
5.920087442079224882e-01
5.932613004134504875e-01
5.922636484203234186e-01
5.926464866548704080e-01
5.931292109890580200e-01
5.921985472471620326e-01
5.920704393764200102e-01
5.925659813506528595e-01
5.913895119183616433e-01
5.926192331177476680e-01
5.927750361301022952e-01
5.927599725472163517e-01
5.924257241640150662e-01
5.919564121390297196e-01
5.937248486296411443e-01
5.917482057569548592e-01
5.921347250860508060e-01
5.924546472460469060e-01
5.925414178558994216e-01
5.921348779293603704e-01
5.938883975017429373e-01
5.919690774719505999e-01
5.919601526982231077e-01
5.928823670518090783e-01
5.925998645713407287e-01
5.931185440336905756e-01
5.931430675745255066e-01
5.931539212983581999e-01
5.914925295328616883e-01
5.930065809113935771e-01
5.930532110822073211e-01
5.923967086215395916e-01
5.928415614775824904e-01
5.924420078321757099e-01
5.923406093341407885e-01
5.921602506986053394e-01
5.931853974336140922e-01
5.924002638741026061e-01
5.930961330668163001e-01
5.933666480705725998e-01
5.915324836812815290e-01
5.917556979594797983e-01
5.931804029622274044e-01
