8.285026885674596775e-01
8.283337470887179865e-01
8.290714864635514436e-01
8.287910928040939096e-01
8.288303368789553538e-01
8.296440721778761684e-01
8.299131899951234237e-01
8.296145352716690624e-01
8.298796813978418507e-01
8.293217631485423347e-01
8.283303123975248594e-01
8.294835291282003364e-01
8.285798309245520077e-01
8.289717464361995303e-01
8.299487697913550122e-01
8.285388026104775205e-01
8.293146590770360538e-01
8.288793509916515534e-01
8.285842310382838249e-01
8.280937734212505674e-01
8.288028721722294767e-01
8.287004678140258429e-01
8.296840855317617613e-01
8.305926767825513313e-01
8.292511436430936023e-01
8.289262862099460172e-01
8.294567262415593056e-01
8.289905465693951925e-01
8.307808415301318750e-01
8.294311939544839474e-01
8.301090741875858381e-01
8.290024647387023160e-01
8.287259346968678386e-01
8.283472251430108457e-01
8.308724629487017621e-01
8.293225295142274689e-01
8.279058357326181117e-01
8.300430585816718221e-01
8.286317727453722526e-01
8.298106247443373107e-01
8.289225799791641869e-01
8.297620642642491440e-01
8.292351730292852885e-01
8.290872115175491608e-01
8.281579213199448120e-01
8.303210924404342830e-01
8.300298866523228014e-01
8.300758190648185320e-01
8.296574639665064144e-01
8.282847039424039437e-01
8.287862199984037392e-01
8.291490598732195183e-01
8.290439596279850498e-01
8.289952888013398802e-01
8.290987079282443606e-01
8.295034304083752641e-01
8.299608269416283157e-01
8.300862085956806080e-01
8.290398094785318417e-01
8.279402705915002159e-01
8.291845399822544982e-01
8.292889135228223019e-01
8.298474445110082254e-01
8.283285820551480327e-01
8.295435064784471013e-01
8.301814606032613675e-01
8.289537362687070532e-01
8.297012574193501910e-01
8.301498375129939822e-01
8.291762035926366625e-01
8.288973533320740383e-01
8.295315358672616934e-01
8.285766516901863499e-01
8.282830581179005947e-01
8.283705582310399995e-01
8.293369965655047471e-01
8.300802398807295424e-01
8.291983083078358074e-01
8.293567391729181892e-01
8.300690429733295073e-01
8.297360187641608098e-01
8.304647401368123738e-01
8.295569002388771818e-01
8.276982043339928818e-01
8.283481988418409658e-01
8.283227325556355991e-01
8.298679026117394830e-01
8.304551199978784659e-01
8.284845783756871196e-01
8.302877641938204434e-01
8.290818609592718325e-01
8.288820077860196145e-01
8.304390405950963228e-01
8.307836825427972194e-01
8.287142130360467540e-01
8.306087253839090634e-01
8.287583306924464210e-01
8.301157173518070032e-01
8.301823981786677908e-01
8.282369723239387804e-01
