3.738964471371791776e-01
3.746601111382669158e-01
3.747914452617716607e-01
3.752530520056095997e-01
3.748182359803487462e-01
3.749832778839825576e-01
3.747301672992451871e-01
3.749141142626155609e-01
3.746751371569321809e-01
3.746950164944188311e-01
3.752335974083286785e-01
3.752200771608242835e-01
3.740583540768785409e-01
3.742254645588207751e-01
3.744095824466505129e-01
3.749890990429191051e-01
3.752006946815085175e-01
3.747259070913573353e-01
3.750903994145019515e-01
3.738704832403172418e-01
3.739888813353537955e-01
3.745600192978819076e-01
3.752488953836675134e-01
3.758817222610741915e-01
3.744709782546926657e-01
3.741031892922282442e-01
3.750843790797349642e-01
3.731033017899169080e-01
3.741554365133595295e-01
3.744945175393928349e-01
3.743605173421505894e-01
3.741170834088251018e-01
3.736587213810879105e-01
3.740956890547461056e-01
3.746638473893358912e-01
3.750345001837533943e-01
3.740996036618837173e-01
3.755887571165523742e-01
3.747431905305498301e-01
3.758490006850327414e-01
3.744001922542930516e-01
3.743163493911692008e-01
3.730942576276342071e-01
3.750237359637823009e-01
3.748241655401430283e-01
3.737267064639180902e-01
3.749869573611318563e-01
3.741357107168276075e-01
3.750234749464573802e-01
3.745210191112451348e-01
3.749357057101999069e-01
3.743309685462014036e-01
3.742031960264701196e-01
3.742481029480111410e-01
3.747885795614975257e-01
3.734546586529528533e-01
3.750506279523923014e-01
3.740011421851391349e-01
3.743238167512032422e-01
3.739367773923426008e-01
3.746549542408766365e-01
3.741774296889071594e-01
3.748948258165246128e-01
3.742327268583096611e-01
3.734582726569801725e-01
3.743687624145891624e-01
3.758405596313925123e-01
3.743734507978662140e-01
3.742961264500037633e-01
3.746174779082532269e-01
3.748497467847288767e-01
3.740898984978288100e-01
3.748818769225075176e-01
3.748259800239981399e-01
3.761852700769487967e-01
3.753943531159154023e-01
3.739592988011166130e-01
3.744996147669987230e-01
3.754975012149467939e-01
3.752968200429647738e-01
3.750241424893066000e-01
3.739915778248238398e-01
3.746758545655836659e-01
3.739334253084892756e-01
3.741906591908790158e-01
3.733453396121731993e-01
3.743489086855060211e-01
3.759240165351652174e-01
3.743155626712574846e-01
3.735405736323977322e-01
3.755100267258348334e-01
3.745346310827665226e-01
3.748577496440571588e-01
3.746813375592674689e-01
3.743726426938547291e-01
3.754966527451078506e-01
3.748645264854947867e-01
3.746924357684789930e-01
3.742300368359390284e-01
3.745903242496623209e-01
