1.849104376934259941e-01
1.858754124001817942e-01
1.873503585146506778e-01
1.852956367361773549e-01
1.858044988281470355e-01
1.866137377828563648e-01
1.870686912245308753e-01
1.858352399355086282e-01
1.862210507773089940e-01
1.855161857220941624e-01
1.863316790731904538e-01
1.846144111374948271e-01
1.848782618948386081e-01
1.857462904825022687e-01
1.860880970934198908e-01
1.861073256646809115e-01
1.857200883101467470e-01
1.866798412461520007e-01
1.855635914449746404e-01
1.854988592282201809e-01
1.856833588391995638e-01
1.842713517047764871e-01
1.857533257321012377e-01
1.857883168524717965e-01
1.862652720346344992e-01
1.866213547699891451e-01
1.871982875298252580e-01
1.864916732191453375e-01
1.862448540982853951e-01
1.855490124815053488e-01
1.858631541432402834e-01
1.872855962776491245e-01
1.855578810563710546e-01
1.860028863522398823e-01
1.867852471804295478e-01
1.862276146703015500e-01
1.857416935660895496e-01
1.862523249993154606e-01
1.872297141455842029e-01
1.866304703211076055e-01
1.868850113038466876e-01
1.857966851230225536e-01
1.869785392285811254e-01
1.844034435945498263e-01
1.862140949471933760e-01
1.866622059056346483e-01
1.851972574199063082e-01
1.860200798374625486e-01
1.863181626781428846e-01
1.867186578364471994e-01
1.859133419482646710e-01
1.857413484912713852e-01
1.868628440853762618e-01
1.861083918587616015e-01
1.856133514676276963e-01
1.862133854539523570e-01
1.861773750555739404e-01
1.851974582380853107e-01
1.860238331387601973e-01
1.860360731867908846e-01
1.862605573694985639e-01
1.854051839543572888e-01
1.853139624027950738e-01
1.864294672814030829e-01
1.861682687541247883e-01
1.858413661265211902e-01
1.854161168329495069e-01
1.857788781355705354e-01
1.860174624921541731e-01
1.858356763518378696e-01
1.850677791636986813e-01
1.858646970759982586e-01
1.861370677461537948e-01
1.864150080133423204e-01
1.863375592447562568e-01
1.859431835225100749e-01
1.854898413190880779e-01
1.866012105902643825e-01
1.858653893263284007e-01
1.863395146512457634e-01
1.858748279008547444e-01
1.866502616337864517e-01
1.864822014306522502e-01
1.864221305077860547e-01
1.863376806133726360e-01
1.876174555083287010e-01
1.860097463630144277e-01
1.860085887866047838e-01
1.861654640479017409e-01
1.853071647323514259e-01
1.857346896087631594e-01
1.857125498388527418e-01
1.864119198355869700e-01
1.856191997663277360e-01
1.867572124828102420e-01
1.861128584140147035e-01
1.865221614412012063e-01
1.864293244253686643e-01
1.867756384278160542e-01
1.855700912799020386e-01
