7.608582099157928935e-01
7.608613245020818816e-01
7.614949320079633655e-01
7.615899524935529907e-01
7.618036448379605918e-01
7.618616849707580130e-01
7.608043613633375113e-01
7.611189296988125630e-01
7.614461324444782298e-01
7.610954047913773834e-01
7.614216639726623104e-01
7.612808130743532464e-01
7.625304676533559700e-01
7.618563204479660289e-01
7.618427639184162103e-01
7.614721462734316271e-01
7.610045982862703173e-01
7.627022567916476037e-01
7.609964463495448861e-01
7.609470929526727101e-01
7.613179843048519801e-01
7.621633252471511355e-01
7.618045064035450231e-01
7.618558708792853018e-01
7.622511739200449332e-01
7.608393789502237992e-01
7.624138186346959278e-01
7.611960468010974257e-01
7.612413052464854779e-01
7.619103568164845575e-01
7.612230531251398258e-01
7.623081054550492341e-01
7.622122703531319932e-01
7.615491731340687798e-01
7.614438481396308411e-01
7.623449101144940121e-01
7.622110270859638881e-01
7.614914110489938714e-01
7.613497786737055684e-01
7.620831749072098926e-01
7.618016450518934057e-01
7.619133573796326164e-01
7.619694977378275169e-01
7.618770308340551134e-01
7.620191193026926157e-01
7.609903500755212935e-01
7.617228234754664928e-01
7.615147939459492310e-01
7.613974265415057729e-01
7.614014894563139180e-01
7.626483415739016003e-01
7.616470968343139747e-01
7.613387108137448234e-01
7.603517150128064062e-01
7.615109525080113739e-01
7.620143008511119920e-01
7.617082148012936926e-01
7.608975014591490282e-01
7.618958202169224814e-01
7.619547332352533120e-01
7.614830035915050033e-01
7.614880943871854546e-01
7.618186251825751487e-01
7.614363923894245101e-01
7.615307111066793588e-01
7.613745642790339385e-01
7.613152095677147013e-01
7.619354530344696341e-01
7.621719358725367321e-01
7.607326841277947116e-01
7.615764784445835378e-01
7.617464171668184569e-01
7.613230338085835713e-01
7.621013498081504745e-01
7.609252650832114551e-01
7.620298969965106917e-01
7.615781566368275968e-01
7.605051968773890447e-01
7.617382528066036773e-01
7.615662597716600368e-01
7.619385905642580559e-01
7.610817334490458386e-01
7.606023544378428536e-01
7.612729884615148102e-01
7.605465567114634284e-01
7.626296376154839685e-01
7.612162187371142030e-01
7.612135892058893294e-01
7.601183135541896840e-01
7.614570901534550851e-01
7.619155399754162783e-01
7.615412546052718890e-01
7.614633065068213691e-01
7.622546834076519007e-01
7.618698865733374292e-01
7.615672737963974370e-01
7.609873386285840313e-01
7.614065093282077479e-01
7.621297574597030167e-01
7.607426337566620678e-01
