4.147561610497237095e-02
4.425208841003855365e-02
4.424444118220834110e-02
4.322211961141578934e-02
4.346387928382060284e-02
4.237491225583685239e-02
4.290599841076415955e-02
4.311508601864728896e-02
4.266756214709895023e-02
4.302894114610215925e-02
4.261470081378623126e-02
4.295666548826231751e-02
4.193960724113024452e-02
4.138883935008457610e-02
4.289084260200613785e-02
4.320862331924475719e-02
4.234488100187350224e-02
4.261221431588092801e-02
4.320073012347322439e-02
4.313143790939867606e-02
4.346670484638760767e-02
4.319749259957941789e-02
4.261019726801095614e-02
4.320248983816779575e-02
4.291573908176901653e-02
4.251768054012344811e-02
4.346029981574764389e-02
4.298539022530690340e-02
4.285786114512284140e-02
4.292572481313992189e-02
4.277683842414085891e-02
4.324922173978961587e-02
4.232452731093702680e-02
4.226470162759754512e-02
4.322440669885756898e-02
4.222785375798186053e-02
4.323642044616251429e-02
4.303070009753610925e-02
4.216722394577664124e-02
4.260829758728027633e-02
4.274911698245914549e-02
4.251095073083441256e-02
4.322103111306738188e-02
4.173953942466961109e-02
4.337780851535444349e-02
4.254483411097537832e-02
4.310493549484990805e-02
4.287924516462293667e-02
4.223132893478542815e-02
4.341856677749833526e-02
4.258623879927619926e-02
4.305511391706011437e-02
4.302273827713160026e-02
4.319030506481774667e-02
4.339640053189339208e-02
4.305431636149871510e-02
4.248710248302348114e-02
4.311638101353584829e-02
4.252308419854949201e-02
4.205260615575009964e-02
4.243886682115394909e-02
4.298606748728866361e-02
4.282087937173598147e-02
4.275258343801977001e-02
4.379089967603803230e-02
4.350029814988692900e-02
4.297644378930319531e-02
4.417800086262918535e-02
4.355442153756917262e-02
4.391616506822244859e-02
4.386292228403232407e-02
4.324987709487923548e-02
4.296385417491749292e-02
4.387256037894146643e-02
4.217691993428037550e-02
4.271295111923428117e-02
4.282893350599109583e-02
4.269911993461020239e-02
4.345466102852901802e-02
4.281569684347495686e-02
4.308473538606350656e-02
4.375332281013367963e-02
4.380736933751781803e-02
4.285541239224698040e-02
4.305724087689676710e-02
4.313645537183792567e-02
4.232732606048587864e-02
4.285651523333126878e-02
4.283056140072369344e-02
4.254952213454848975e-02
4.488644265721974946e-02
4.158437764091330729e-02
4.260793870176081410e-02
4.302145738865936764e-02
4.226553806639193195e-02
4.404503434019902547e-02
4.220084811254500717e-02
4.284149319846122794e-02
4.286414308224806291e-02
4.372697353069332493e-02
