8.931070621486035810e-01
8.927235476033930084e-01
8.940096989027759289e-01
8.941887906465304514e-01
8.941813716754180019e-01
8.948196538053290183e-01
8.939629347877329213e-01
8.947395129891768661e-01
8.943439186758204151e-01
8.932071828845817851e-01
8.946862981562584416e-01
8.937650677381494546e-01
8.945505032600273854e-01
8.940304446979709940e-01
8.949908044894036019e-01
8.951381014838313277e-01
8.941746758890010138e-01
8.937473997753400123e-01
8.947621750871410651e-01
8.949873295644572568e-01
8.943523091965324134e-01
8.950696660212995592e-01
8.942688679174120026e-01
8.937905975463376063e-01
8.931367102020815185e-01
8.952315725431220228e-01
8.948233022125390290e-01
8.950432504379388643e-01
8.944469950575864026e-01
8.946524857091673333e-01
8.937658368089165251e-01
8.948036934065495274e-01
8.926965969136224643e-01
8.945608941815086368e-01
8.948566258964087972e-01
8.951328479915798830e-01
8.943350838074265452e-01
8.934147941083010469e-01
8.942393275903479655e-01
8.940556958927379227e-01
8.949569878297926051e-01
8.939169452034217977e-01
8.932353123677190254e-01
8.942066902067202783e-01
8.940344494465304326e-01
8.949146946861581409e-01
8.939544369129408530e-01
8.941781659287475481e-01
8.938069911425686742e-01
8.938571815676265020e-01
8.938500653129575202e-01
8.943026516118379732e-01
8.942344216681576974e-01
8.934651147264676130e-01
8.934536212791321930e-01
8.942743349719450840e-01
8.947032124305820400e-01
8.948193697989550444e-01
8.950792737055088821e-01
8.950181636156431253e-01
8.927609817373231005e-01
8.937964885831582995e-01
8.942332800642817103e-01
8.948397436396243743e-01
8.931817666530992295e-01
8.951197070315491944e-01
8.949430799528753644e-01
8.940128388735512077e-01
8.940786075704034719e-01
8.934319385327317287e-01
8.936780140913131998e-01
8.937342525706761798e-01
8.934679834446433988e-01
8.948510251295773710e-01
8.937223783251760922e-01
8.930099767302572822e-01
8.943874275906211757e-01
8.942341390871839657e-01
8.950144966247750578e-01
8.943827438760594273e-01
8.922485610505384024e-01
8.947774322643071709e-01
8.963112490295974677e-01
8.938999715762724341e-01
8.944569568366668166e-01
8.940525778158081582e-01
8.940008960610810185e-01
8.951960871256762209e-01
8.941863440457868961e-01
8.945127525710506733e-01
8.941433353330168199e-01
8.943290658373787005e-01
8.934128266563678977e-01
8.942719129675648082e-01
8.939050741127696487e-01
8.947878328303302542e-01
8.938354429486641273e-01
8.944333484343192087e-01
8.934225480770549011e-01
8.949194683538901351e-01
