1.750021591994086190e-01
1.752318500083735464e-01
1.766579123357936987e-01
1.756122186331029733e-01
1.754822461088522134e-01
1.766015700157306245e-01
1.743588002138530824e-01
1.754813136797496453e-01
1.768968270837901757e-01
1.756480050667640902e-01
1.752929299364791582e-01
1.753625467079947264e-01
1.756746357003056425e-01
1.754788228917339432e-01
1.753968805053634783e-01
1.767518011344579310e-01
1.754210288221446368e-01
1.764492570960307649e-01
1.745936164675752633e-01
1.754935835190969406e-01
1.767223520133447412e-01
1.756509906064885607e-01
1.752714098426879641e-01
1.759583549415445480e-01
1.747952658629823297e-01
1.757444058526749509e-01
1.758720580864629457e-01
1.757891025869512402e-01
1.754491393182284475e-01
1.754975290461571469e-01
1.770213362113904898e-01
1.758465518385288195e-01
1.766297583716824326e-01
1.762912971225236991e-01
1.760299527042402112e-01
1.751689898479568408e-01
1.773198830861801023e-01
1.757251780881915471e-01
1.768125585217871498e-01
1.767976999465476207e-01
1.761486387764414352e-01
1.765190950954090843e-01
1.763099541058122111e-01
1.764670952766370093e-01
1.757029933168055558e-01
1.753993129265958295e-01
1.752861127083654158e-01
1.758841861420974428e-01
1.767595813234296986e-01
1.769633845440655162e-01
1.749470005756270652e-01
1.755893862573710273e-01
1.759790890152315435e-01
1.749869793796787754e-01
1.757191006811927303e-01
1.762319720604146878e-01
1.758128773916977361e-01
1.744625736813338601e-01
1.760512157392189192e-01
1.756137045994784485e-01
1.751964388692451580e-01
1.748590995950108085e-01
1.752986546989532823e-01
1.741003136331126799e-01
1.765731101806559122e-01
1.759570049745086684e-01
1.770199715001526952e-01
1.768464253438321032e-01
1.758331142631706923e-01
1.773165920305337095e-01
1.759848089011386008e-01
1.760251432536318883e-01
1.759841302401680962e-01
1.764642981937527555e-01
1.760561157519185682e-01
1.757171186155137566e-01
1.759433065036462018e-01
1.761600535447037652e-01
1.755734798313669520e-01
1.772150666176952327e-01
1.759662871708083109e-01
1.755940970961229475e-01
1.752388230322252660e-01
1.750367905773946298e-01
1.764551249797354227e-01
1.758203499513701917e-01
1.756916555573254657e-01
1.754226736937237185e-01
1.761016581557885707e-01
1.757665444667119437e-01
1.754334896166822033e-01
1.757787984296501071e-01
1.757737090156850646e-01
1.762745378691933373e-01
1.752128194198528388e-01
1.753336166078222069e-01
1.773712985810908527e-01
1.769765336314530757e-01
1.749630121355830181e-01
1.760738602178422429e-01
