9.165473665609589204e-01
9.172864874288148007e-01
9.180892634762050086e-01
9.164173298986966198e-01
9.174065635207691027e-01
9.166489102597492611e-01
9.173462714338969093e-01
9.175818983416850205e-01
9.163353496141641852e-01
9.167568088780455593e-01
9.176391681590492233e-01
9.171464627477832199e-01
9.172749036962970504e-01
9.168039735126827239e-01
9.165525723228535870e-01
9.162990385973543983e-01
9.173472009938063998e-01
9.172295803332344288e-01
9.172593404992981370e-01
9.172909970196690965e-01
9.172103121974424234e-01
9.171722994805504570e-01
9.159286293574711024e-01
9.171262789428485940e-01
9.174952273689532811e-01
9.180274196623466887e-01
9.180935404757081253e-01
9.186412528242874354e-01
9.184074735162037761e-01
9.175727821298746978e-01
9.175965945157906756e-01
9.169993416934265618e-01
9.176445765544962718e-01
9.169965109671915915e-01
9.173672843728373216e-01
9.167031969053298646e-01
9.164932246904420321e-01
9.180894134347398206e-01
9.166991106007842394e-01
9.176117177618285936e-01
9.167779382069854988e-01
9.182323733220820738e-01
9.168945186446090245e-01
9.175953118187940571e-01
9.165725448612468407e-01
9.182164765645788318e-01
9.167572762352691473e-01
9.180963230435678080e-01
9.176401481344101940e-01
9.179560564433405512e-01
9.182902112100861380e-01
9.163266753667018705e-01
9.187934386978524604e-01
9.166116091111695674e-01
9.179331199935416574e-01
9.171901967375245546e-01
9.173562769106544668e-01
9.181356554394477509e-01
9.181886159405450165e-01
9.177978151407022445e-01
9.172072664189099278e-01
9.187986548894986338e-01
9.177543233185544436e-01
9.169716981127127298e-01
9.170859986064676672e-01
9.169762652377291268e-01
9.168199234415959076e-01
9.175789460167258493e-01
9.175457575183083581e-01
9.176020714390333843e-01
9.180188397026682878e-01
9.167705681122367833e-01
9.171625259585070022e-01
9.169857139552874958e-01
9.186542006260280946e-01
9.166694380523389141e-01
9.168448694359506712e-01
9.175560573869390169e-01
9.171236117884218331e-01
9.176311612252130434e-01
9.183163456687462034e-01
9.181588003802843012e-01
9.183479673956959077e-01
9.170794440347829202e-01
9.167283787019524510e-01
9.173231339993238587e-01
9.178270597862584479e-01
9.180480010151459425e-01
9.177037670146241943e-01
9.179236409893960502e-01
9.165458567047395366e-01
9.179421407974978075e-01
9.187042348587421969e-01
9.178919717582985083e-01
9.170541589091665280e-01
9.181627933109733908e-01
9.164832301095380274e-01
9.173838732199064427e-01
9.188718875421770793e-01
9.175596196384713243e-01
