9.559048136950806240e-01
9.562489700312836183e-01
9.565284198418270156e-01
9.564362647354754943e-01
9.572231692379958856e-01
9.563973959185698703e-01
9.561220955293767698e-01
9.573541456789493864e-01
9.557689571840243259e-01
9.561256690238021383e-01
9.565211888370032112e-01
9.568982747572616354e-01
9.558608589332155958e-01
9.572745373527651314e-01
9.563282353051942852e-01
9.568892336213999927e-01
9.558788995864035964e-01
9.562225035515150573e-01
9.578241877228110823e-01
9.572442476023719227e-01
9.564266478027085849e-01
9.560763214153692457e-01
9.556755750125836002e-01
9.563403422694859435e-01
9.568869306260892049e-01
9.554504608218326034e-01
9.557176426739495412e-01
9.566434589487438078e-01
9.563111505929148271e-01
9.561884680144041582e-01
9.563456967452386159e-01
9.562788023019483941e-01
9.565093611037547294e-01
9.559372312683804829e-01
9.555557488627455243e-01
9.563573755995100623e-01
9.558719993671257464e-01
9.567572855348914773e-01
9.569603589651771713e-01
9.571301768505584562e-01
9.556282956347891266e-01
9.560879956408045999e-01
9.556332114764294339e-01
9.568036265226051995e-01
9.560431870042445102e-01
9.548043016894423030e-01
9.567281511671280603e-01
9.563872581939117934e-01
9.564201979835353917e-01
9.561701184175019907e-01
9.562930538771969857e-01
9.572589544618508306e-01
9.556566041231098207e-01
9.561270562775996407e-01
9.557770814272636972e-01
9.564475518031927415e-01
9.554392982074287888e-01
9.562514209287318323e-01
9.562162153071818160e-01
9.558793481974355855e-01
9.555855428938621055e-01
9.562689300421456373e-01
9.550730668833198322e-01
9.563597571720203749e-01
9.556442945366323549e-01
9.569390165279841876e-01
9.564263662046860182e-01
9.562960107898470508e-01
9.560725171512605147e-01
9.566987903929600190e-01
9.563194486092736479e-01
9.557797579946211153e-01
9.565975008020457526e-01
9.556735000685910864e-01
9.564250726775885836e-01
9.560127931315323124e-01
9.556282142167281668e-01
9.557182858234274381e-01
9.568969488419094560e-01
9.566913614544625410e-01
9.557323057621923690e-01
9.563740379879428488e-01
9.567277932588089673e-01
9.562286231800700698e-01
9.556712330213990025e-01
9.560824220195094370e-01
9.559308558370778197e-01
9.571936294589941108e-01
9.568318760049827620e-01
9.566596138013283568e-01
9.560404913840292451e-01
9.550245021397431033e-01
9.560914735144353527e-01
9.561952929080432817e-01
9.563142700569161603e-01
9.569016032064230348e-01
9.564507870538194734e-01
9.561526503425468171e-01
9.575647153331705574e-01
9.554156483619642426e-01
