4.279510548228335209e-01
4.278185979680895201e-01
4.291476622391585671e-01
4.284984206893015513e-01
4.281933460136315706e-01
4.286917708907147517e-01
4.288600547418068842e-01
4.290526360127397409e-01
4.284566380250189876e-01
4.295130793894864074e-01
4.281797859052978161e-01
4.292685482552259790e-01
4.286836955303711671e-01
4.273010883921946057e-01
4.275172366549098157e-01
4.279171194125690469e-01
4.286986262695564598e-01
4.282704580469348654e-01
4.280343209852118802e-01
4.283022825643643117e-01
4.282834816603694472e-01
4.288098907872648358e-01
4.277592725897157999e-01
4.281059454297048150e-01
4.287275008378850782e-01
4.272662402851319374e-01
4.279373051215209500e-01
4.290398927637745774e-01
4.291008554932836949e-01
4.281276854278165955e-01
4.282637922859560131e-01
4.282510779505224185e-01
4.285687887082783032e-01
4.285714437258794085e-01
4.275975222947570598e-01
4.284815660702502305e-01
4.278292988042537992e-01
4.284233535842704166e-01
4.282963597856091487e-01
4.286190060676687286e-01
4.279004785423329293e-01
4.292637003093944248e-01
4.291377938035956796e-01
4.285074771423356133e-01
4.291765868079557844e-01
4.277317880209002832e-01
4.292748081432846141e-01
4.281101664975665022e-01
4.296149349658375249e-01
4.278426215982638614e-01
4.289839627535367850e-01
4.282038761522257708e-01
4.286320339569577031e-01
4.281728957646988021e-01
4.277589922206060935e-01
4.289957574150057296e-01
4.279152621947656110e-01
4.284440965256827716e-01
4.280031997549972322e-01
4.296136217072878405e-01
4.282888154432150651e-01
4.287465018667536709e-01
4.291650740575635448e-01
4.284185462777576614e-01
4.297512172000843012e-01
4.277684812887633803e-01
4.279505943396565426e-01
4.282467987081803873e-01
4.288366805644940882e-01
4.294840001772712856e-01
4.276808839514791849e-01
4.290916058224641394e-01
4.274513007183095570e-01
4.280674098036478803e-01
4.286066270568738013e-01
4.290905080543951367e-01
4.285614312969974193e-01
4.278298681189566244e-01
4.295921259588382779e-01
4.300427175152811143e-01
4.289325080828669812e-01
4.299201252262523365e-01
4.287646512343964988e-01
4.296829816688688686e-01
4.281657255844137921e-01
4.280179565404163555e-01
4.274982704758577001e-01
4.287299347234834745e-01
4.275980723914201698e-01
4.284152205201683383e-01
4.280639378491785108e-01
4.292370592176786293e-01
4.280492625342448010e-01
4.283878857243144100e-01
4.278090955284835628e-01
4.291957847682901228e-01
4.286367774547159559e-01
4.284280281076016106e-01
4.292758962702591941e-01
4.280881970924577118e-01
