2.495575255202254206e-01
2.497087633207482060e-01
2.496959724015348769e-01
2.499210712864337602e-01
2.494957582346352676e-01
2.506609456616984977e-01
2.503211380313780654e-01
2.507865489413075855e-01
2.500989403721803894e-01
2.501182967500609200e-01
2.499055393863652275e-01
2.506902365106128960e-01
2.496465058321264419e-01
2.499815212068534076e-01
2.499528243368688285e-01
2.498330064322815680e-01
2.497461671072503941e-01
2.503807954622100929e-01
2.493910247517373002e-01
2.513720397332706025e-01
2.504090105549899858e-01
2.506204239660450583e-01
2.508561345448664381e-01
2.495217315097778554e-01
2.501277342551653238e-01
2.509602609374768645e-01
2.510286240476063968e-01
2.502151200162581191e-01
2.496860985036741254e-01
2.496411672795172121e-01
2.516045951475459619e-01
2.501386882081343965e-01
2.498134857548986454e-01
2.516299576848204378e-01
2.487692753580144911e-01
2.499355414475201154e-01
2.498571784830989351e-01
2.504149426886790875e-01
2.499026366865010340e-01
2.512639732478949561e-01
2.509092229219188619e-01
2.510414082270972513e-01
2.503468513026785303e-01
2.503092746379728117e-01
2.506937824713583174e-01
2.503648536828683713e-01
2.498969263437128552e-01
2.497957702766812893e-01
2.492990942723388170e-01
2.498565868750741437e-01
2.506380674074425441e-01
2.499671251452784404e-01
2.484879173168200450e-01
2.501841193826074838e-01
2.510918104085764213e-01
2.502092301266917174e-01
2.491839471089766778e-01
2.502618108315541323e-01
2.503976348413947672e-01
2.492165916216946275e-01
2.503948773429226504e-01
2.502710699314713572e-01
2.500251905864270263e-01
2.502815628534564296e-01
2.501339202144233220e-01
2.497211619760790480e-01
2.501325475326422465e-01
2.496313367267885552e-01
2.508294099250736320e-01
2.495660879830942369e-01
2.498926722273721035e-01
2.500078241109826571e-01
2.505643460637341224e-01
2.508875595684808557e-01
2.508657195697719944e-01
2.497123219632719771e-01
2.499773551364101731e-01
2.503132906803307578e-01
2.495088377819562608e-01
2.500411120247578722e-01
2.516004803662208467e-01
2.503695854489091932e-01
2.503666143312007208e-01
2.503120285230077124e-01
2.500917910388002485e-01
2.495509350673829063e-01
2.489355081881055032e-01
2.500519282561498580e-01
2.495011262155666654e-01
2.504676918719992429e-01
2.503009781214721730e-01
2.498730260124335523e-01
2.501297586562034603e-01
2.515490045170650224e-01
2.505153306509386724e-01
2.501972419710436490e-01
2.515272515540772913e-01
2.503701664949948835e-01
2.510279931728319203e-01
2.502080164933648265e-01
