7.156171551762848804e-01
7.175858303740411115e-01
7.166291588401274559e-01
7.167476230190190645e-01
7.175676386946742147e-01
7.171821605012975720e-01
7.169126115788989617e-01
7.164635645876944459e-01
7.165458206602666191e-01
7.168685108241203974e-01
7.154289113894471974e-01
7.157699358089389952e-01
7.167041804915371683e-01
7.158218658565792536e-01
7.148036596455696889e-01
7.155476096865814872e-01
7.170716239127935543e-01
7.157347660194508521e-01
7.161677939791353253e-01
7.158854733706014883e-01
7.166611633801521775e-01
7.162417433794986410e-01
7.166408989448938005e-01
7.163118837035190589e-01
7.169713334590179787e-01
7.165267828291784769e-01
7.169587133532142609e-01
7.157907401307743722e-01
7.166261042219816968e-01
7.171640711740505658e-01
7.168248591222364796e-01
7.169071406876631469e-01
7.166848112750281441e-01
7.153141026903176991e-01
7.165707572251246438e-01
7.169523793662411215e-01
7.162444851613090080e-01
7.160825099059174859e-01
7.164576990044496663e-01
7.159848229593031022e-01
7.171526695262995243e-01
7.162911805107341490e-01
7.152231208830375220e-01
7.161287630919114244e-01
7.158000083729065821e-01
7.170615896438011783e-01
7.158686973264378750e-01
7.164322269057338266e-01
7.176028682027757455e-01
7.166066479642029252e-01
7.162691160151786196e-01
7.161270581740486474e-01
7.158632337794770262e-01
7.168655137292265778e-01
7.170896844057270680e-01
7.157333087000901095e-01
7.171400659328298621e-01
7.159475038830428462e-01
7.169997822425906442e-01
7.160827930930653284e-01
7.162033569398225108e-01
7.159589527802181497e-01
7.156258856576875882e-01
7.152778367431331663e-01
7.163121339485970518e-01
7.160374634811956795e-01
7.161693676587771451e-01
7.178865278122665838e-01
7.169408219038162500e-01
7.168325000119967205e-01
7.177691808022126363e-01
7.168071986458165457e-01
7.171559690831982303e-01
7.162339394681660476e-01
7.172615262500645628e-01
7.158869575205458746e-01
7.168014084628379079e-01
7.166034182061695734e-01
7.164915344371978190e-01
7.168594073191161264e-01
7.165428078594726635e-01
7.171159023168827140e-01
7.168636258898939406e-01
7.162556332637437517e-01
7.166795820922503557e-01
7.162716702457265772e-01
7.168605201046301945e-01
7.162907029170991757e-01
7.166965996770817693e-01
7.164254875624157526e-01
7.170170486758207229e-01
7.179130948336568396e-01
7.166389740907571637e-01
7.166703453267320167e-01
7.149877813438715313e-01
7.167355714221983476e-01
7.161939056513020319e-01
7.163870205125091317e-01
7.165096759452938002e-01
7.165926492896199651e-01
