9.874487286369342254e-01
9.876701194514579951e-01
9.882644617573821400e-01
9.878450028878460465e-01
9.881490927764211563e-01
9.881985279175033998e-01
9.887271248318635353e-01
9.871186890383356616e-01
9.876550200200711060e-01
9.885516615699696530e-01
9.881550526784852462e-01
9.884374214432691819e-01
9.879801496138511663e-01
9.885030948784816474e-01
9.891988965622259267e-01
9.879590958861417249e-01
9.887939006173247503e-01
9.879588300094608311e-01
9.883508020870244160e-01
9.873254127937420854e-01
9.883052842898740753e-01
9.885850639817149732e-01
9.878266866335889684e-01
9.889077917676361018e-01
9.875201817476555455e-01
9.880600214754925448e-01
9.879370933668787380e-01
9.877542319510664859e-01
9.895918789458247877e-01
9.886480602664995398e-01
9.877380778060285138e-01
9.882816354569822215e-01
9.873809195553531204e-01
9.886563394343304001e-01
9.865616141768416281e-01
9.894070314436709257e-01
9.874671639440262272e-01
9.892263595853909575e-01
9.882619891268575874e-01
9.884461038701310986e-01
9.878570570975748755e-01
9.877811926810581289e-01
9.876453842234362845e-01
9.871088101733495046e-01
9.889887386674990344e-01
9.877183581766449949e-01
9.872802338370376685e-01
9.869403600172332869e-01
9.881829289552210849e-01
9.876761202914663418e-01
9.889926831505337912e-01
9.875468960753298608e-01
9.884791572206278465e-01
9.882614072219433332e-01
9.878623227212577351e-01
9.879404348487090815e-01
9.876976710308140728e-01
9.880520511691167629e-01
9.882152053805759451e-01
9.877530826173642753e-01
9.871898419536866420e-01
9.884393226452251602e-01
9.872852804094220946e-01
9.887429133178735619e-01
9.887263998137312271e-01
9.878636586973843503e-01
9.873543961886090958e-01
9.897720635979057047e-01
9.878114308643322072e-01
9.878174767341032503e-01
9.876370421280965539e-01
9.882312571308298210e-01
9.879696378333844287e-01
9.872465843776523364e-01
9.871184919135431723e-01
9.887130940873938290e-01
9.878328040578778779e-01
9.870440190343033882e-01
9.887307683601063157e-01
9.891401152105916417e-01
9.885123427671049789e-01
9.885999478788465300e-01
9.885154113718399582e-01
9.876232607960102605e-01
9.883586421035920333e-01
9.872808957680230257e-01
9.886654264584731067e-01
9.880267079503962657e-01
9.877141285036559193e-01
9.878838507393127299e-01
9.872634539193841929e-01
9.883479245342682296e-01
9.888328078270723909e-01
9.873414254702324033e-01
9.863917736912932721e-01
9.876438533834843714e-01
9.883523699127624296e-01
9.884394407572745234e-01
9.883226492557029008e-01
9.874525987571294294e-01
