8.724118813940536787e-01
8.714260050474806896e-01
8.713986809688729629e-01
8.709447933954574950e-01
8.708397107830727624e-01
8.715629561064834885e-01
8.711540255907297414e-01
8.713713752843205151e-01
8.702320270987456974e-01
8.707675664170863028e-01
8.728834834276173460e-01
8.709512342250889105e-01
8.720044451776022276e-01
8.715185572204444675e-01
8.714486367601154138e-01
8.714066700864648851e-01
8.719424829007227373e-01
8.722619459051870194e-01
8.716153538122717315e-01
8.718454107897432026e-01
8.731044972333565912e-01
8.722703811881870051e-01
8.712409469215143254e-01
8.715948734131422349e-01
8.712994760292038787e-01
8.722447794556239531e-01
8.721141716865722371e-01
8.714310600494431513e-01
8.727666516197438717e-01
8.716651237535146812e-01
8.725936036796344553e-01
8.722750444114135693e-01
8.708708324615487273e-01
8.721022419737668452e-01
8.715187851299862620e-01
8.714039931685917395e-01
8.715830943795583874e-01
8.726141594943741531e-01
8.710101209581737614e-01
8.708433052907980088e-01
8.719964914616976648e-01
8.720305096671022715e-01
8.721792848153260280e-01
8.725190949656476125e-01
8.705770114070021659e-01
8.715590031117598224e-01
8.723509635577428867e-01
8.715198737774967341e-01
8.714547617585168826e-01
8.711358127981468913e-01
8.713110860542513381e-01
8.710427271960266005e-01
8.710010324000818649e-01
8.721863759924668447e-01
8.721932686147939595e-01
8.716839562804951091e-01
8.725219419692127332e-01
8.725298539329009451e-01
8.723655344967258252e-01
8.721653360714267667e-01
8.728066495606972008e-01
8.716471830460024162e-01
8.719606797222441141e-01
8.716581293781799911e-01
8.712690417947902555e-01
8.720629500053526106e-01
8.713856088082495566e-01
8.728756533922786831e-01
8.721266588163211209e-01
8.727421819486937959e-01
8.706367019587021305e-01
8.718100552023995142e-01
8.725879125411779569e-01
8.717170106059672907e-01
8.706368521253771142e-01
8.718113450816811216e-01
8.711115514661795789e-01
8.715379641416203249e-01
8.721758949106959147e-01
8.723665351496299181e-01
8.724753472558499645e-01
8.714257358773875861e-01
8.716618675281544437e-01
8.714244917931204260e-01
8.719390738481338499e-01
8.714893303728901142e-01
8.715161066069501139e-01
8.712727158449214970e-01
8.720081668620628390e-01
8.713699641845704669e-01
8.724595261866526785e-01
8.708654332688798849e-01
8.714262745571776936e-01
8.714004551599634496e-01
8.713330323346368811e-01
8.721533219925849956e-01
8.728987070908754697e-01
8.720520964649494111e-01
8.713216966643306804e-01
8.715840504173140157e-01
