8.652161887995427625e-01
8.659127631349625709e-01
8.661093905143240068e-01
8.671675408947893127e-01
8.658916301593990728e-01
8.664231747834337805e-01
8.684448080293365457e-01
8.673417685092030815e-01
8.677218822298440326e-01
8.672126912165581958e-01
8.672644309534515150e-01
8.666724633652500565e-01
8.680222173362579507e-01
8.673680079411185684e-01
8.670852935505309889e-01
8.662528004452146879e-01
8.666768502383102035e-01
8.665484731802084450e-01
8.675102251547446297e-01
8.664841116953453382e-01
8.658557678806582114e-01
8.669727720920390457e-01
8.671661156108197988e-01
8.655039409676801299e-01
8.667785078857819236e-01
8.670999549287277119e-01
8.663806020486599646e-01
8.667661506073636168e-01
8.669184475696671832e-01
8.657212953832682523e-01
8.664903848517460094e-01
8.672286824693096197e-01
8.668796004735870309e-01
8.667808040119950874e-01
8.668066507818719124e-01
8.669036659616208285e-01
8.664649659575176521e-01
8.662762651329967145e-01
8.674336660405836952e-01
8.671621123124143571e-01
8.672524737150176799e-01
8.670308906433522589e-01
8.665764268479330124e-01
8.674099758908546676e-01
8.656092700702002762e-01
8.662708077803370488e-01
8.674484345568631571e-01
8.658747600688694313e-01
8.673000901270879748e-01
8.664648791779981929e-01
8.671954890651334402e-01
8.671271705642533689e-01
8.658550637521554849e-01
8.667211101520522210e-01
8.667271122324603505e-01
8.673661193929436131e-01
8.667832587446924197e-01
8.673975415468687666e-01
8.670947475883429290e-01
8.666754960651470441e-01
8.668773606603471515e-01
8.656888694548234842e-01
8.678488746288572919e-01
8.667298017310407499e-01
8.668998910218832510e-01
8.661175083461665203e-01
8.669884602757543801e-01
8.661395181654623077e-01
8.659241107263575543e-01
8.679919717288242520e-01
8.674049592609833770e-01
8.666093273791477536e-01
8.665015753334696091e-01
8.682990916422557159e-01
8.668240237566198214e-01
8.669613585677951040e-01
8.674390448814222054e-01
8.664384564879453743e-01
8.663120759076340383e-01
8.666031225677157668e-01
8.667958197496521411e-01
8.667975311429125806e-01
8.660916633202434545e-01
8.675091961050898082e-01
8.669406424088337282e-01
8.680934561469939581e-01
8.668526136216998523e-01
8.661782928080329347e-01
8.673300901583093081e-01
8.677323344169678432e-01
8.678140759237632507e-01
8.672820855279517183e-01
8.668624166795988462e-01
8.672725778885166381e-01
8.671191737622572226e-01
8.661262198692888381e-01
8.662215553033570936e-01
8.666908915605482377e-01
8.668342088378642174e-01
8.661044963128878837e-01
