8.117458044938489214e-01
8.121766471194360459e-01
8.130070326896452482e-01
8.131271213013118171e-01
8.131539240374904276e-01
8.126240848406998118e-01
8.126715927246906945e-01
8.130295879908546741e-01
8.133966978104461010e-01
8.128378723791409577e-01
8.118633583941369247e-01
8.126308266621593557e-01
8.117568045938087229e-01
8.129412091186771772e-01
8.126077564806762910e-01
8.124479735448975060e-01
8.122750635833817512e-01
8.128627575825064788e-01
8.132850087652854221e-01
8.126128632157623155e-01
8.124024247887197125e-01
8.126921217236959816e-01
8.124922895111534871e-01
8.124994353582007944e-01
8.117025580282376529e-01
8.121120313161167559e-01
8.132319926121964748e-01
8.139777845609281748e-01
8.130813852215181825e-01
8.123482847799849971e-01
8.132504698056306491e-01
8.133047489707538880e-01
8.136707658128261578e-01
8.123148584265744709e-01
8.131035529079577717e-01
8.133769761447184887e-01
8.127633322460139365e-01
8.128845985901054227e-01
8.135836431946301683e-01
8.130134172219387612e-01
8.127234081271648147e-01
8.129244882174262443e-01
8.119368491067212590e-01
8.128798534965839817e-01
8.119992228876555806e-01
8.117580875970564769e-01
8.129774175472410658e-01
8.131039581580892239e-01
8.120736917047730596e-01
8.127688430307229428e-01
8.126268530436597803e-01
8.119306607633898221e-01
8.131658350303097027e-01
8.118900937559652142e-01
8.121298917272331552e-01
8.116856224217539051e-01
8.127159775691685795e-01
8.129182950762086080e-01
8.129300663729797094e-01
8.129795287251606606e-01
8.115697879643118950e-01
8.124046302421088495e-01
8.126902921929139989e-01
8.126011666976160619e-01
8.126026812125457521e-01
8.119164839687607049e-01
8.137359745867350780e-01
8.121989530258687529e-01
8.117930527823313813e-01
8.123016776956455409e-01
8.121267781317942358e-01
8.129312850002831103e-01
8.121520357147924418e-01
8.122417532704311327e-01
8.124704626186212142e-01
8.118080017966249340e-01
8.128582504783953278e-01
8.126098907978638319e-01
8.116548220607805453e-01
8.133396369606533671e-01
8.129752170987385451e-01
8.120147057317461670e-01
8.130155223575301626e-01
8.132012801263532875e-01
8.126345035138387018e-01
8.128842795041769653e-01
8.130599935459286165e-01
8.126377442937134932e-01
8.125486426008010632e-01
8.118899270480226527e-01
8.132895947545728532e-01
8.118463051179568568e-01
8.125505634371961161e-01
8.135525686459671446e-01
8.124080419038010037e-01
8.115582220653523304e-01
8.118211792943770266e-01
8.134863302412544961e-01
8.120216001631347380e-01
8.124195480200470110e-01
