2.773160011234149236e-01
2.764629433047294249e-01
2.779321526555229016e-01
2.776993350571317354e-01
2.778779119524723007e-01
2.781338221879284256e-01
2.774910016886950048e-01
2.770941818689430236e-01
2.761994449250488315e-01
2.770262557129768988e-01
2.769427339023997625e-01
2.781325690375308080e-01
2.781948437712726263e-01
2.766758939768979575e-01
2.775968434048076139e-01
2.771183649399953652e-01
2.771143109217346634e-01
2.780082259164301517e-01
2.786836555272033666e-01
2.767784235400204129e-01
2.762278799672555074e-01
2.775805592920281284e-01
2.767970329772823646e-01
2.773537310637080866e-01
2.775942335061015731e-01
2.766703794124272253e-01
2.780791458563396379e-01
2.774290857050273895e-01
2.774588300804194940e-01
2.783336761875386256e-01
2.771298761365114660e-01
2.778653027072660597e-01
2.765916481458533527e-01
2.781693765303285826e-01
2.781223499224521611e-01
2.767490042806627915e-01
2.769313737008640142e-01
2.775491517767136318e-01
2.765158241795163674e-01
2.770847367293222119e-01
2.767704203417901687e-01
2.774446472486419846e-01
2.776589466908234161e-01
2.768243871777728571e-01
2.768084282591000145e-01
2.769255008557645059e-01
2.773764054471232199e-01
2.771630295307801473e-01
2.768167133919298695e-01
2.775559404229753779e-01
2.768664694555785788e-01
2.778755263976878664e-01
2.770769074922171948e-01
2.771553803364358304e-01
2.780169385861616105e-01
2.781733324530294427e-01
2.769643445627126277e-01
2.773299640474798378e-01
2.768371179039561536e-01
2.772734539996906111e-01
2.787293146646179220e-01
2.772283116840927875e-01
2.778536673907353594e-01
2.772373249320029265e-01
2.776639779525351126e-01
2.776593568187792904e-01
2.780384090787761941e-01
2.772041803788586334e-01
2.767190105833040592e-01
2.771947068046853868e-01
2.769225454814041587e-01
2.780006355956940456e-01
2.775886513960051372e-01
2.772908575762706995e-01
2.764966437304614555e-01
2.767638281907559561e-01
2.771621471299147710e-01
2.770890631572701102e-01
2.775882070697434090e-01
2.766713786447170809e-01
2.770390600913150148e-01
2.779802138047993143e-01
2.768144897900829959e-01
2.767096169239233738e-01
2.773943019000496557e-01
2.781780296957076515e-01
2.780678399261893308e-01
2.758331421271607020e-01
2.765694940324357476e-01
2.773283189298074713e-01
2.769007581320513389e-01
2.764216681457898339e-01
2.766585761646745967e-01
2.765036576581773042e-01
2.764106912617265155e-01
2.774177400393251225e-01
2.764316262192602069e-01
2.766714906255940409e-01
2.772085868466226399e-01
2.771430378645338144e-01
