1.050697017097194652e-01
1.059946808007200536e-01
1.060753017641765661e-01
1.055279259132789194e-01
1.070397033707835982e-01
1.070302975226971043e-01
1.067112513558430009e-01
1.067948848170165999e-01
1.057395977964006167e-01
1.064711922396694432e-01
1.058138400965528275e-01
1.055520987971101665e-01
1.062521601770104185e-01
1.058055419378000489e-01
1.059773130938685692e-01
1.065330290242323397e-01
1.065213805333628805e-01
1.068432755087788816e-01
1.059816526443019130e-01
1.069031110146226732e-01
1.073766472305016095e-01
1.070021715245172422e-01
1.069694577076975572e-01
1.073471549237519085e-01
1.055566981130932475e-01
1.074083821744929446e-01
1.062937947507706926e-01
1.061698686562242561e-01
1.063134381776988935e-01
1.053329042737026905e-01
1.060124771365665297e-01
1.061150173045398437e-01
1.061145840724379563e-01
1.071619482869498735e-01
1.065675931958529193e-01
1.067112629648593880e-01
1.068008387526519221e-01
1.058209946037181881e-01
1.060673217449330519e-01
1.058665244343302558e-01
1.074427615508426748e-01
1.073989442080957590e-01
1.071282376214307969e-01
1.058224477846796685e-01
1.058628312325030768e-01
1.063455941958918322e-01
1.068876134130605920e-01
1.059546599896272617e-01
1.065335755535294776e-01
1.065117259334431021e-01
1.064430215217223030e-01
1.060501961934532389e-01
1.064747430996926814e-01
1.055859839242961340e-01
1.064413271596986732e-01
1.065440923582983701e-01
1.068078051469574657e-01
1.074613797458893460e-01
1.059136340000529503e-01
1.055160796738613960e-01
1.059039141490353969e-01
1.075112046155435319e-01
1.060852027360931205e-01
1.056075940624752463e-01
1.056346826349427448e-01
1.075946795030849751e-01
1.060804190563807564e-01
1.069924205957417385e-01
1.078655721082932978e-01
1.073854249102601660e-01
1.075181762772079719e-01
1.058775253682202599e-01
1.063312084097929044e-01
1.068035338096717385e-01
1.056250092772570703e-01
1.061241001694901154e-01
1.060716683609011085e-01
1.057951252056376773e-01
1.061156512225262805e-01
1.071342959930905586e-01
1.075398115737645488e-01
1.061876684473903043e-01
1.059713676024493928e-01
1.059106092034503011e-01
1.069233355781073480e-01
1.066321321712981884e-01
1.073466906961695055e-01
1.068589243204753625e-01
1.068829598308259216e-01
1.062251423432769848e-01
1.056573774553238587e-01
1.062747527920709090e-01
1.067117641356648827e-01
1.054776603810100438e-01
1.066550007826372187e-01
1.052955901107899966e-01
1.072573279347491249e-01
1.070299808184920903e-01
1.058036504653559612e-01
1.068666995193507108e-01
