1.624144216468768054e-01
1.640637031088784392e-01
1.633266757633783373e-01
1.644547710940740259e-01
1.633892331984396484e-01
1.641136859232759093e-01
1.633933326281051535e-01
1.637253134827562073e-01
1.622972329442023409e-01
1.626928165356243405e-01
1.635362627968775517e-01
1.637125567070761845e-01
1.635858582826100749e-01
1.633813176731586103e-01
1.647391827812187404e-01
1.632915337989315208e-01
1.634236099469174863e-01
1.632143771865179893e-01
1.639273988545266181e-01
1.633938813995939876e-01
1.639168715898632334e-01
1.623255370302249256e-01
1.622751910290063382e-01
1.638939038867222031e-01
1.644419677467924834e-01
1.644715256324660313e-01
1.624332674231347973e-01
1.626547972679107112e-01
1.623134951164864614e-01
1.632894291643273432e-01
1.623480711349411520e-01
1.644223347905359733e-01
1.647834366070471401e-01
1.640589098607095897e-01
1.631246566941215725e-01
1.633937605501014634e-01
1.635808615971607038e-01
1.649687575728128464e-01
1.637363589812753928e-01
1.632047694213470956e-01
1.646958615261804038e-01
1.639760163509288993e-01
1.641416657156457293e-01
1.633927312792314290e-01
1.638711505922755274e-01
1.634201008135313660e-01
1.638241161663165357e-01
1.637687834036077317e-01
1.645650451947329174e-01
1.640914596224804511e-01
1.635865017372676866e-01
1.630717102581769329e-01
1.637196724828613448e-01
1.632237933589911205e-01
1.635755482811754313e-01
1.633112349572085620e-01
1.640888631860792368e-01
1.656636055566669818e-01
1.639126324009353430e-01
1.639459499596389591e-01
1.644614993448569318e-01
1.633676835104453384e-01
1.641501178035843778e-01
1.648996623656476257e-01
1.629210522601496069e-01
1.641105220461654968e-01
1.648426007682734507e-01
1.630351981907695591e-01
1.632672634066246464e-01
1.646186470174929584e-01
1.641860345235965080e-01
1.630514434596698481e-01
1.640037253650463434e-01
1.636398115891056215e-01
1.644204434803153703e-01
1.637662065894196495e-01
1.640227806153740642e-01
1.639851043107977691e-01
1.632774456638651506e-01
1.640627736018916427e-01
1.636229260986253875e-01
1.642212658016932447e-01
1.631429489440620884e-01
1.636121044112871792e-01
1.644341457524760020e-01
1.637577723771505289e-01
1.631708891688392060e-01
1.644768878015780422e-01
1.632028664793125916e-01
1.629975325638631511e-01
1.633281210702325903e-01
1.635980484336799490e-01
1.634590500402105240e-01
1.637240415152794171e-01
1.638777343288158050e-01
1.637585407101475043e-01
1.643963970730790425e-01
1.633158182029231242e-01
1.649296040271832076e-01
1.633995222571446304e-01
