8.434461501012108231e-01
8.454053467706013070e-01
8.462251377498545279e-01
8.455398909195472879e-01
8.443318503585341972e-01
8.449437759776609047e-01
8.454764592781713883e-01
8.459315237646525265e-01
8.448328596520924272e-01
8.457142106370869605e-01
8.445470586059669049e-01
8.459275488458859460e-01
8.454154259675492611e-01
8.445004865703943375e-01
8.446380848493566518e-01
8.445259172731900410e-01
8.442993513416094942e-01
8.459543588011827486e-01
8.463845335950320736e-01
8.453791935200414276e-01
8.456908657538246832e-01
8.454852464386920508e-01
8.450707387626370526e-01
8.458971429294459554e-01
8.454616069375924248e-01
8.454361957032874297e-01
8.449222467663315417e-01
8.455677792267308757e-01
8.454775468700018726e-01
8.456298726816668943e-01
8.461328605732993946e-01
8.449249456895012722e-01
8.448614501654900799e-01
8.453731121611555155e-01
8.448996887976043535e-01
8.454909526611695814e-01
8.462638589223803187e-01
8.449577159875724108e-01
8.456049681647104244e-01
8.452251927868218440e-01
8.462994410024335945e-01
8.462246779610146374e-01
8.463055711494310573e-01
8.463323282059866948e-01
8.450083932293973588e-01
8.460903406128708060e-01
8.463392995179104261e-01
8.456340306449117161e-01
8.464808707365869545e-01
8.454750320118651352e-01
8.447827558968830086e-01
8.444331919353800231e-01
8.458048650433727111e-01
8.449465480552890151e-01
8.451533854404168489e-01
8.445179611550581722e-01
8.455685977383626817e-01
8.443255678396213160e-01
8.451731818749679270e-01
8.452250482803473908e-01
8.460925150544577056e-01
8.452056573637182213e-01
8.458875935269078994e-01
8.459925523571573125e-01
8.453382227564364415e-01
8.470261091112591956e-01
8.464814756051528555e-01
8.449804251102541741e-01
8.456381173663239936e-01
8.439601711066007095e-01
8.452522309018360991e-01
8.445108943268501145e-01
8.461753205687233548e-01
8.461254632464070280e-01
8.446893106802729756e-01
8.471457618277880020e-01
8.450247263668041464e-01
8.453398128529524547e-01
8.458366626309945513e-01
8.449697122347601397e-01
8.457993870398317071e-01
8.452477683670088782e-01
8.459313511394809249e-01
8.448099288799797435e-01
8.447528522144613916e-01
8.456223999277606707e-01
8.465039768567188538e-01
8.451233437856717767e-01
8.444777089180470764e-01
8.449085957480063636e-01
8.459965813390629696e-01
8.455342659497000479e-01
8.443566768364649811e-01
8.458969814556992484e-01
8.461011579853732201e-01
8.462030747033872924e-01
8.454468309525100533e-01
8.441316892989209064e-01
8.451349760118548327e-01
8.453563602497338181e-01
