1.227331303951394309e-01
1.246441334255942723e-01
1.243837851845796538e-01
1.241701756851569804e-01
1.247688365881177985e-01
1.235338617943796541e-01
1.232376573116355511e-01
1.252587611109771959e-01
1.236269652234484456e-01
1.239378676472609325e-01
1.228692894409760122e-01
1.243167798613005193e-01
1.245513278150306297e-01
1.244370225079781678e-01
1.229236039640177469e-01
1.242290871441251998e-01
1.237756483788958611e-01
1.221923641810648137e-01
1.237232182581439882e-01
1.225489457622851719e-01
1.227980139300854645e-01
1.252354459916052987e-01
1.235062162351905912e-01
1.241611387614143247e-01
1.254395390551211464e-01
1.236575774302643427e-01
1.245424960849932511e-01
1.244445926428554838e-01
1.227805695170650219e-01
1.243942194880005431e-01
1.233911116426003873e-01
1.236566771594782288e-01
1.234698748919783318e-01
1.240858377574112492e-01
1.232817770055711915e-01
1.228772234627066445e-01
1.236580096929689732e-01
1.237315230006969108e-01
1.232524342716194987e-01
1.250791445074375952e-01
1.235377851658991111e-01
1.236997357084771848e-01
1.255147369727805939e-01
1.236379486796765764e-01
1.240211878182861521e-01
1.241916067645295607e-01
1.232873342471463435e-01
1.254502033666635152e-01
1.229699649836533681e-01
1.227196973354075793e-01
1.243349776767601611e-01
1.237283277361196226e-01
1.245463178635520529e-01
1.240787895707175237e-01
1.234344217640124669e-01
1.241242909339267952e-01
1.232688534654477752e-01
1.237683731814466920e-01
1.238295504990008095e-01
1.251226037351087228e-01
1.237533031335580208e-01
1.242800276519056973e-01
1.232507358661732583e-01
1.238296303082969396e-01
1.253147829592453077e-01
1.239843446012763167e-01
1.235061199312304514e-01
1.240013089866213031e-01
1.238494192753755163e-01
1.248303028678558746e-01
1.245493695972889753e-01
1.230790229357543175e-01
1.240109866157898671e-01
1.235531722518151548e-01
1.230162120545379711e-01
1.240849457745746287e-01
1.247319960915705267e-01
1.232516067587821756e-01
1.237557684152542220e-01
1.235992969998362945e-01
1.238534335626897687e-01
1.238721366834333870e-01
1.234696362829682675e-01
1.229425912619839245e-01
1.238558050906920505e-01
1.234714281747154307e-01
1.237429598100335953e-01
1.234498887213860557e-01
1.235072619407525385e-01
1.233462724043162817e-01
1.237025108737169754e-01
1.243519031603778913e-01
1.231336532827242009e-01
1.235752155800910190e-01
1.233833005864626853e-01
1.240897602060497956e-01
1.234268581856670516e-01
1.238695129318758692e-01
1.230961138709279756e-01
1.239262837420278263e-01
