9.395131587835345854e-01
9.404015018251414837e-01
9.410970847893718183e-01
9.416099176224654865e-01
9.402158860367572091e-01
9.405351201618583623e-01
9.417772757065032696e-01
9.417388403385804629e-01
9.414951958332953286e-01
9.406673555181199742e-01
9.429037963688102764e-01
9.420254712196285407e-01
9.418323009165924242e-01
9.405725479287075919e-01
9.408210401723686722e-01
9.401622366164252842e-01
9.418429655372114739e-01
9.415012544124682359e-01
9.408311088293763724e-01
9.400052789142132603e-01
9.411985415082964046e-01
9.410756758350306006e-01
9.420758534730346856e-01
9.401318450454885234e-01
9.403813834084291390e-01
9.415692735119880474e-01
9.401923734591000059e-01
9.412237650557887525e-01
9.402160830740214914e-01
9.411600970510227704e-01
9.400342591511469115e-01
9.410129306101013835e-01
9.412456340240289432e-01
9.406905861450416406e-01
9.398696545018907500e-01
9.409746032216022016e-01
9.413896462266622134e-01
9.404067168318869241e-01
9.397866220111514846e-01
9.406255142971093886e-01
9.406900614055903054e-01
9.418704795967860477e-01
9.408085435041451117e-01
9.405209731048775890e-01
9.396981570749889379e-01
9.413580472127296428e-01
9.423988197729961103e-01
9.417154475906875932e-01
9.403817832637580976e-01
9.415259140167886454e-01
9.402240361588273254e-01
9.403449927604482506e-01
9.406130565237933450e-01
9.414928726587592500e-01
9.411523138204916927e-01
9.405251326740001749e-01
9.417054321868059130e-01
9.401574312756122431e-01
9.404994907466173171e-01
9.416594745178794579e-01
9.406107266257721644e-01
9.412588475988632464e-01
9.404466255307419864e-01
9.412771289259541652e-01
9.408012567285055638e-01
9.408016293573693289e-01
9.419512023158407299e-01
9.404683442940946492e-01
9.413687489630271354e-01
9.407852615718041989e-01
9.418950356182462791e-01
9.407068285202567770e-01
9.414414136820463685e-01
9.396646181349854743e-01
9.414216175654330776e-01
9.422420281582233326e-01
9.404087817441998398e-01
9.399094694951186657e-01
9.419936196773172066e-01
9.408870056949154570e-01
9.406664456775982730e-01
9.411986597507479013e-01
9.416509703890949545e-01
9.411423884826600750e-01
9.414878407006870287e-01
9.409112427972305959e-01
9.411336699683454654e-01
9.405953833454456792e-01
9.413574570336076253e-01
9.420279461302485391e-01
9.406723492704218703e-01
9.413496394917804100e-01
9.416550967386855264e-01
9.413778258653660025e-01
9.414638556114677259e-01
9.410079262552872859e-01
9.412265612215500177e-01
9.414219992796941661e-01
9.416949749439669226e-01
9.415747173658681746e-01
