7.137825379434306061e-01
7.135226210748577547e-01
7.136733909868279158e-01
7.140409952757915679e-01
7.137726414300427091e-01
7.131588364544179104e-01
7.137200903477605163e-01
7.143533996763745675e-01
7.148100713573541931e-01
7.126003019363766899e-01
7.139980005688459919e-01
7.134191665449105546e-01
7.133967754607186684e-01
7.140282763638876595e-01
7.118355283931302457e-01
7.125462718982971122e-01
7.135974678088050638e-01
7.136911242206123163e-01
7.134423975543867646e-01
7.136124946192727858e-01
7.136157168677617069e-01
7.144386962713235034e-01
7.131991650269786653e-01
7.141613793635191998e-01
7.131018938438102861e-01
7.130139669314230488e-01
7.131344967704817961e-01
7.134232272758351812e-01
7.143695404473712207e-01
7.143968054240740218e-01
7.125463421832536337e-01
7.128525727702539339e-01
7.125859058500974008e-01
7.137966436430878137e-01
7.131781562466683599e-01
7.140395020212333410e-01
7.143454172247654110e-01
7.133614855739472960e-01
7.141443832654122970e-01
7.137599200059204785e-01
7.122469726980434901e-01
7.143516714387310174e-01
7.136127811681873823e-01
7.141737518787674155e-01
7.129519815899063584e-01
7.144272487460974208e-01
7.130174628859730079e-01
7.138610504776031762e-01
7.132013886891154231e-01
7.129801114613809609e-01
7.132763632096785766e-01
7.126810981570550485e-01
7.136795164113862722e-01
7.143180859986073550e-01
7.136353151377747839e-01
7.135767294545730666e-01
7.133910406428222162e-01
7.132348365421091740e-01
7.134030761110380370e-01
7.127679405382001399e-01
7.140156158772961170e-01
7.123851560232021818e-01
7.130623472033408294e-01
7.131168554722489006e-01
7.128911858570201598e-01
7.136827044159104183e-01
7.134910685709154876e-01
7.137772001420856771e-01
7.134607715590038923e-01
7.138632613655691017e-01
7.142334603143980498e-01
7.142387043933960955e-01
7.139850772589775296e-01
7.116576304349513382e-01
7.133083722806730087e-01
7.130637803805593977e-01
7.134723530695202820e-01
7.144305392460454929e-01
7.139032529772768587e-01
7.121936910938255760e-01
7.138114817708056670e-01
7.154893145876866090e-01
7.137784434972773706e-01
7.140176615841608010e-01
7.139597653492031348e-01
7.135088932186148813e-01
7.131479217675190663e-01
7.134243644156244013e-01
7.144910440837730636e-01
7.136322158648820135e-01
7.135554121097932301e-01
7.138784811931901952e-01
7.134272194978201753e-01
7.127057390873435816e-01
7.131338129201743037e-01
7.130715459316203653e-01
7.128989200871709286e-01
7.138173439343621363e-01
7.138025615645120503e-01
7.140262635994480966e-01
