2.576596068440007992e-01
2.581507170289086828e-01
2.591301112889458635e-01
2.577677769639619143e-01
2.576447829380199006e-01
2.577990849692523012e-01
2.582008631923409236e-01
2.576024119379598520e-01
2.585312326699728547e-01
2.586739984366597800e-01
2.593560519407692166e-01
2.587067541963093409e-01
2.589371758545878643e-01
2.584869831577245591e-01
2.583477505716940681e-01
2.587103837652197091e-01
2.574628974063268849e-01
2.579025284182270283e-01
2.572940364096775179e-01
2.590535197381997889e-01
2.591596709662294384e-01
2.577319364415653902e-01
2.595229803201172802e-01
2.576411921584489395e-01
2.589365195200202807e-01
2.580961735446136718e-01
2.584988240449790364e-01
2.589089616939017624e-01
2.585877680522220556e-01
2.587434945481619231e-01
2.581366142765504912e-01
2.578691908591088100e-01
2.581882587129986084e-01
2.574654716342213434e-01
2.592309796910262087e-01
2.581228707949151935e-01
2.598380307649186260e-01
2.574209509408234009e-01
2.576721542896698858e-01
2.581051945444516327e-01
2.580203400518626955e-01
2.572575599838207161e-01
2.581319404186661615e-01
2.583994335370491946e-01
2.581340371510418286e-01
2.587824074012748943e-01
2.589603568704078596e-01
2.580175272109564433e-01
2.582378566245037699e-01
2.579468216306936568e-01
2.574686350500381415e-01
2.579008108300656077e-01
2.581375286582881512e-01
2.584244544506887342e-01
2.585453676383586141e-01
2.583792470261519481e-01
2.581988302064918139e-01
2.585925528048477195e-01
2.587938933425803500e-01
2.569101341488571610e-01
2.577840236584501565e-01
2.581725941139834668e-01
2.588047770643834289e-01
2.585907579491902863e-01
2.577524697493955852e-01
2.592642924102467328e-01
2.581307461158839356e-01
2.582221738094087615e-01
2.577902700222299837e-01
2.580096764485472760e-01
2.570552713047630222e-01
2.580363126559546694e-01
2.576135057648309412e-01
2.578792446014763207e-01
2.595539036690715506e-01
2.586399665021483774e-01
2.587470916893488959e-01
2.585180481515951811e-01
2.571832555738804427e-01
2.569731787890813246e-01
2.580450704499269721e-01
2.584668785338593566e-01
2.575749944783649603e-01
2.582547007611918355e-01
2.590983262760876427e-01
2.582271638137523251e-01
2.594005194683483562e-01
2.585168631470112222e-01
2.581805614041050023e-01
2.575346136583265277e-01
2.582805544643463347e-01
2.589733035263914740e-01
2.586406333167933780e-01
2.589446624659116902e-01
2.573819463656664697e-01
2.580826929260860991e-01
2.583298643948498952e-01
2.582499551639430568e-01
2.573980703328088149e-01
2.591727266820436637e-01
