3.903019176129356449e-01
3.913034693257007035e-01
3.906179299476162936e-01
3.905055105286131534e-01
3.909601114681153788e-01
3.916014682189325469e-01
3.919790410582161821e-01
3.921152454149656741e-01
3.910416468979731608e-01
3.909938469427900465e-01
3.904475667105136161e-01
3.916252187482526792e-01
3.909544352078868634e-01
3.920116869188433051e-01
3.913896738103083695e-01
3.927218238134365658e-01
3.924958088224299591e-01
3.922577945121120124e-01
3.912711147144991575e-01
3.918823681893721655e-01
3.923856955117265288e-01
3.910798056332360773e-01
3.915041784251265256e-01
3.913932172088187000e-01
3.917906276449636405e-01
3.899202271500264438e-01
3.914107278309779114e-01
3.919060637445014317e-01
3.908607099376666394e-01
3.906595145553490855e-01
3.920097448356200664e-01
3.902066888270073197e-01
3.924202648657184600e-01
3.913144127283928464e-01
3.913390777899173889e-01
3.916884679260134727e-01
3.913142407235998266e-01
3.902778933221363045e-01
3.918588803708286106e-01
3.915009825099386442e-01
3.916432483518313967e-01
3.900283074928876381e-01
3.925982742947563553e-01
3.907042594494647969e-01
3.922585870755928017e-01
3.918534519683771200e-01
3.906665869147911141e-01
3.906428144365955424e-01
3.909806308133606523e-01
3.911977219378547366e-01
3.911934618212795645e-01
3.918948192777551021e-01
3.913510053022702384e-01
3.916795034626781025e-01
3.907705234873902755e-01
3.913419057595196593e-01
3.913211349157962315e-01
3.910904877033106741e-01
3.918045963947976995e-01
3.918927266043125690e-01
3.917886402701599158e-01
3.916760124610704219e-01
3.919554057817271620e-01
3.917608342844354774e-01
3.918092824553175979e-01
3.905003475266020097e-01
3.910742374875195160e-01
3.915511127713918738e-01
3.919428353395016940e-01
3.910900115871517313e-01
3.918560867134909809e-01
3.909636440108164024e-01
3.921424244278333138e-01
3.915967713767204983e-01
3.908328343118705472e-01
3.911571053643904672e-01
3.922202760166332292e-01
3.919861377278517911e-01
3.908841520498880229e-01
3.913250551841793157e-01
3.911510031209508576e-01
3.917975425397673406e-01
3.914321861022164173e-01
3.919171083440852743e-01
3.909940613026710587e-01
3.918908845430187915e-01
3.912568221717707129e-01
3.916951759506772102e-01
3.906812562726130755e-01
3.914229014156931363e-01
3.921057867814238818e-01
3.909327685887082349e-01
3.913312670628105172e-01
3.913137582736562203e-01
3.907088058254881702e-01
3.919766244461410087e-01
3.904903457453773319e-01
3.923917014384292190e-01
3.929037389323361551e-01
3.922533478040870492e-01
