9.151763032854385305e-01
9.147546997484526932e-01
9.160590008955651342e-01
9.162796679147653389e-01
9.152922438287804940e-01
9.159868788581853050e-01
9.149056018257182288e-01
9.157883652662561769e-01
9.167897454777288457e-01
9.153247140057025888e-01
9.160711151854452616e-01
9.163318221931460172e-01
9.153015606274574889e-01
9.162436909956543918e-01
9.153825182639572233e-01
9.153408339247225411e-01
9.159126116689835229e-01
9.159471526792332119e-01
9.159445625463942253e-01
9.144080537838336076e-01
9.154189267941984509e-01
9.153923900232264765e-01
9.170972880108384517e-01
9.158273130992932165e-01
9.158966701853347159e-01
9.148008981892877811e-01
9.159958755319921320e-01
9.154519593044028181e-01
9.135566768817755534e-01
9.155047290615840883e-01
9.155535641041399053e-01
9.147765480829350704e-01
9.161449969476658239e-01
9.154409442374983330e-01
9.170875719170571427e-01
9.152871059637823770e-01
9.158438896667615570e-01
9.162062165147686343e-01
9.164498919670698296e-01
9.150623825539219158e-01
9.157481123165693848e-01
9.152875509676867694e-01
9.159136878298044238e-01
9.159911951026307175e-01
9.155138927279221628e-01
9.146199164757875533e-01
9.142217292624486014e-01
9.161262710029871581e-01
9.157030013383082867e-01
9.160012914125998940e-01
9.145992436630954181e-01
9.159742226502043394e-01
9.166034350476566228e-01
9.150457414225183772e-01
9.155697919910286142e-01
9.157734474460219598e-01
9.159201656101608746e-01
9.158928786546873813e-01
9.149666499595874303e-01
9.157399608765228738e-01
9.159078886496591076e-01
9.145127479149042227e-01
9.155496483271265973e-01
9.153380026477248022e-01
9.155389677300938001e-01
9.158728359916823436e-01
9.152552448581350308e-01
9.159741308224587097e-01
9.157084383809310779e-01
9.151972652373134842e-01
9.149454069640758913e-01
9.161436062935879310e-01
9.153377691143553818e-01
9.160415724313542007e-01
9.159271619078737103e-01
9.159383570675095898e-01
9.148744758837824564e-01
9.157075018710374437e-01
9.158921310996495091e-01
9.162536107228640425e-01
9.164899039589130547e-01
9.154821598628355428e-01
9.153967731150081111e-01
9.148839500780180378e-01
9.153576299623279455e-01
9.157953156497142810e-01
9.154905040728293919e-01
9.147226895771418675e-01
9.159503609445895922e-01
9.164083985594352333e-01
9.153200004644101995e-01
9.153407753845099748e-01
9.157847689555312920e-01
9.149927297160743711e-01
9.154778918047720149e-01
9.164723443958157079e-01
9.155244744697270676e-01
9.155685376840987377e-01
9.149052793348544377e-01
9.150621110708632155e-01
