5.691289121193000566e-01
5.701971825039002795e-01
5.698602208510087364e-01
5.706629484581854372e-01
5.715879899341631543e-01
5.696518077456579343e-01
5.715580588046407229e-01
5.715952966622512843e-01
5.705282363256640732e-01
5.698285892924599416e-01
5.704152106149141810e-01
5.707484036862577881e-01
5.710606819184713689e-01
5.696141800733145466e-01
5.709478393687341669e-01
5.695179069950129236e-01
5.714989997561004120e-01
5.703245874392834924e-01
5.698682180477057102e-01
5.700528512871309017e-01
5.707269901065478157e-01
5.691119351307591945e-01
5.709796221079221912e-01
5.704458399834890781e-01
5.713568321481586887e-01
5.711138191768663219e-01
5.702874975687043380e-01
5.689075209206702066e-01
5.707706206494618240e-01
5.714676771850806247e-01
5.701088804508684937e-01
5.713004341303363764e-01
5.711679279647525753e-01
5.710257256812328874e-01
5.702085833118298863e-01
5.702352593805173342e-01
5.701452498301573524e-01
5.700842930830969379e-01
5.714063014405714735e-01
5.704380638377140045e-01
5.689530619873228723e-01
5.695289278179086478e-01
5.711543474846836332e-01
5.703178944628275460e-01
5.709559289457054598e-01
5.701732246541201254e-01
5.706818219789664415e-01
5.708119981394614850e-01
5.700356137089123143e-01
5.695723901313668458e-01
5.706953490767456838e-01
5.711841436359749169e-01
5.703900538173622969e-01
5.707690946148913369e-01
5.691631031279962283e-01
5.708468512491343683e-01
5.709255323538983129e-01
5.704984784246709406e-01
5.704447436009066896e-01
5.712274649120558934e-01
5.702813295862563248e-01
5.700915928923102616e-01
5.704088938362098515e-01
5.710701669130269220e-01
5.703159541964626378e-01
5.709093129592441862e-01
5.697759705954212883e-01
5.705817504293608788e-01
5.711051717336745881e-01
5.705652238285228162e-01
5.711916358250112014e-01
5.718823241161832271e-01
5.706520623842362694e-01
5.706270717763021194e-01
5.717322243284688188e-01
5.707759605123188251e-01
5.702292052465899319e-01
5.705421824914556073e-01
5.703294883544451910e-01
5.706924090863643162e-01
5.703930743777447798e-01
5.701449550454433801e-01
5.704373422983655129e-01
5.693224388045405870e-01
5.716817163199737761e-01
5.711890069183505059e-01
5.699356557470247608e-01
5.698485555970124183e-01
5.705407320296054241e-01
5.710639158725709930e-01
5.700509710064888269e-01
5.708350681343110633e-01
5.715022127859996637e-01
5.701380767315085141e-01
5.699440905550277048e-01
5.711697506446056227e-01
5.702279727086295713e-01
5.701091326940455062e-01
5.701003462597370453e-01
5.698400218117781746e-01
