6.552912475056336117e-01
6.561065102925562886e-01
6.561118552756668443e-01
6.575405126221467444e-01
6.557163061400963500e-01
6.561899645377364809e-01
6.562009036016192010e-01
6.559591770204352690e-01
6.557316367444187000e-01
6.563628120982272218e-01
6.566170203430273800e-01
6.573048649771359164e-01
6.567843137314015589e-01
6.573541307958818969e-01
6.558312976652569404e-01
6.557028402621468688e-01
6.554954631012618327e-01
6.565537432776702431e-01
6.562338345625913227e-01
6.556679579046561512e-01
6.569873938423699267e-01
6.565516923823824236e-01
6.554387675692221471e-01
6.560094578930688591e-01
6.571775656037515123e-01
6.569319022119466389e-01
6.555892965465072164e-01
6.561851102556384152e-01
6.564307261886499489e-01
6.571325705876678303e-01
6.562146419645913387e-01
6.561230239219000282e-01
6.567481549111648942e-01
6.557625672725023724e-01
6.578111462592788339e-01
6.568152773655036025e-01
6.576397699244558304e-01
6.572915358878947956e-01
6.580161830720427929e-01
6.574059005812283862e-01
6.564569496022998329e-01
6.561393345309916025e-01
6.563180275023758892e-01
6.568575559624512117e-01
6.557994516375020844e-01
6.557087655648619062e-01
6.552557023784612023e-01
6.562323842310211486e-01
6.568869197067697119e-01
6.569655974630709272e-01
6.551479935976418645e-01
6.562329650502695122e-01
6.559564520587856107e-01
6.566714644973400405e-01
6.556967902782145918e-01
6.557915539689898043e-01
6.571118342770466692e-01
6.564097482876966039e-01
6.574263937339004382e-01
6.570658595077056852e-01
6.578516047075335660e-01
6.562931288732780644e-01
6.571215198362869714e-01
6.564688796321669351e-01
6.556814113663020915e-01
6.555377806338055224e-01
6.561151994738940729e-01
6.564276032511069392e-01
6.576194141597691001e-01
6.563472959910948701e-01
6.558466742978543706e-01
6.571194437473519834e-01
6.571260877499496278e-01
6.562471523837518639e-01
6.569881973713340706e-01
6.562094522340444769e-01
6.562891477236880711e-01
6.560934594325100733e-01
6.563997091994422384e-01
6.565723018356502960e-01
6.549265273441554625e-01
6.563572972138193018e-01
6.565344543714528580e-01
6.571184493940058768e-01
6.566964962879556778e-01
6.564550536248733303e-01
6.569916065236264258e-01
6.561351819901803939e-01
6.565606274213089399e-01
6.555349734131130646e-01
6.559877140895336023e-01
6.567039844023041528e-01
6.565581536552369535e-01
6.566934262757014862e-01
6.557380829894045027e-01
6.562152920437167580e-01
6.558722157708507527e-01
6.571361156030202100e-01
6.551802690584025424e-01
6.558920789222901782e-01
