8.336999138579110902e-01
8.338409959376458236e-01
8.331169037491029661e-01
8.342407873621060510e-01
8.339950885340179365e-01
8.347503231432300552e-01
8.337029728700264819e-01
8.334767193037880828e-01
8.335113706056140881e-01
8.344082366928909922e-01
8.351070724627296382e-01
8.333453097464577075e-01
8.339576802730424010e-01
8.339120745998883644e-01
8.342741777823456939e-01
8.351074805542394452e-01
8.344865796948242043e-01
8.338627436464065568e-01
8.347038387813228155e-01
8.333835411994182651e-01
8.345265419622636127e-01
8.352677030235635680e-01
8.348752583431309215e-01
8.348733486313070218e-01
8.333781925153066483e-01
8.343421213826998084e-01
8.346537569161918135e-01
8.350540257966037050e-01
8.346525639096051830e-01
8.344343371963378608e-01
8.345727806239751079e-01
8.333312296851531631e-01
8.337746630744822252e-01
8.340906158459273634e-01
8.340612862838487906e-01
8.350228995695780920e-01
8.351714943234912480e-01
8.341888602322969914e-01
8.349164238849124953e-01
8.342373909384848130e-01
8.349969891820612222e-01
8.350451364615484318e-01
8.352761813915590139e-01
8.351860621949149799e-01
8.341215624876052726e-01
8.336498089437426318e-01
8.349304881013879243e-01
8.342334896322445292e-01
8.352740902954189917e-01
8.346822174472803280e-01
8.345371082220340853e-01
8.350720152047612643e-01
8.352749505593015655e-01
8.342956137843915432e-01
8.338935057315198796e-01
8.345220107600457293e-01
8.336643270238637271e-01
8.339277372243991682e-01
8.331297013071007340e-01
8.352641039289511182e-01
8.334897599039370331e-01
8.341489352132969159e-01
8.338301035530643057e-01
8.334213191159765000e-01
8.348619806925503539e-01
8.338725311799800588e-01
8.331335923401559374e-01
8.346532537637082472e-01
8.343911140144379956e-01
8.342709929026712601e-01
8.346104870427342171e-01
8.350247250369191576e-01
8.341420442339062546e-01
8.350742644824096228e-01
8.344770559130074705e-01
8.340946336911367887e-01
8.347465367431385896e-01
8.339292741454636948e-01
8.343640003746950473e-01
8.353674103764153758e-01
8.341471619713761720e-01
8.326697902670130436e-01
8.341379092527398953e-01
8.343256296605399136e-01
8.344421569463342792e-01
8.348372476576995105e-01
8.344216390346799184e-01
8.354100660567795877e-01
8.343597310623542818e-01
8.353977898160676041e-01
8.351320859927373608e-01
8.338036993869675229e-01
8.337726428040739268e-01
8.345977006706163381e-01
8.351893703278290282e-01
8.335554868258807648e-01
8.355553568399352038e-01
8.351899102845887768e-01
8.341588735256517673e-01
8.335099779529183683e-01
