9.225673581515665411e-01
9.234048467728179777e-01
9.235887316605289055e-01
9.239167297119394995e-01
9.246603619586832856e-01
9.243214994542062746e-01
9.232005866473542710e-01
9.233082727313804972e-01
9.247839404845582534e-01
9.235820054366782328e-01
9.241618985893061966e-01
9.235436528051921279e-01
9.234400263578919077e-01
9.227066898159865804e-01
9.241104764808267813e-01
9.243387293065234989e-01
9.227854570185803906e-01
9.226430675110267599e-01
9.234332873047672585e-01
9.233128654499337395e-01
9.235916455190379404e-01
9.239610170387957400e-01
9.227680019168664760e-01
9.235450607463013828e-01
9.241377754938603362e-01
9.234691813979636343e-01
9.240968252446024600e-01
9.236079203280456174e-01
9.234052862871896528e-01
9.238151596705634905e-01
9.242053000062147028e-01
9.243471900587884038e-01
9.244084298126006294e-01
9.225234249200784387e-01
9.230682262326254106e-01
9.228541213833952872e-01
9.242668066825117101e-01
9.240254688691333929e-01
9.231536735197214405e-01
9.238210374419572046e-01
9.238929103201134474e-01
9.255066484032787866e-01
9.233699015045346847e-01
9.237919428477006090e-01
9.245078771387507111e-01
9.246885258642085770e-01
9.239443351140710359e-01
9.243082482686938439e-01
9.243728909638730951e-01
9.238924922005387064e-01
9.240110401144503438e-01
9.229243005340892481e-01
9.233756960192724961e-01
9.249592139435875993e-01
9.237770520713279865e-01
9.242203633942007723e-01
9.245218395338685724e-01
9.245660725440085770e-01
9.237341299973222952e-01
9.234505296795917362e-01
9.235572566153410490e-01
9.239150753427016749e-01
9.236193243297092792e-01
9.241815991071871128e-01
9.245831910810518028e-01
9.236854637148611546e-01
9.235135194980517159e-01
9.225942178203137001e-01
9.236517014511080870e-01
9.230671913184613775e-01
9.234778143305386600e-01
9.245818854473240034e-01
9.235382771600768592e-01
9.239191566945332834e-01
9.237684101664798142e-01
9.234434805672542268e-01
9.240585536257730492e-01
9.243344234856417652e-01
9.238791566760143903e-01
9.245169183445169914e-01
9.233071458916268792e-01
9.248588293584245612e-01
9.242932892149950952e-01
9.238187359695809731e-01
9.231940059604433202e-01
9.244635709434695370e-01
9.233286067124054641e-01
9.236349685731766179e-01
9.236317198534585993e-01
9.243528170191772642e-01
9.247484456044259282e-01
9.242637202194912138e-01
9.235289099668722024e-01
9.235077843252610386e-01
9.236990333666337261e-01
9.225373401006518037e-01
9.240071688955346918e-01
9.238769294942281718e-01
9.237520361082807163e-01
9.247285813927267339e-01
