8.506282007808819712e-01
8.514207137876514953e-01
8.520408945006616719e-01
8.514327274823911829e-01
8.529158217563643785e-01
8.518314119198292511e-01
8.524482443317606961e-01
8.507149585627250543e-01
8.508742004440768003e-01
8.516612367033088438e-01
8.512282227043813654e-01
8.518716198736981937e-01
8.510675154469902193e-01
8.518160930014773147e-01
8.512920944830104641e-01
8.524838065522214459e-01
8.525045369845110077e-01
8.525817657655028192e-01
8.520215545769811438e-01
8.522296027071621927e-01
8.506061719223015904e-01
8.498957859448772467e-01
8.521270450537336005e-01
8.514762064911781669e-01
8.506723925893389104e-01
8.522962280910779675e-01
8.517993958248665232e-01
8.512326101243931076e-01
8.529502494045234640e-01
8.518922822144352480e-01
8.518457603372331377e-01
8.525538521321669450e-01
8.517616470810658313e-01
8.515536105520875587e-01
8.518553350509840971e-01
8.517771311137660728e-01
8.517305606303497978e-01
8.504799213326861285e-01
8.512479358832194531e-01
8.517366597326287980e-01
8.510469167354843822e-01
8.515733298986274402e-01
8.527207830069081229e-01
8.518344196128159185e-01
8.507590541151872632e-01
8.503515284063458690e-01
8.528428802005242337e-01
8.521109340658705733e-01
8.512807058889049205e-01
8.516180991282995549e-01
8.515159366821984932e-01
8.511600368433729358e-01
8.512146119008152656e-01
8.520494014798636329e-01
8.505194047968112070e-01
8.516591366508753369e-01
8.513006278656642944e-01
8.511381246079281482e-01
8.521170131450005458e-01
8.506591335493138839e-01
8.507888776545355913e-01
8.504907141363486911e-01
8.511442806553691787e-01
8.518984403975132791e-01
8.511408076969519954e-01
8.512983092944830243e-01
8.516084502928371602e-01
8.516192249857612584e-01
8.520988506734219481e-01
8.510666203587694545e-01
8.507761994583924459e-01
8.511056834715242658e-01
8.517769502345785559e-01
8.511448609964028522e-01
8.506034230875452185e-01
8.514909917639148507e-01
8.518205137174736929e-01
8.510227625062141144e-01
8.514366538756767966e-01
8.506851117028770837e-01
8.527552783320204721e-01
8.516593685320215101e-01
8.529522563045710548e-01
8.511376993832580062e-01
8.517380172205517574e-01
8.519485456668307588e-01
8.524271604045481343e-01
8.523777219194380583e-01
8.516966506548333538e-01
8.520461855350947022e-01
8.515060388074948694e-01
8.509001835464117258e-01
8.516454167079926529e-01
8.509181964603620418e-01
8.526526975940619257e-01
8.521449128259261929e-01
8.520281215115873552e-01
8.518390552941588201e-01
8.522771997068678829e-01
8.508100648760202889e-01
