5.625224983507823850e-01
5.626448432621439233e-01
5.650662502548160493e-01
5.622583117645786333e-01
5.624827937850065407e-01
5.633303064218683209e-01
5.627598210102102705e-01
5.646144236884139689e-01
5.645945906952977156e-01
5.631472438109418333e-01
5.638383370326086608e-01
5.637562546978585054e-01
5.638066244096557877e-01
5.635331278810649103e-01
5.635433781359491245e-01
5.630614587288242934e-01
5.631498154269626299e-01
5.628645463606842814e-01
5.638184623309399068e-01
5.641857001783623371e-01
5.629011911099890408e-01
5.642153156930149738e-01
5.621739070942957106e-01
5.637314677058590240e-01
5.624378049223788256e-01
5.635749009312895907e-01
5.638431675026593926e-01
5.632515977186739464e-01
5.638609884634683267e-01
5.631563629055063025e-01
5.641385083048600091e-01
5.630161946770638748e-01
5.634004262594729529e-01
5.635344653037059892e-01
5.623151679733618957e-01
5.639699992187763300e-01
5.633164342791181500e-01
5.642920043036334654e-01
5.630790490140672455e-01
5.630476270325297516e-01
5.628541383853288282e-01
5.629696321274617610e-01
5.639302806776346211e-01
5.632466405215689198e-01
5.639715681242397638e-01
5.638030445641314392e-01
5.628483795422283276e-01
5.641621426987448729e-01
5.634103159369143743e-01
5.634962327990304942e-01
5.647352339963722656e-01
5.637772501945292891e-01
5.644656524773044026e-01
5.622283914276025030e-01
5.628801305052940629e-01
5.642976631472013116e-01
5.641429681642884386e-01
5.635140897136206029e-01
5.646769449086805892e-01
5.641040399036307829e-01
5.637404190914643287e-01
5.633211485775002636e-01
5.641408738897678576e-01
5.630679465527298477e-01
5.639497699708753142e-01
5.632719341443895855e-01
5.632594809189448437e-01
5.633923223229793109e-01
5.637542298701996302e-01
5.643452889396374239e-01
5.645635870555156810e-01
5.630877051716238757e-01
5.630570193768751341e-01
5.636299153677983842e-01
5.625632673762864799e-01
5.627987833532639428e-01
5.633573352821368285e-01
5.632239734153441368e-01
5.641586570658294608e-01
5.649801924460833291e-01
5.635704452946088683e-01
5.635003709625254764e-01
5.640113986890245013e-01
5.633762090790386257e-01
5.643725872038004576e-01
5.642613865225052372e-01
5.644905128676578343e-01
5.640992043337162976e-01
5.622925692831679534e-01
5.634958045948403882e-01
5.631774017423252232e-01
5.636311179045171427e-01
5.630417598857593298e-01
5.632234760625859371e-01
5.643520947353795059e-01
5.634320409265174412e-01
5.645696386220417917e-01
5.628878764160196724e-01
5.628241265231677115e-01
5.630994524383161615e-01
