6.145390472636789170e-01
6.154343406728781662e-01
6.150016576582060246e-01
6.152017826315877569e-01
6.151760501936021086e-01
6.165624255789068364e-01
6.159431836959725626e-01
6.146307082330479954e-01
6.157854151811228416e-01
6.158007308846451533e-01
6.154371150822233183e-01
6.154103009382168032e-01
6.156047372982272892e-01
6.160344120651504163e-01
6.154701526525274691e-01
6.151885598724489146e-01
6.154472054410555781e-01
6.157609859991575174e-01
6.157266019259074463e-01
6.152983244193138690e-01
6.153174856248153635e-01
6.158386310108188155e-01
6.156588603624583156e-01
6.155172125720954623e-01
6.161556240736745238e-01
6.137130605000857830e-01
6.152799684193892560e-01
6.151452412254900803e-01
6.152123328781222700e-01
6.159311955603459232e-01
6.145394708643010517e-01
6.150856692825581451e-01
6.164159744098434146e-01
6.148271866238488315e-01
6.148651503455628831e-01
6.164232383848378127e-01
6.149349424290526667e-01
6.162942331985949984e-01
6.155965286873918973e-01
6.158924677941992609e-01
6.145014552282290765e-01
6.159141117470493532e-01
6.155985122490772454e-01
6.152432511681064087e-01
6.166578850969394177e-01
6.172598217549947197e-01
6.147383727034729795e-01
6.161394068791880008e-01
6.164126072656423982e-01
6.153295314254818571e-01
6.162641883444593960e-01
6.153991354580359285e-01
6.150133853199460932e-01
6.155806146535209855e-01
6.149317449752547127e-01
6.149473909886724599e-01
6.148064290354862127e-01
6.166155352353217545e-01
6.149385160629887714e-01
6.152568573957440945e-01
6.156881390061532677e-01
6.161414066041570603e-01
6.152754238945246090e-01
6.155894410541689066e-01
6.148614573148980522e-01
6.145236667443809697e-01
6.154684219948587387e-01
6.158301748912473617e-01
6.149793392378382073e-01
6.155642536170801149e-01
6.160564278221773993e-01
6.146066603150424079e-01
6.165672330571524418e-01
6.160095563603837920e-01
6.151843223739223987e-01
6.164392143168810900e-01
6.154814543286434292e-01
6.155432789229744461e-01
6.164370994811053661e-01
6.165426933293793876e-01
6.160397459381314889e-01
6.160654137664542951e-01
6.150466592097189045e-01
6.159531503332860147e-01
6.159168152468545987e-01
6.156199985036023836e-01
6.145558489872696706e-01
6.168713060974789775e-01
6.152307322863654893e-01
6.146126427553321170e-01
6.147082126968033133e-01
6.148969550909852977e-01
6.162996361864769845e-01
6.143081787460140664e-01
6.161830999876314330e-01
6.156073981298748610e-01
6.157860011832810843e-01
6.154653726840422223e-01
6.169786132064103423e-01
6.152505632805984614e-01
