2.579509256765199487e-01
2.594644242740233864e-01
2.590976319612873224e-01
2.591303010898786674e-01
2.589783354325556619e-01
2.584075286193304732e-01
2.590485999380478521e-01
2.586380339486830104e-01
2.588088879428706579e-01
2.583979015000609225e-01
2.588188766129024820e-01
2.591125960334715872e-01
2.587141560125095774e-01
2.586827648990913109e-01
2.595914823688626472e-01
2.592132396245093173e-01
2.588527902765723754e-01
2.597181911848590041e-01
2.587170935283932272e-01
2.584908697969193203e-01
2.582469226700521703e-01
2.578463201364772917e-01
2.600009249622506902e-01
2.600687980415720135e-01
2.592426384949804152e-01
2.591031093104303462e-01
2.593450926203018092e-01
2.578092630812969244e-01
2.580649654933720449e-01
2.591513504456199324e-01
2.602961183996159722e-01
2.580304309810401153e-01
2.578372810394300996e-01
2.589517362491646213e-01
2.587904430504527897e-01
2.587920315844078334e-01
2.590762321618865771e-01
2.585772460900102598e-01
2.590383726034531930e-01
2.593147178030105193e-01
2.601236219171683683e-01
2.579362382416173216e-01
2.604613661932574931e-01
2.595457201477826548e-01
2.593795139139642991e-01
2.598426893889081435e-01
2.591613907482733237e-01
2.607835728403430919e-01
2.598781482160772982e-01
2.584693886143558661e-01
2.610347128115191873e-01
2.593275337200031117e-01
2.587294373670801506e-01
2.600610203767658168e-01
2.596431893644976507e-01
2.591747556506784900e-01
2.598013901652819757e-01
2.599010487593483854e-01
2.592821996124577977e-01
2.586093595765113218e-01
2.595693054008538225e-01
2.601386015737136570e-01
2.586757130384341741e-01
2.596660714965584038e-01
2.587523696363740466e-01
2.598261996032680266e-01
2.597919648813805660e-01
2.587385041425052101e-01
2.589859994153944633e-01
2.588490497678421209e-01
2.581108894531785047e-01
2.602168810828322520e-01
2.590891985503933070e-01
2.590748543058059017e-01
2.600574589571500450e-01
2.589223702061193566e-01
2.590108851958108915e-01
2.589520585264624697e-01
2.583604902617981924e-01
2.598733827266573315e-01
2.583252318228429489e-01
2.587232764935629703e-01
2.595530882299259545e-01
2.591353339685914525e-01
2.589263579598635734e-01
2.599549196003219098e-01
2.577013660217162827e-01
2.596009300255081587e-01
2.595022811836236731e-01
2.588591614186203094e-01
2.590330136270353467e-01
2.598825201702874010e-01
2.592484035296063194e-01
2.596664883981785188e-01
2.596572849429218399e-01
2.592707674558695774e-01
2.577158313390935929e-01
2.596827734032671753e-01
2.598722608124710565e-01
2.593157075607667172e-01
