5.043003323306338714e-01
5.058682984931552884e-01
5.057891473787067271e-01
5.048842613020583237e-01
5.038178440732408170e-01
5.056760188274190826e-01
5.054823000304251579e-01
5.059260287569754544e-01
5.058555304323592017e-01
5.049661970482046680e-01
5.056607852637859946e-01
5.051119183617329700e-01
5.047306960930697528e-01
5.055517523487067511e-01
5.054157053047766412e-01
5.057380103664592674e-01
5.072247800523542738e-01
5.052296737623638290e-01
5.055560031924779540e-01
5.056182560230202405e-01
5.058692140319971386e-01
5.057808242276989885e-01
5.057312785622110063e-01
5.049818604858089532e-01
5.054146018123879536e-01
5.065527835630218023e-01
5.056147175550126383e-01
5.051019735234818508e-01
5.055382399968506579e-01
5.060403161123692151e-01
5.058774405335823010e-01
5.057553318837548773e-01
5.057837576375271427e-01
5.054118185114935269e-01
5.056674454881200376e-01
5.054863478678095490e-01
5.055948814048609741e-01
5.052461283500262468e-01
5.044283325065173074e-01
5.066872400184319059e-01
5.067679084459250083e-01
5.046348975368648571e-01
5.055069299454834075e-01
5.058212986670981293e-01
5.051779780153481392e-01
5.053351204576902456e-01
5.051594326049901884e-01
5.048676361224710973e-01
5.062994198187461548e-01
5.057433837254445841e-01
5.061621210357628575e-01
5.054655526107355579e-01
5.062179873654675255e-01
5.055514693551239613e-01
5.047533466008173875e-01
5.051711054865415385e-01
5.054554159599879970e-01
5.052087950260386595e-01
5.061702559973824123e-01
5.058428948712906381e-01
5.057982894215720115e-01
5.066784544206848206e-01
5.048392867115832905e-01
5.063996936114356640e-01
5.045387412113073733e-01
5.054078511584773059e-01
5.054605509536979069e-01
5.063764676076152327e-01
5.050908603833200727e-01
5.054488240060752702e-01
5.063855954787757074e-01
5.061156827162593963e-01
5.070612076834707382e-01
5.047378017211789913e-01
5.048903787987325531e-01
5.057282635212589916e-01
5.060456669389855611e-01
5.052701118159286242e-01
5.049108768406042058e-01
5.051089203688490237e-01
5.055756533239926798e-01
5.049084235380560948e-01
5.050986469454371575e-01
5.055898937294169837e-01
5.075475240305397095e-01
5.051003570544982946e-01
5.055562582082472334e-01
5.058079440337058807e-01
5.049250511781430140e-01
5.049706378721952049e-01
5.062828410999073991e-01
5.059817395230957748e-01
5.050673036747745925e-01
5.070942304846173254e-01
5.054704877800353380e-01
5.052665125725124273e-01
5.053029479587715089e-01
5.051643295312118198e-01
5.053627758454586338e-01
5.043478683868116708e-01
