1.425511263165267217e-01
1.443137791898626565e-01
1.439233111976832014e-01
1.443472972183173220e-01
1.457446945272517502e-01
1.437140192701684971e-01
1.447266941845165578e-01
1.437594520536754072e-01
1.437344149528617665e-01
1.447939696151591127e-01
1.443980653365634359e-01
1.442167543015403786e-01
1.432736172754506265e-01
1.450900912404807230e-01
1.442411851983618210e-01
1.438608908509687589e-01
1.440546177940553729e-01
1.442777213536273195e-01
1.443747153747820811e-01
1.441423809623375296e-01
1.444176607668165857e-01
1.441638909245760714e-01
1.443669619217913813e-01
1.453144653692800825e-01
1.431860896321410781e-01
1.449520388973539464e-01
1.439713285124564757e-01
1.445163954101855719e-01
1.452000391188945083e-01
1.443766065898945683e-01
1.447810011637832850e-01
1.436681613015832748e-01
1.442024698706699248e-01
1.442978222045049053e-01
1.434357106953011995e-01
1.444566306921082899e-01
1.436654328050816221e-01
1.441626652046251733e-01
1.446700711856946653e-01
1.443927627612968945e-01
1.442611790629278190e-01
1.437787396894597003e-01
1.436507379843022791e-01
1.445470588215605479e-01
1.434133964081295565e-01
1.442689225763692795e-01
1.442793789461719878e-01
1.431908288327199685e-01
1.451277805105767871e-01
1.450991284046527219e-01
1.419981902251607475e-01
1.443196439248257135e-01
1.450648950989940622e-01
1.438987625250036095e-01
1.429824705363670900e-01
1.414555530066906874e-01
1.445845392292666176e-01
1.442564660623813499e-01
1.435621647838992709e-01
1.439122387681535387e-01
1.435907943675338583e-01
1.434713842585994270e-01
1.446554495743017088e-01
1.449108655479460217e-01
1.446861567060921394e-01
1.441307644320101167e-01
1.448501172036335549e-01
1.446797992543886746e-01
1.448997187412969234e-01
1.433140292888052669e-01
1.441618190543876576e-01
1.441010454904633198e-01
1.444690224094877240e-01
1.444067798802203817e-01
1.445094331739600335e-01
1.443341579162131239e-01
1.442771008494017349e-01
1.443348236553311514e-01
1.451230158523956759e-01
1.432039253299279558e-01
1.430077895656353126e-01
1.443401826324247073e-01
1.440907201029049123e-01
1.432903065741749360e-01
1.437521371956101413e-01
1.436650551674382714e-01
1.445329933186059179e-01
1.448655210950802463e-01
1.440388634034062976e-01
1.431472242722389154e-01
1.434163426668683683e-01
1.434944242189954422e-01
1.443106469777234724e-01
1.442769091742904242e-01
1.451612605290702740e-01
1.435969883629643062e-01
1.438552753153166108e-01
1.437542908194809066e-01
1.433765828176761792e-01
1.435498759069893659e-01
