1.233595976692504204e-01
1.245156234769081161e-01
1.254543197544995548e-01
1.243119260538803061e-01
1.258518007606275191e-01
1.255268844912825754e-01
1.245088141913986562e-01
1.241541048131040159e-01
1.244325166936141730e-01
1.256196702686801503e-01
1.239068638406898293e-01
1.241997730281104856e-01
1.243882775089851234e-01
1.242847277596587086e-01
1.255436438990940040e-01
1.246950268678829049e-01
1.252567819888091849e-01
1.241574548741435913e-01
1.242050354697835229e-01
1.244268041066142749e-01
1.245961592381619881e-01
1.259048960286985319e-01
1.241708498416790735e-01
1.243503713986670034e-01
1.245255487199468936e-01
1.243795677703972979e-01
1.254407975218016780e-01
1.236980815436833775e-01
1.252718977836350667e-01
1.248356524461305822e-01
1.247447833842187104e-01
1.248642009812858944e-01
1.246341670237477994e-01
1.241906687967641448e-01
1.240681491380253021e-01
1.262572253573536751e-01
1.242677330950591463e-01
1.253843423933117263e-01
1.245168700620726543e-01
1.238194134597179891e-01
1.243512110934998083e-01
1.241797016075079085e-01
1.245705550841618575e-01
1.248837512424633145e-01
1.239627082535963432e-01
1.246395032229025424e-01
1.238649971362569407e-01
1.245295004914305226e-01
1.258603428876621244e-01
1.242725393514392263e-01
1.243526221578470092e-01
1.245061252882538605e-01
1.251729648532276806e-01
1.242707215978550161e-01
1.247534850839993464e-01
1.251047245276324105e-01
1.257396783082566916e-01
1.245403367277154172e-01
1.241600270351131685e-01
1.239093766074145092e-01
1.249849722631319604e-01
1.254295951220609773e-01
1.246779106582928121e-01
1.245813631216974027e-01
1.238022024565258727e-01
1.242570036486738971e-01
1.240506101830456676e-01
1.252038926608879388e-01
1.250706917513606520e-01
1.236720076594178264e-01
1.252963985593624208e-01
1.244975294182069231e-01
1.244249437584897811e-01
1.242058501559254458e-01
1.236744190236722940e-01
1.256437310182361711e-01
1.250388469897737720e-01
1.242739474969445368e-01
1.252110102021702920e-01
1.245117124517480522e-01
1.255729973596387272e-01
1.246549924316179142e-01
1.251797708218441163e-01
1.249905336063664718e-01
1.248877073558161133e-01
1.243205279632451643e-01
1.248462407933447205e-01
1.238103121648983784e-01
1.246345694084641520e-01
1.251941195769527559e-01
1.246563956383285598e-01
1.248361869646517353e-01
1.249822432104852471e-01
1.243517960259916538e-01
1.252552432154215578e-01
1.244597741413980968e-01
1.243378330413367205e-01
1.244951481309125030e-01
1.239146188857663949e-01
1.250167525604718721e-01
