5.213294450701888572e-01
5.233941121377237993e-01
5.224848424863336449e-01
5.223521751605691987e-01
5.228043060765823480e-01
5.231500546621793424e-01
5.236417099721083490e-01
5.223919920054860278e-01
5.234287869190958897e-01
5.223295623471622129e-01
5.223044682067272682e-01
5.236706396845143274e-01
5.218372550388938880e-01
5.223534677791885628e-01
5.230986652431561801e-01
5.228225999325545326e-01
5.211564911155182056e-01
5.225348690658389028e-01
5.227460077841810104e-01
5.225665709318572105e-01
5.220775125294057073e-01
5.220333795646396879e-01
5.240042335664306661e-01
5.222661711601893630e-01
5.226939486132150536e-01
5.232799895827339176e-01
5.225753379059318027e-01
5.223768749254793509e-01
5.235159696817743846e-01
5.223405061653401127e-01
5.230602821569636518e-01
5.220804675187449284e-01
5.215524656464588515e-01
5.240025894761078940e-01
5.230357894023760501e-01
5.218777554438658317e-01
5.224787797854890670e-01
5.214361531498309388e-01
5.222710482622675565e-01
5.226190187813009036e-01
5.236276603908072147e-01
5.226363708296207777e-01
5.223436491581188168e-01
5.224388874944474459e-01
5.219594859725611435e-01
5.231383623183055720e-01
5.220640137234600076e-01
5.226372985799208060e-01
5.223407218819244857e-01
5.225290819244816642e-01
5.214722818513072289e-01
5.215389815053380618e-01
5.228183874331083780e-01
5.227892893746222125e-01
5.233533588821210891e-01
5.227345197019572787e-01
5.233359990847961107e-01
5.218896822626988286e-01
5.226759669533117547e-01
5.226620551090634947e-01
5.220632921878480825e-01
5.223173097176805335e-01
5.236499682520059373e-01
5.233001817458012850e-01
5.227449045781495940e-01
5.205379242783809701e-01
5.235081776121420782e-01
5.230510664323100301e-01
5.223171653072098408e-01
5.206534878208362027e-01
5.227233419356585031e-01
5.222476701038214486e-01
5.224752574036041208e-01
5.223750578101782338e-01
5.221392350698389473e-01
5.221316570442400273e-01
5.235005026099676106e-01
5.228560507874455698e-01
5.232823248416759165e-01
5.220021701485941801e-01
5.227226777936067048e-01
5.225510749370838592e-01
5.229636929517982313e-01
5.230387526661107733e-01
5.224394070397853085e-01
5.217824123495939936e-01
5.232901838094011771e-01
5.226570857472061515e-01
5.224374412252803523e-01
5.220391258524321731e-01
5.228225878430262652e-01
5.209870627373998087e-01
5.217226738798622643e-01
5.226247801286920680e-01
5.219051106326109135e-01
5.225245620696223892e-01
5.230152399301091215e-01
5.221138905433003741e-01
5.224509705951616567e-01
5.231766204440457813e-01
