7.548117271463012923e-01
7.553822201439459594e-01
7.549419805679826734e-01
7.543905121527350044e-01
7.556831234974055178e-01
7.552186903350732727e-01
7.549448336241071367e-01
7.559798099686856343e-01
7.553730531694949901e-01
7.557351768958013860e-01
7.556918789952137283e-01
7.545041332844610871e-01
7.553573501571746451e-01
7.555236931585309623e-01
7.556637119130991120e-01
7.548101385594407908e-01
7.553789233803875902e-01
7.559210643045166655e-01
7.555869515882188692e-01
7.555268002260803195e-01
7.557958091664775946e-01
7.561294904570023956e-01
7.554201409267172762e-01
7.550313113635426232e-01
7.564002962643523453e-01
7.563023718007380047e-01
7.554991855277395363e-01
7.564182173070344017e-01
7.560418584732082614e-01
7.552970820839108868e-01
7.553794084624052552e-01
7.556960906644192288e-01
7.547599674241688428e-01
7.566189350860512697e-01
7.558600974497131642e-01
7.554570955898102236e-01
7.565787174291137562e-01
7.555842472099525420e-01
7.568523738856687277e-01
7.549629757420376341e-01
7.554924323254663676e-01
7.554811257984124229e-01
7.547513685351321389e-01
7.561079899967685369e-01
7.546687630171033945e-01
7.548206404517299184e-01
7.550832928521831189e-01
7.555879629478950976e-01
7.557915197538320751e-01
7.560348215772494385e-01
7.560692559555695080e-01
7.550885462043883667e-01
7.556016877750062477e-01
7.550498690406507452e-01
7.561610831273833933e-01
7.549581099151715380e-01
7.564207047365569814e-01
7.554052091899313703e-01
7.552336558617294138e-01
7.556691410525198105e-01
7.544969676363795230e-01
7.549310959859472092e-01
7.567203652918881307e-01
7.565501841614634682e-01
7.554537375481842343e-01
7.558872248280386064e-01
7.556035163455083747e-01
7.563440795226472613e-01
7.555591952269582467e-01
7.559430105825828416e-01
7.540501303169497849e-01
7.553057087727814700e-01
7.557948224818072935e-01
7.555860203762319038e-01
7.562156848299632639e-01
7.555781993603973845e-01
7.556040756463165975e-01
7.556062065007630446e-01
7.567933726531387295e-01
7.551315238745317515e-01
7.543127512462681761e-01
7.556498465014958033e-01
7.558650011865362117e-01
7.548128355607494067e-01
7.549743069924872430e-01
7.561213790450211913e-01
7.558835616125731960e-01
7.567755963326410207e-01
7.548534659467145413e-01
7.564804630721821965e-01
7.554972956128798156e-01
7.543644905879569595e-01
7.559762390024713508e-01
7.565733262633850265e-01
7.556177343491553566e-01
7.560047245312983000e-01
7.566831854020140691e-01
7.551701396257333165e-01
7.565435891573919491e-01
7.556732463488037288e-01
