1.492846901748208499e-01
1.493302098083081342e-01
1.495568268277677471e-01
1.501889354674829091e-01
1.501991471467405970e-01
1.497431941172952807e-01
1.499210311029967602e-01
1.498154909519089362e-01
1.506721199834572533e-01
1.496570383077782118e-01
1.496420802440714681e-01
1.499604401580881818e-01
1.505675965139650352e-01
1.500120983721869306e-01
1.494913056984368827e-01
1.496746208925699428e-01
1.497940601298947683e-01
1.505436050231713785e-01
1.493700182391535791e-01
1.500206431160812093e-01
1.504940822598282435e-01
1.495849834553423241e-01
1.503024792353248595e-01
1.512109099606842311e-01
1.503883071788182368e-01
1.497413873002084450e-01
1.492529345738533575e-01
1.492310259769989156e-01
1.503673381200515413e-01
1.499933086707821162e-01
1.501248621943814809e-01
1.500332965007511454e-01
1.496636487513409441e-01
1.497657935663392337e-01
1.502665294095843762e-01
1.492711407732104922e-01
1.513514831303419961e-01
1.502378645074176067e-01
1.497652417248983570e-01
1.492346832668206003e-01
1.500940400871129399e-01
1.499989764989631824e-01
1.505850152488432125e-01
1.500091752520354427e-01
1.499251947911967031e-01
1.497486120534945730e-01
1.500706226436839263e-01
1.506966723783447204e-01
1.497236418442399186e-01
1.489332774651054292e-01
1.495852276777971945e-01
1.491638141950811236e-01
1.509379311931544065e-01
1.493488996092077192e-01
1.504130685022689318e-01
1.504928316350601092e-01
1.499819706974382938e-01
1.496957539903231160e-01
1.497327707446920453e-01
1.505542985548843360e-01
1.511960572005241477e-01
1.515967808797575589e-01
1.496336748208671463e-01
1.503386027247589074e-01
1.498555228613836221e-01
1.496583812387962675e-01
1.508709905947350216e-01
1.501360499038427165e-01
1.498896296054409438e-01
1.502204745667339303e-01
1.498729652637940668e-01
1.502615529574573561e-01
1.498319260454600010e-01
1.493587785580616223e-01
1.494770832178279885e-01
1.505501741496130252e-01
1.506179537768685406e-01
1.503872222671937542e-01
1.504342142968216611e-01
1.503677075000142138e-01
1.509747406026190064e-01
1.505675765075140116e-01
1.501883835694164671e-01
1.505960364454491107e-01
1.500373241672054436e-01
1.502126944818719112e-01
1.490420762392343779e-01
1.491305259288038532e-01
1.491972835107177320e-01
1.506649850023653037e-01
1.512593272034201131e-01
1.500270464341445231e-01
1.496190034998961804e-01
1.506940002371736087e-01
1.487492814564708443e-01
1.511567559226188739e-01
1.505649387789638194e-01
1.492238597783399345e-01
1.500290092331584280e-01
1.504988688011975606e-01
