3.772868658499554106e-01
3.787094537365438551e-01
3.780310957847033970e-01
3.785391327771304715e-01
3.782677943072138560e-01
3.777223157517957119e-01
3.792516165880879253e-01
3.789443094264508538e-01
3.784986870904845091e-01
3.792017831451175436e-01
3.779228834378700608e-01
3.787973391796591871e-01
3.780662251363214321e-01
3.783353849112083278e-01
3.776900039460968639e-01
3.784830091495536841e-01
3.773315363220522967e-01
3.781983271757533571e-01
3.784600244574238270e-01
3.788775630156834273e-01
3.787622354281930392e-01
3.792592185282001038e-01
3.788134294804703650e-01
3.788116430370649379e-01
3.784732943498121394e-01
3.787528596654298751e-01
3.791818934930868412e-01
3.775159752240866973e-01
3.785280187292340837e-01
3.785174470530470181e-01
3.786649341148842218e-01
3.792864063374600248e-01
3.793805356808211959e-01
3.784042862217465442e-01
3.784989721990654754e-01
3.768493728678181109e-01
3.782812683377594354e-01
3.779511109132522861e-01
3.777633834404406366e-01
3.774565041534341803e-01
3.772639739458333308e-01
3.781636132473625844e-01
3.787776655052090824e-01
3.780733793343145077e-01
3.784304521318081482e-01
3.780242056410664242e-01
3.780253150168526588e-01
3.779373324973085424e-01
3.778595409029211760e-01
3.779310473238203238e-01
3.785004328694048237e-01
3.788664822642120455e-01
3.781705495345278889e-01
3.781163649595964404e-01
3.775029000546047397e-01
3.782158664125704894e-01
3.799322243926808729e-01
3.788655233853943649e-01
3.788245755880724763e-01
3.779234101945045388e-01
3.771743464810689561e-01
3.783359686733652749e-01
3.785742413136888862e-01
3.788846895451106755e-01
3.782231200675132965e-01
3.788326280623469655e-01
3.779731070129526138e-01
3.793640968404860536e-01
3.788424432451760193e-01
3.779576373218734853e-01
3.783727830214715926e-01
3.792503268144317152e-01
3.787557526198030433e-01
3.778984976702750576e-01
3.780361734153608322e-01
3.785066208498463758e-01
3.784806537852783981e-01
3.789757120345192964e-01
3.784587566988806273e-01
3.793063803685068347e-01
3.784282195273483973e-01
3.783868086773323203e-01
3.778377289827019037e-01
3.782651426073782575e-01
3.790239155797270332e-01
3.786894327913010172e-01
3.786256003119790048e-01
3.785441924720354678e-01
3.785682054242881511e-01
3.782263072764973089e-01
3.775644639096792377e-01
3.784509977697808614e-01
3.784820999662884544e-01
3.786516295628811202e-01
3.780736026485568280e-01
3.790705099251813759e-01
3.781230337137522213e-01
3.789817796078936429e-01
3.786577373263403379e-01
3.784247155443076771e-01
