6.671112732611013119e-01
6.675142718697459898e-01
6.676944142538847604e-01
6.669276370953292066e-01
6.677322013142480417e-01
6.681964710628134352e-01
6.666235210769180242e-01
6.673554982157025028e-01
6.667001670098916533e-01
6.671574898530935327e-01
6.677903219635796805e-01
6.691998433599510854e-01
6.669718143282791223e-01
6.675119432975944456e-01
6.680216182366562894e-01
6.671670257252748648e-01
6.675410016108862532e-01
6.659874815585318242e-01
6.672957424859482511e-01
6.681152777275879417e-01
6.676385554747961137e-01
6.668594430818139962e-01
6.687561499142651300e-01
6.672325666832117363e-01
6.669368682119460878e-01
6.670501773477336416e-01
6.670012973711269000e-01
6.671342187456350548e-01
6.680622744214858022e-01
6.685879202857314407e-01
6.664397788663654065e-01
6.671800769520486174e-01
6.673739712733792739e-01
6.679034999573656428e-01
6.667914082838657386e-01
6.675215934024300024e-01
6.673311486714260665e-01
6.676904333617041942e-01
6.683416849282133310e-01
6.681225607220315776e-01
6.675177258094180388e-01
6.681237655183217550e-01
6.679988152909579480e-01
6.674425232283058840e-01
6.679585200281481505e-01
6.686278456150112071e-01
6.675197825457352963e-01
6.673952554881088517e-01
6.673594333033523451e-01
6.677402002896510869e-01
6.680033629258181893e-01
6.670110673515998734e-01
6.671230051831258390e-01
6.675293522044261074e-01
6.672238231914879858e-01
6.684068525896469382e-01
6.685501351891403043e-01
6.678657340592177860e-01
6.675911910145692074e-01
6.668251664449846849e-01
6.673015060385727448e-01
6.679557134009379560e-01
6.675706486381033367e-01
6.676986722812847663e-01
6.666155575896999252e-01
6.674994597123818929e-01
6.676622884851677320e-01
6.672558714275919067e-01
6.662634655684593898e-01
6.672882911575108711e-01
6.671853239659474299e-01
6.664397870822367231e-01
6.662461616668265973e-01
6.673823074145734946e-01
6.675936577967365171e-01
6.672213065086439743e-01
6.670131017041698307e-01
6.683806371467397867e-01
6.666917996562606863e-01
6.665737366358972515e-01
6.676362826463624334e-01
6.677357951132858460e-01
6.680896481537782483e-01
6.677771530784273324e-01
6.677211868373253978e-01
6.671254166964720733e-01
6.672166075611706271e-01
6.677144498871694367e-01
6.687174501222059586e-01
6.678258508969295848e-01
6.670164719434821254e-01
6.677936492265268420e-01
6.673973782120599108e-01
6.683020514795339206e-01
6.666586023181643172e-01
6.671174887873470016e-01
6.679272037040503429e-01
6.673341416587160735e-01
6.671037010114175825e-01
6.675990670044478215e-01
