2.526763781363726702e-01
2.551347276316625612e-01
2.546824841441800436e-01
2.535803624137003554e-01
2.542939315782745124e-01
2.544382022357535300e-01
2.540848552962248208e-01
2.556156399226981457e-01
2.538182505985067117e-01
2.545778804493523673e-01
2.547570542413732930e-01
2.535998609683690064e-01
2.546292949084315582e-01
2.535915860079388517e-01
2.538474792232012223e-01
2.548363557489738973e-01
2.540645872405413730e-01
2.547703752310901404e-01
2.561037225424202535e-01
2.539932853907648780e-01
2.547536925095509330e-01
2.545999397315771295e-01
2.557212904751153815e-01
2.538682544335825741e-01
2.537168199989801032e-01
2.551062502149782363e-01
2.540476213756512891e-01
2.541368907997333948e-01
2.543347638380244469e-01
2.534946150396010789e-01
2.530889670774343903e-01
2.533029016907013542e-01
2.545908474347916561e-01
2.546018632610455024e-01
2.533779335172015035e-01
2.536398265412627695e-01
2.542049084453555929e-01
2.554601446228051409e-01
2.557585091494611329e-01
2.547242963818583950e-01
2.553846318928446602e-01
2.545048864724572257e-01
2.539542365195220364e-01
2.545433382443079706e-01
2.560219487301036989e-01
2.541715201664558332e-01
2.538834549110794425e-01
2.546164820647093818e-01
2.538698134325231281e-01
2.541264160555188889e-01
2.539736827279235332e-01
2.537738032360978835e-01
2.532339686265481227e-01
2.541384569853083475e-01
2.538449654212613926e-01
2.535154563669564376e-01
2.543748704107077763e-01
2.551906320909392289e-01
2.548733473460640386e-01
2.540448863972469828e-01
2.530083355837405845e-01
2.540923337277847249e-01
2.551380962374382166e-01
2.549252233286394276e-01
2.541105703942595495e-01
2.539812029352985223e-01
2.542059009381719137e-01
2.543845268605302579e-01
2.534195916944176896e-01
2.546128629494390228e-01
2.545735874889765715e-01
2.537752482805083476e-01
2.540920579407074942e-01
2.542037776648736758e-01
2.551027551342391897e-01
2.551046759215352955e-01
2.547567438889479230e-01
2.537715812046316133e-01
2.535004352441084241e-01
2.560703944379873476e-01
2.545488749372687431e-01
2.545307324778098290e-01
2.537820926751165884e-01
2.540212120775668936e-01
2.548639956085382852e-01
2.543281079300058201e-01
2.536534293900122861e-01
2.536912693132405971e-01
2.544702124568686274e-01
2.534107779959333673e-01
2.540891004424675748e-01
2.541914883969414451e-01
2.538426493366557901e-01
2.530529072703968652e-01
2.536918798599399061e-01
2.540810550995056261e-01
2.534080252274384382e-01
2.532038428250081297e-01
2.543889441226383497e-01
2.533633378593428964e-01
