4.954472421354675499e-02
5.072273792037133161e-02
5.188559953102124533e-02
5.036122654345379090e-02
5.032936163752960157e-02
5.006919905243863156e-02
4.998407427352843935e-02
4.965589591046182250e-02
5.075311596137620229e-02
4.933287135844446891e-02
5.028973881291789322e-02
4.920951065083552234e-02
4.985692703259242409e-02
4.960804822742051479e-02
4.997668145989089816e-02
5.040054380826043678e-02
4.913851569181258705e-02
5.044966533623858329e-02
5.090626372635374819e-02
5.075454485974325441e-02
4.975146774880681577e-02
4.996211821226374805e-02
4.957612750363595694e-02
5.047534098229317090e-02
4.958716363375480218e-02
5.010926608339602573e-02
5.051950900586884424e-02
5.032247098780429084e-02
5.014625799971869635e-02
5.053246815926852598e-02
5.055666360280143545e-02
5.097383104669909321e-02
4.985610075006771669e-02
4.939750117185530420e-02
5.049797605708096493e-02
5.109933074262950486e-02
5.029261108559912596e-02
4.994815053675941835e-02
5.019742361922370499e-02
5.022855343611325879e-02
5.202354805665106163e-02
5.161207178164142761e-02
4.971988170936579576e-02
4.972203149321803572e-02
5.025617842213243175e-02
4.917903589832314099e-02
5.080443786724653243e-02
4.943209558150003791e-02
4.975019485828932608e-02
4.995102080988475524e-02
5.066633190563397254e-02
4.953543894906590334e-02
5.066075589045479499e-02
4.990936642384783545e-02
4.954249288198705331e-02
4.998729822715040905e-02
5.107188689285232369e-02
5.034797283455547806e-02
5.008934111308843695e-02
4.962034865042649900e-02
5.070683884680234066e-02
4.910783647907406013e-02
4.943894265049154912e-02
4.938518647111235504e-02
5.041137704027513072e-02
5.043577104646110310e-02
5.004059442370807631e-02
4.998504550427456533e-02
4.975354405523841478e-02
5.052533512730319337e-02
5.183593659184011770e-02
4.994623540672998852e-02
5.041267578175073760e-02
4.920127372825914419e-02
5.080041672319016155e-02
5.057888143154435495e-02
5.006762073400590485e-02
5.037944903572831590e-02
5.185527843535703285e-02
5.112535623025769860e-02
5.091722157335876880e-02
5.021515103261860180e-02
5.046606309978211857e-02
4.950677980949103052e-02
4.991132487083125430e-02
5.030511538991386256e-02
4.968867792647193443e-02
5.120657297450477430e-02
5.083261594011161122e-02
5.027032598379753414e-02
5.002803490664664565e-02
5.113791259380887078e-02
5.106407682105993523e-02
4.991086624564002039e-02
5.004431728404709623e-02
4.955205739032321477e-02
5.066294324676328537e-02
5.120949789557216469e-02
5.006046005134456162e-02
5.131609360543850501e-02
