8.642386124049266094e-01
8.658554498588415527e-01
8.632965228320386153e-01
8.647644787859565252e-01
8.652266576046181434e-01
8.635168892988625000e-01
8.641898829391133630e-01
8.646252837540868708e-01
8.644482072526633587e-01
8.649091994538118389e-01
8.652411547033769246e-01
8.630667344011937470e-01
8.658041709041507383e-01
8.647418903892777342e-01
8.648559925142580429e-01
8.646221726219132098e-01
8.644399914048213063e-01
8.655854226144983343e-01
8.642059238339356853e-01
8.648610972733665747e-01
8.642411052451921538e-01
8.655826124598755555e-01
8.653429224065631864e-01
8.643502886606873048e-01
8.651315253708644626e-01
8.648000628155861902e-01
8.656263738403340291e-01
8.648614736780688705e-01
8.643732435429214433e-01
8.646759477848595665e-01
8.653636543045173379e-01
8.640843877816276608e-01
8.638482076502315143e-01
8.643038717113750158e-01
8.647451998490934821e-01
8.651209288213390636e-01
8.642829717487413577e-01
8.641803287275149348e-01
8.636890773388451459e-01
8.649698855787679719e-01
8.642278743435205524e-01
8.659131509190510778e-01
8.639679340611454705e-01
8.646655971012372488e-01
8.649735739910788812e-01
8.642157790011224527e-01
8.655436246762949759e-01
8.640891795087692895e-01
8.647292011070359941e-01
8.633497729655623676e-01
8.637805866305443558e-01
8.645753631847560294e-01
8.642326474070345377e-01
8.642052778913033029e-01
8.628060194022890705e-01
8.632678469527076404e-01
8.652510471344474485e-01
8.644305018547082664e-01
8.640940209891909696e-01
8.649272026083616449e-01
8.639413629929179050e-01
8.645186766684557211e-01
8.641811336033444757e-01
8.637250400249302240e-01
8.634945436977192745e-01
8.644528232692134662e-01
8.643863710419904534e-01
8.641888014715570776e-01
8.654897629442148688e-01
8.641084306117926550e-01
8.636565995230089943e-01
8.644502622529806057e-01
8.639918551689490522e-01
8.649301338077595158e-01
8.634257726476597394e-01
8.645675032394102288e-01
8.647522185613008006e-01
8.653917495931211512e-01
8.647184927221567285e-01
8.633056397177556462e-01
8.650260652382446569e-01
8.641647359346522617e-01
8.654965598033694807e-01
8.647583939725462798e-01
8.639838100733243653e-01
8.651890544849816234e-01
8.637503327869286984e-01
8.640933451113660402e-01
8.648154021327483232e-01
8.643535435595124383e-01
8.648182249231358698e-01
8.654018675253429826e-01
8.652946968901295000e-01
8.658564253935842059e-01
8.656488110802411651e-01
8.656488505947361745e-01
8.648805135805646138e-01
8.639539483399706343e-01
8.644939610964359478e-01
8.649602644073923763e-01
