7.631005932385926949e-01
7.635293284003978886e-01
7.630231217055216675e-01
7.628996461495567427e-01
7.634351644785126734e-01
7.642264609646535201e-01
7.641035197132162171e-01
7.633369718487365008e-01
7.634831461835515087e-01
7.629742391026326231e-01
7.639965364829047756e-01
7.637888358379816278e-01
7.635800144934956624e-01
7.629269941588124881e-01
7.642631318314943023e-01
7.630209977313967551e-01
7.632510199287172448e-01
7.634890567000452988e-01
7.639325286671964088e-01
7.625377627160776495e-01
7.628281906576075411e-01
7.636703237364661501e-01
7.625616676259239224e-01
7.633530796750802594e-01
7.633920714718860356e-01
7.642199225530653672e-01
7.642886900737513312e-01
7.627437123727582868e-01
7.627133148118332429e-01
7.638216945358279331e-01
7.629947283079538956e-01
7.633510253901314435e-01
7.650067252104657545e-01
7.634098330046392711e-01
7.654073225845979822e-01
7.636702841208711234e-01
7.632463074653639268e-01
7.628721219079773741e-01
7.636954984444206396e-01
7.638096615979057535e-01
7.634450588313520525e-01
7.629033319906921573e-01
7.628201555321278970e-01
7.646658305954513457e-01
7.636305254263290321e-01
7.638798240770210413e-01
7.631466578426568947e-01
7.633641320504378491e-01
7.632648762917109142e-01
7.633092339590179520e-01
7.637589442445765764e-01
7.640623192287816501e-01
7.636046305422325986e-01
7.635326274469075303e-01
7.623654955663933253e-01
7.625674258360269908e-01
7.632672021170314736e-01
7.640218170114251306e-01
7.638764324550817442e-01
7.637181734697022772e-01
7.627791772316314667e-01
7.635669008659543566e-01
7.636724172039307534e-01
7.648807668480448463e-01
7.634682144666965486e-01
7.641033587594208143e-01
7.635074289546360804e-01
7.633000916064791586e-01
7.631973891556215195e-01
7.635783922074993457e-01
7.629138416893139762e-01
7.633195224663525957e-01
7.627055630744008496e-01
7.641266423187362822e-01
7.633790452887619926e-01
7.645952666327788805e-01
7.638900685372544963e-01
7.636489129975998491e-01
7.639771559886749941e-01
7.635659812082743469e-01
7.627899663453139301e-01
7.639896562211364595e-01
7.638672070717098528e-01
7.632074345119739256e-01
7.639667343053615500e-01
7.638240322682428030e-01
7.630485730383733678e-01
7.636926311711186299e-01
7.631447453249152746e-01
7.637878446816003253e-01
7.633968592910119755e-01
7.628917803088425265e-01
7.642386277869133160e-01
7.642687249299005003e-01
7.630660537123847842e-01
7.634384993229956784e-01
7.650829287928965217e-01
7.633737269873650533e-01
7.633776120398059195e-01
7.633449335789727064e-01
