1.378012911018968445e-01
1.400057220990679752e-01
1.382394291003063991e-01
1.392612621755812685e-01
1.390907175988269073e-01
1.392957805254779746e-01
1.390848543583773078e-01
1.401928101571623952e-01
1.395816843106598149e-01
1.390494803429772330e-01
1.400741680134517386e-01
1.389247479102707628e-01
1.386485650198181208e-01
1.380855195072904495e-01
1.396994003136018958e-01
1.396008640578722537e-01
1.392933080855220940e-01
1.383374885539577770e-01
1.397289444161922134e-01
1.393197490432892260e-01
1.398906756434201704e-01
1.388739426036738056e-01
1.391547952809164823e-01
1.386371910030435861e-01
1.386556544786146650e-01
1.384677473002732806e-01
1.385934481865250256e-01
1.402518310625540110e-01
1.395781200858394189e-01
1.390314135948237939e-01
1.398659211820207360e-01
1.401510803372484348e-01
1.389560844918197868e-01
1.394440359194491497e-01
1.388455633620315210e-01
1.388025316757240946e-01
1.387972485239073739e-01
1.410473066929381347e-01
1.395212898672653357e-01
1.389515076291232276e-01
1.392142428377464436e-01
1.386508330495548058e-01
1.392751661527709961e-01
1.393938132561185483e-01
1.385629864956931523e-01
1.391704718470780922e-01
1.398604831989673780e-01
1.387039644090099499e-01
1.386570311563236624e-01
1.392962203715898406e-01
1.394173644602735296e-01
1.388737976570110777e-01
1.388982301388963503e-01
1.392900771849288066e-01
1.383102589543910854e-01
1.403797382216439293e-01
1.387570794726340206e-01
1.386006406760731391e-01
1.387667532079743249e-01
1.386409894851157731e-01
1.388291141825891140e-01
1.389327848556577982e-01
1.393457007447181373e-01
1.392137935230273738e-01
1.387490808081193738e-01
1.398573762824579514e-01
1.378749896407812647e-01
1.379036355328066565e-01
1.392860016948377355e-01
1.398575625326790861e-01
1.401675974327830088e-01
1.397741506014382740e-01
1.388236995796276463e-01
1.394631945465043266e-01
1.387599456849525070e-01
1.401136604080476800e-01
1.400147530914864213e-01
1.397318882097258463e-01
1.389316193451176074e-01
1.395536800993452675e-01
1.391592657831605406e-01
1.392376092037494739e-01
1.391886825692081331e-01
1.384901176857375182e-01
1.382574940247944528e-01
1.394475280431193287e-01
1.393452357750669113e-01
1.401632331366002016e-01
1.383110533269364673e-01
1.393523961498719377e-01
1.391791779065537638e-01
1.379993925216655426e-01
1.393796684448086465e-01
1.394513957921920400e-01
1.399115998871867661e-01
1.392852068141182675e-01
1.399644396065539698e-01
1.396598027771005779e-01
1.391949161673181612e-01
1.397526694604077357e-01
