2.085323928816590899e-01
2.080564348773294991e-01
2.069537388408392853e-01
2.081139141235449075e-01
2.066259253281640673e-01
2.088213502792755083e-01
2.081177726800044203e-01
2.091239041858490022e-01
2.078409539971255438e-01
2.075595644332681178e-01
2.079495971682155941e-01
2.092702813189969424e-01
2.079905114269209598e-01
2.092961063706672842e-01
2.083191046409819669e-01
2.086569769189300927e-01
2.072758458715148189e-01
2.071714412798036642e-01
2.090399233766110643e-01
2.093374107387670213e-01
2.085412889884034060e-01
2.084074609565057246e-01
2.088495248577298402e-01
2.085488933977645010e-01
2.091613435688683964e-01
2.078625705830896564e-01
2.080123931874811871e-01
2.085808259706466994e-01
2.083868408042883758e-01
2.084562832998078097e-01
2.082764968268004946e-01
2.084602225918226193e-01
2.083522708861708095e-01
2.077103832404854633e-01
2.091273489213786307e-01
2.079824437028968964e-01
2.076557820225178319e-01
2.080317072899958708e-01
2.078611605158950382e-01
2.079801548310600268e-01
2.084466282383721225e-01
2.079817694116279370e-01
2.081555369009478462e-01
2.086862941486998246e-01
2.068463122683388833e-01
2.089229298296703952e-01
2.086481386605814614e-01
2.082847636972268712e-01
2.080923321625827160e-01
2.080958295996969132e-01
2.079194385776706178e-01
2.088985460670793881e-01
2.077307876219818272e-01
2.080685049604211745e-01
2.080690465854697357e-01
2.078308895657474120e-01
2.075613195776969122e-01
2.088883790674547769e-01
2.080636146113710727e-01
2.081722951973296043e-01
2.080246262749777530e-01
2.080539057089965671e-01
2.088209327902413870e-01
2.070283003542479350e-01
2.084020662502802934e-01
2.074525180085921572e-01
2.080618155893548260e-01
2.078291514010763008e-01
2.078343114718573803e-01
2.076130022594577795e-01
2.076785791621398314e-01
2.081427213933833009e-01
2.089660334494412020e-01
2.072445761433215627e-01
2.069029381177028837e-01
2.083008460494231162e-01
2.081645884128571211e-01
2.074080181712545101e-01
2.076214800854384035e-01
2.081017698651082548e-01
2.086909768864469994e-01
2.075668860960516171e-01
2.077478935360849155e-01
2.083110237717845648e-01
2.078947149945455930e-01
2.087552470772648383e-01
2.084737283214595227e-01
2.057276361002587373e-01
2.091386575526059111e-01
2.086718343803690701e-01
2.080415948415765826e-01
2.091170942917172648e-01
2.080717670969980393e-01
2.077796734652842259e-01
2.080856211286759017e-01
2.089188650599257402e-01
2.083516370333124701e-01
2.093930925424073997e-01
2.092625132454953851e-01
2.078312417915998411e-01
