9.959266440500823547e-01
9.968700728720201187e-01
9.975637987772147941e-01
9.975035583035550824e-01
9.977199554731812636e-01
9.974621877247326074e-01
9.970141173078974628e-01
9.974206789723157884e-01
9.982788910148876482e-01
9.981639427361568284e-01
9.976989238941220695e-01
9.983577805793242277e-01
9.975773495083201103e-01
9.990772937638074946e-01
9.968068537879097857e-01
9.978715609479253956e-01
9.975993480726561558e-01
9.977256822826973126e-01
9.979821710486649344e-01
9.972905450885621859e-01
9.978089589086726052e-01
9.984434799846624298e-01
9.966060076038329996e-01
9.976783615025832663e-01
9.976179190576797140e-01
9.971297882545652191e-01
9.964325585836196764e-01
9.971661420212962756e-01
9.974385923415912680e-01
9.979215590116330414e-01
9.977866235370390635e-01
9.976257064406930386e-01
9.979672330622151311e-01
9.972407017129210072e-01
9.982878031880961789e-01
9.970011261239922762e-01
9.977829164856442112e-01
9.981755182510445579e-01
9.983315860978160261e-01
9.970623033995531515e-01
9.981693168952920914e-01
9.968883554618859222e-01
9.981565807107384281e-01
9.985874317784493304e-01
9.976595119323048433e-01
9.976173452519545570e-01
9.985955056670284824e-01
9.970983081596134223e-01
9.972326124585730867e-01
9.977297084397547255e-01
9.980667015679547394e-01
9.971715155015936638e-01
9.974450398297324272e-01
9.966886459037651580e-01
9.982719771173610424e-01
9.973469623391815198e-01
9.975214113129884375e-01
9.984058855777068198e-01
9.981275798940903998e-01
9.984809341257624427e-01
9.979674332669286052e-01
9.978085053623748646e-01
9.975933540872230498e-01
9.972881305479717184e-01
9.973166765971219760e-01
9.984816781238128325e-01
9.974264491275350863e-01
9.972278874491650180e-01
9.967880380411056063e-01
9.969784922005283656e-01
9.975560250268425966e-01
9.972082278652285581e-01
9.986173651508484239e-01
9.974825632547792420e-01
9.977680852874329931e-01
9.982068986116756637e-01
9.977133783262439604e-01
9.982637228140042174e-01
9.973326752138057527e-01
9.979175561372561898e-01
9.976700598188218416e-01
9.969408000171229300e-01
9.976444159214445939e-01
9.972972101572723513e-01
9.983440687545653835e-01
9.969492656899046068e-01
9.982019537531987563e-01
9.978112981235929269e-01
9.993069414377977466e-01
9.972131794100286273e-01
9.983267552257405475e-01
9.975614082899044721e-01
9.973982799984396630e-01
9.981095236080350652e-01
9.970137099302970318e-01
9.978680034693809819e-01
9.975021457473687292e-01
9.971533614478563790e-01
9.984009862621541220e-01
9.965542853481712537e-01
