7.312645348316833271e-02
7.740766510618558860e-02
7.550690499511100717e-02
7.502724608150473928e-02
7.632849603615293743e-02
7.573676016021867186e-02
7.567133149564495009e-02
7.553673714326174238e-02
7.536250779495123897e-02
7.566793267665813949e-02
7.580239763963436683e-02
7.483802565442305987e-02
7.575777094992283689e-02
7.548582611910861773e-02
7.558842817408052694e-02
7.362286883534900628e-02
7.496590664017643846e-02
7.459696202029481027e-02
7.584636629458485491e-02
7.600611183938896231e-02
7.520690763788892563e-02
7.469545279377132196e-02
7.611492791238066991e-02
7.594017701127046827e-02
7.367035369914697041e-02
7.470104345053313333e-02
7.499466883498906444e-02
7.528842613452320365e-02
7.564556793182829197e-02
7.477927269354683881e-02
7.508596716117471592e-02
7.546885338764811046e-02
7.539373931531206940e-02
7.564177188077410297e-02
7.443559014413722585e-02
7.454135320809802956e-02
7.542417677891588568e-02
7.403806108674704234e-02
7.579681608355820499e-02
7.491991733769351458e-02
7.468505551841872481e-02
7.544914640228286840e-02
7.534682871682056582e-02
7.561892167972862622e-02
7.578973554437187787e-02
7.462032124683846968e-02
7.566746720632898382e-02
7.643419573023448044e-02
7.521322663932802910e-02
7.568175787757683293e-02
7.541406981365753048e-02
7.544207568285291043e-02
7.537458568257580926e-02
7.534699126104382749e-02
7.564406399587475516e-02
7.548789616792142554e-02
7.492678995856816293e-02
7.542329868109633184e-02
7.469052748273793951e-02
7.451029821582788593e-02
7.511106355870278417e-02
7.622109937900548027e-02
7.404449048287514712e-02
7.551555134794887825e-02
7.404406886078718220e-02
7.522439697343713538e-02
7.581070626248122279e-02
7.499902864495283650e-02
7.621161508293858300e-02
7.640462695049665687e-02
7.550709845081639282e-02
7.571139910218978308e-02
7.508489714045751828e-02
7.536003845600194873e-02
7.610436238090559358e-02
7.543012867562530477e-02
7.543993629338319185e-02
7.533101248088958091e-02
7.465140948919821162e-02
7.547171531276988810e-02
7.563733600158184522e-02
7.519881518898043071e-02
7.561097611070666247e-02
7.582476798194030809e-02
7.599339716321466820e-02
7.498864220321545260e-02
7.531656747504704430e-02
7.537325771803354835e-02
7.531253709247813510e-02
7.475232289793171114e-02
7.543433094329447808e-02
7.601334815243546150e-02
7.591426298253932392e-02
7.489438839623251132e-02
7.522626961828302039e-02
7.561238958029641022e-02
7.504485804958906103e-02
7.543579853810555846e-02
7.433168491661784616e-02
7.538255713174928097e-02
