8.671126260401362806e-01
8.669304787621977537e-01
8.672423801337251215e-01
8.682738567216518044e-01
8.680336504389156715e-01
8.680023172582109758e-01
8.674295085321772625e-01
8.676009942843130318e-01
8.680792584537831980e-01
8.677480073161845109e-01
8.690634644413837151e-01
8.675815408629705683e-01
8.673896304430146476e-01
8.681724226383453757e-01
8.666115680724861825e-01
8.666601019992634658e-01
8.672819653476607771e-01
8.671032311540229909e-01
8.674608272804094078e-01
8.678330359852779452e-01
8.686641914863103553e-01
8.681842972144798720e-01
8.679874909375906444e-01
8.681233093166940140e-01
8.666212775624433373e-01
8.670086605229845311e-01
8.675510524895317932e-01
8.676982992229986813e-01
8.677966291423123701e-01
8.680322664784272391e-01
8.683196226395392125e-01
8.684310228228765416e-01
8.679891594990249981e-01
8.669641267025075537e-01
8.670724987284563756e-01
8.678428650407674638e-01
8.676966560054142352e-01
8.680871054401686493e-01
8.692355072389408299e-01
8.672633547595834935e-01
8.675407620142652210e-01
8.678007329100314582e-01
8.683167148935975188e-01
8.682589253233916615e-01
8.680464705452221041e-01
8.680022670924973927e-01
8.669975833370635598e-01
8.670929420176470837e-01
8.672570176280300913e-01
8.678563103647997101e-01
8.676084872682683358e-01
8.675653843092476780e-01
8.673460275395971086e-01
8.668737430348483208e-01
8.678475782060683930e-01
8.675499024663217984e-01
8.681741961214171077e-01
8.671468018627717100e-01
8.687240308238038944e-01
8.673960984366997362e-01
8.682670980746192146e-01
8.683460852122106832e-01
8.678370357452313000e-01
8.685350469888648561e-01
8.678824280357936294e-01
8.662686619708234170e-01
8.678321595651994347e-01
8.673720166432015155e-01
8.672042452297519244e-01
8.675873499409432199e-01
8.680703376211988953e-01
8.666641997356960836e-01
8.668619098457144290e-01
8.677905022045024896e-01
8.675639035655504649e-01
8.679316366993136134e-01
8.668956233302363978e-01
8.668334309032643681e-01
8.673659709553175334e-01
8.681720452167565050e-01
8.682718583303892235e-01
8.693900819149926740e-01
8.669734168839533517e-01
8.679932647334980267e-01
8.677810011475359797e-01
8.688386441292936802e-01
8.683413368662642462e-01
8.684082235157258856e-01
8.673396800461592449e-01
8.669027850482137199e-01
8.681665333723800337e-01
8.685741910860766968e-01
8.680554536964795176e-01
8.682341917214142502e-01
8.665740933612391395e-01
8.671582927091096016e-01
8.674430345900249195e-01
8.673159061379071000e-01
8.679619187320871676e-01
8.672896401479753825e-01
