6.003468756670622408e-01
6.015679245409490949e-01
6.015395925509113839e-01
6.025025579161367162e-01
6.023043766451476877e-01
6.005300589796536137e-01
6.013124799777074259e-01
6.014333505277932312e-01
6.009121793209883933e-01
6.011017498897204270e-01
6.022623270593516764e-01
6.014684753925042537e-01
6.016871663157608019e-01
6.010294743400179662e-01
6.010818766204777397e-01
6.013117026620871108e-01
6.020543171098254875e-01
6.016123160963382510e-01
6.005716524028175130e-01
6.015144231862263879e-01
6.012723692620738358e-01
6.015739202442317302e-01
6.014903288394919390e-01
6.007476640069095986e-01
6.007861974211378131e-01
6.011982477595995134e-01
6.017793414251810802e-01
6.016142391751517771e-01
6.012234885106142457e-01
6.012600427195772257e-01
6.028758630295634191e-01
6.016695160435636680e-01
6.009357906114876080e-01
6.009338530066762329e-01
6.019640530435437231e-01
6.009526204848973929e-01
6.015156255894797965e-01
6.019322712854486834e-01
6.015964541423531875e-01
6.013675541152414539e-01
6.016141559503185299e-01
6.027155619358715022e-01
6.002595821490530614e-01
6.019781789112635950e-01
6.008004411161869118e-01
6.003915617333589472e-01
6.017028381926213809e-01
6.014994936774770151e-01
6.026989316692124010e-01
6.018537270646427961e-01
6.019546210641546491e-01
5.995200023438868042e-01
6.005990027459344738e-01
6.009981671889793597e-01
6.014593557715184335e-01
6.017391882360635380e-01
6.007553048939406892e-01
6.005589695389270677e-01
6.010697837365082119e-01
6.013590487033677601e-01
6.015583759962314092e-01
6.008957016625016134e-01
6.015593566926552560e-01
6.015345486276609810e-01
6.009363132193946688e-01
6.011489881134480795e-01
6.025175564108036230e-01
6.008874034473666859e-01
6.015280955417057207e-01
5.996234738916086382e-01
6.012045310959122091e-01
6.014787015252982538e-01
6.011290398181948769e-01
6.010584744814768676e-01
6.006414473697533341e-01
6.026281378088022000e-01
6.019380197666741594e-01
6.013233283876773250e-01
6.029075638885129651e-01
6.013059136465201959e-01
6.016637081406532861e-01
6.009967107511907658e-01
6.016196686273849181e-01
6.012171757457333010e-01
6.017512456247748887e-01
6.017526807680733114e-01
6.006624011646630734e-01
6.013460217957100618e-01
6.022952220877151319e-01
6.014625837779510320e-01
6.005677129622747357e-01
6.023818391880556566e-01
6.005330644533403150e-01
6.027597785695180121e-01
6.014121568218985248e-01
6.019681211663838738e-01
6.012405289425131194e-01
6.020575290532304003e-01
6.014435882249473675e-01
6.018538133501714071e-01
