9.889130508802304043e-01
9.893664746549151179e-01
9.883276626765326034e-01
9.890272016398327093e-01
9.883891587277143786e-01
9.890569379758643587e-01
9.894336492144761852e-01
9.887194063088848850e-01
9.893351378104081606e-01
9.887608776321469284e-01
9.899628909096478413e-01
9.891187038821911415e-01
9.887133532346148446e-01
9.901876902826312055e-01
9.890693186014694049e-01
9.890456282166134594e-01
9.887775135527058223e-01
9.895201623236913324e-01
9.891157069696808746e-01
9.889521230126725460e-01
9.888222057245019680e-01
9.883328899649674870e-01
9.897141170462198101e-01
9.887249677304977835e-01
9.902580816692854171e-01
9.888684798510132268e-01
9.901337327634401886e-01
9.895973028292062157e-01
9.893433391711357050e-01
9.893266186110276639e-01
9.896028331604977968e-01
9.899112216675680642e-01
9.893303162806237339e-01
9.883456987355019319e-01
9.893342829116256176e-01
9.894320886647454127e-01
9.886663347115767220e-01
9.891610170564109072e-01
9.888737671259661965e-01
9.891739882188277377e-01
9.896843474225152093e-01
9.882199481638460625e-01
9.885340779038311876e-01
9.894061495027054454e-01
9.886855774980247702e-01
9.900873741518916304e-01
9.888425233162053685e-01
9.891601264990427245e-01
9.894359517841353480e-01
9.890991050146239472e-01
9.890266839309047597e-01
9.891939528196234122e-01
9.892879958981182220e-01
9.886678418515890687e-01
9.880755492137571760e-01
9.892355055765511551e-01
9.891079632911290442e-01
9.889031566391643935e-01
9.885258647099894880e-01
9.889753362429256622e-01
9.878471945855912262e-01
9.896025872962619374e-01
9.889268067452041677e-01
9.892515316425904981e-01
9.892579211188958777e-01
9.887578381907685676e-01
9.886388993917869517e-01
9.886427478110205724e-01
9.884339220327940101e-01
9.904330693806183694e-01
9.880974031002500713e-01
9.885339908685528698e-01
9.889046024080567765e-01
9.893678133032719479e-01
9.889422255779714011e-01
9.886016457269839464e-01
9.896960331936690558e-01
9.896150460915387193e-01
9.897903308562586711e-01
9.888856536526776653e-01
9.885435816796794839e-01
9.887582267176115991e-01
9.898773818313635342e-01
9.896140014446535016e-01
9.890505851570883245e-01
9.892432328202338532e-01
9.897035437170853545e-01
9.906275083988440588e-01
9.892711086281057442e-01
9.897078779183789976e-01
9.889882650391670360e-01
9.898010774118533028e-01
9.865669151702229911e-01
9.888960867873831662e-01
9.892827023392486430e-01
9.882907132319151966e-01
9.887145329902096158e-01
9.895793634770340130e-01
9.884959891082865102e-01
9.888074517546510123e-01
