3.570483125400584212e-01
3.593147738655183554e-01
3.600047118068193108e-01
3.598057270141228892e-01
3.592470266667825984e-01
3.578451417972808302e-01
3.597236019080048419e-01
3.591897002171995368e-01
3.594631846836232603e-01
3.587435772705107606e-01
3.595140014088381575e-01
3.595010408501929100e-01
3.594524115520122409e-01
3.589940411094251216e-01
3.591942195829833651e-01
3.596240640873862859e-01
3.580508474794917295e-01
3.604883614345592013e-01
3.591259030676612340e-01
3.598152263281022556e-01
3.600925558261434123e-01
3.602714638613345732e-01
3.593380030205052256e-01
3.602356451237512802e-01
3.597299266721984412e-01
3.594723726565711708e-01
3.598001386239316202e-01
3.603563623764622914e-01
3.594333221765317332e-01
3.587961351087265438e-01
3.587034091040104400e-01
3.603546763636896744e-01
3.595707052008982885e-01
3.583503100350479698e-01
3.587085961592633154e-01
3.582240617002779848e-01
3.599502857083759499e-01
3.583990735301172403e-01
3.578003621264093104e-01
3.590325329245381836e-01
3.597512950523580333e-01
3.581860837504686201e-01
3.594243330221329469e-01
3.592007594032018414e-01
3.604028317869937270e-01
3.588005740064428295e-01
3.590718465971036721e-01
3.602099446267169602e-01
3.588714561548349558e-01
3.595626473964452785e-01
3.592799149602728392e-01
3.602974760420070144e-01
3.592659350591251299e-01
3.584785491312421080e-01
3.583759608985082612e-01
3.599018839784371981e-01
3.587766541198714187e-01
3.580755724996393385e-01
3.595947939538168270e-01
3.595124113970712409e-01
3.598078989174778308e-01
3.600421989831311675e-01
3.595666711417114803e-01
3.586802400335641350e-01
3.594879525783525875e-01
3.588275042732047004e-01
3.592926425537290580e-01
3.584979458592462143e-01
3.595913049767925362e-01
3.594560176878097701e-01
3.607423618301408008e-01
3.589312685027835070e-01
3.586392059027804780e-01
3.602422805243993276e-01
3.588970014407856235e-01
3.588259018343666340e-01
3.593326793001931918e-01
3.578089528735360347e-01
3.595428340279734902e-01
3.584483934940568273e-01
3.584499916126227537e-01
3.594200076877988037e-01
3.605286997866053444e-01
3.595954071113746098e-01
3.579676550615941144e-01
3.591386311957763811e-01
3.600154238596009471e-01
3.600537217481456498e-01
3.594309614698625865e-01
3.589412545932483267e-01
3.585888227048606991e-01
3.591991664546351215e-01
3.607287388526166927e-01
3.603991054280948347e-01
3.590100573158933051e-01
3.596564220404868673e-01
3.585803991113942768e-01
3.600068276439744031e-01
3.597482077682586654e-01
3.596140118556486187e-01
