9.759277562630845892e-01
9.757112945210018040e-01
9.762890336923731871e-01
9.756729692597981840e-01
9.758916372947230577e-01
9.752108776243871846e-01
9.761738871190899225e-01
9.745669242752337258e-01
9.768637932326218465e-01
9.759369916422092617e-01
9.755628158805056405e-01
9.753200327916309309e-01
9.763564595054121664e-01
9.763330749523050356e-01
9.763046461699526057e-01
9.753947091177742612e-01
9.768950731182171054e-01
9.752802353725368301e-01
9.764640244952382808e-01
9.750147460269227295e-01
9.765321198366844202e-01
9.754533967443008713e-01
9.752064417530893481e-01
9.752247369797379939e-01
9.755215397272252176e-01
9.762709488570793237e-01
9.760779229893815634e-01
9.762060868178845663e-01
9.751495896006712183e-01
9.751432743921765178e-01
9.757660957766589593e-01
9.758045188704587147e-01
9.760501432472457051e-01
9.756464660367606401e-01
9.760608216856287989e-01
9.766674230422414116e-01
9.763519430693942125e-01
9.758636467555952265e-01
9.753998293799089891e-01
9.764525384028979182e-01
9.757142479453109196e-01
9.762336423870374702e-01
9.752591995943051817e-01
9.765784351193947943e-01
9.764179799727268350e-01
9.754204668965175129e-01
9.763369337673172277e-01
9.766547932597124948e-01
9.752925094310458398e-01
9.757191260975806024e-01
9.758125472725796001e-01
9.755569491690447848e-01
9.751868177143029337e-01
9.758998889526064868e-01
9.763671576246315542e-01
9.756120469638354109e-01
9.752235832226388013e-01
9.761754200700467621e-01
9.755429232741551493e-01
9.762429640149221655e-01
9.759319853873209549e-01
9.763921420051691058e-01
9.767525697654674266e-01
9.758612456526771783e-01
9.761707527642681237e-01
9.762380834506920735e-01
9.756429816193182836e-01
9.765667431731007708e-01
9.763495610112986611e-01
9.749279538333893713e-01
9.761109646123088401e-01
9.754595210931846783e-01
9.760416235883631053e-01
9.752844131858032783e-01
9.755649859044781547e-01
9.757439698747604195e-01
9.760224628787066425e-01
9.759812886452801095e-01
9.763108688744301933e-01
9.756113540840893883e-01
9.747697392664735894e-01
9.754325848948325328e-01
9.757128372195760235e-01
9.749588259661278178e-01
9.762966037428688626e-01
9.755186321400909355e-01
9.760035891232008431e-01
9.766827347041600049e-01
9.755991053411046110e-01
9.758707417408633011e-01
9.755536944477213313e-01
9.764720667700765855e-01
9.761478186190408746e-01
9.772189446031653848e-01
9.753346862155904962e-01
9.758106530050237870e-01
9.767069339121996485e-01
9.750540130468783317e-01
9.755530908446723437e-01
9.760749193614673969e-01
