6.762549621458806559e-01
6.769507564441306080e-01
6.772840111955051867e-01
6.782051526273069619e-01
6.776169134526315307e-01
6.776785203109014777e-01
6.769426154646371874e-01
6.781613800659469504e-01
6.790575558180764748e-01
6.775628545409444481e-01
6.778074486904019924e-01
6.778610926277196524e-01
6.779442851317778462e-01
6.775633742307711760e-01
6.777185885828399536e-01
6.783735196995841488e-01
6.774701885668275025e-01
6.771378491691470991e-01
6.783865969282076858e-01
6.772935984568024814e-01
6.775511469541679599e-01
6.784499295267021335e-01
6.779134206270954754e-01
6.780504164826832714e-01
6.756095434359615792e-01
6.777595272239761437e-01
6.770951812197671948e-01
6.770214615662455415e-01
6.775380816539866569e-01
6.766889235235065136e-01
6.776783761829074937e-01
6.777187527751893370e-01
6.778375417897039013e-01
6.781736165084576440e-01
6.774864804591557155e-01
6.772378581083835503e-01
6.770474844099979572e-01
6.768837988307263576e-01
6.776770586569446087e-01
6.768474248371437740e-01
6.771373628495364061e-01
6.765479297622787325e-01
6.775297358125645930e-01
6.763481385431133752e-01
6.766993218635248830e-01
6.780804917640368412e-01
6.763105598133147822e-01
6.776905760214236851e-01
6.777320477852007974e-01
6.780979147997499012e-01
6.762287240013411527e-01
6.779335815808921195e-01
6.780894039782618954e-01
6.773935754848992019e-01
6.785327565465381072e-01
6.765575503400678148e-01
6.772350137364855360e-01
6.777974584997594754e-01
6.775256184319115027e-01
6.762122722943477715e-01
6.768731859254450978e-01
6.766448282539653247e-01
6.771407069764329156e-01
6.773208794422725942e-01
6.767116675313562535e-01
6.780949892008873992e-01
6.767518795119047414e-01
6.786332363058362738e-01
6.769419011686821364e-01
6.770301795272544165e-01
6.768605460541965435e-01
6.771908925933592949e-01
6.770318634570339222e-01
6.771322273218416399e-01
6.777755523422978046e-01
6.777145296006998887e-01
6.771448996185631675e-01
6.771452489303587674e-01
6.772378403519245804e-01
6.785346708692833184e-01
6.762315843853463626e-01
6.782479748946914633e-01
6.772494270382478643e-01
6.779063143432214611e-01
6.775807435381169253e-01
6.772446337786041104e-01
6.783745823803297714e-01
6.770772857540683365e-01
6.770538606954794592e-01
6.776208586413697832e-01
6.773831312738683996e-01
6.788286560869701836e-01
6.765488797985801384e-01
6.764992756479772940e-01
6.767246158014244006e-01
6.770987840914060030e-01
6.782712410969089500e-01
6.771100029214849325e-01
6.774403141112124160e-01
6.776377558526351930e-01
