3.171751906127221465e-01
3.186469793247698190e-01
3.171902820313540761e-01
3.194992372070269426e-01
3.191452445231957036e-01
3.180165554170003572e-01
3.185948073008914028e-01
3.184004854833833997e-01
3.192341597638068684e-01
3.173373921926686547e-01
3.184976410400079949e-01
3.183541635983103135e-01
3.185695985525664464e-01
3.191800325014019779e-01
3.187125952794926387e-01
3.185278752648847411e-01
3.177680457210702025e-01
3.174561978371310822e-01
3.190047482658049383e-01
3.203899051708156698e-01
3.187804511392455797e-01
3.179243941786901173e-01
3.185811159336470189e-01
3.189478309239685005e-01
3.179991040664789659e-01
3.188417621173813554e-01
3.179144758693257522e-01
3.184848669093727214e-01
3.185894315146428624e-01
3.179749782845540107e-01
3.186057666211144501e-01
3.179935675831728203e-01
3.177634102441896369e-01
3.191937005286195617e-01
3.189561703980247631e-01
3.183862014355381964e-01
3.178528526498154427e-01
3.184915522680372701e-01
3.190828545203735489e-01
3.189566549968514964e-01
3.179296788100253179e-01
3.172002853393859345e-01
3.185574555990640100e-01
3.183466940935037459e-01
3.178474921056005931e-01
3.178622597492791746e-01
3.180894629610831470e-01
3.188809732585957124e-01
3.189176657067270826e-01
3.180099820030410362e-01
3.178512161208255082e-01
3.182980185871094325e-01
3.182612817517372905e-01
3.180024927961949133e-01
3.174705299017651638e-01
3.186868320064979443e-01
3.192705966263874595e-01
3.185349878512826471e-01
3.180021700385062822e-01
3.180778349080539136e-01
3.186318440586880518e-01
3.186623803642897323e-01
3.176616755582967744e-01
3.191965873791046127e-01
3.187513150683335406e-01
3.180322388330356076e-01
3.184423669955281921e-01
3.181024675295667237e-01
3.181006843061897627e-01
3.186836331474705020e-01
3.176989833536643104e-01
3.178568413709695339e-01
3.175297960955320020e-01
3.175708651073471667e-01
3.179248290106365116e-01
3.171730342868626651e-01
3.176869853609910477e-01
3.193985246989212157e-01
3.178632304260949337e-01
3.182047311448001903e-01
3.169702511194721350e-01
3.190786969702913978e-01
3.182497625328812862e-01
3.185254965236662406e-01
3.174011555354414593e-01
3.182166444678612427e-01
3.175631936385562848e-01
3.182376758604248401e-01
3.180737880630255532e-01
3.177721669827948681e-01
3.183331735178985822e-01
3.185830439356838184e-01
3.183396687297327388e-01
3.184556451952675893e-01
3.176740381028022031e-01
3.182021763752739818e-01
3.193926652492518059e-01
3.169228132155371691e-01
3.189284226695824342e-01
3.192606536556544250e-01
