3.774387501178784188e-01
3.769810812484062357e-01
3.774438698539131498e-01
3.775474088609980239e-01
3.773158985297381252e-01
3.769912885667767166e-01
3.778912558008225009e-01
3.791341990054662991e-01
3.781182750421737682e-01
3.780975489198743489e-01
3.775458893362144130e-01
3.768401682283447629e-01
3.764004008557682024e-01
3.773867331435890593e-01
3.774850083591351768e-01
3.778347373418948774e-01
3.778791964512564494e-01
3.769271258731853314e-01
3.778012357350797323e-01
3.785107360302994994e-01
3.782936512908661175e-01
3.788917296642172472e-01
3.762487578660145271e-01
3.777023239530535870e-01
3.781019878502571707e-01
3.761155380007330518e-01
3.769571898543319088e-01
3.768747473001162751e-01
3.768669545662511888e-01
3.763096053707620792e-01
3.779595578547890744e-01
3.779420158597731616e-01
3.768612112946446713e-01
3.775635127876285635e-01
3.760626937296264183e-01
3.784265233165636788e-01
3.780863608766649175e-01
3.778040967597105504e-01
3.781419468903899905e-01
3.769063181086542147e-01
3.777070451255576944e-01
3.768367967265856544e-01
3.768619762812855378e-01
3.782244422320437671e-01
3.781926509941565540e-01
3.773249629616498013e-01
3.757442328351324745e-01
3.774130984792984922e-01
3.763713474933670922e-01
3.775384803573776371e-01
3.771574375038175830e-01
3.782388048245786116e-01
3.773733779220234674e-01
3.779746532599229658e-01
3.776383699614490608e-01
3.770517289446064235e-01
3.780332140340876279e-01
3.777554461308069156e-01
3.772140006114287347e-01
3.771060312630131195e-01
3.782128560566722641e-01
3.765408483853055488e-01
3.777028179057103641e-01
3.778528955504131259e-01
3.789065932901620748e-01
3.774553947140166787e-01
3.772514655012140228e-01
3.762726941777212453e-01
3.776015974982567247e-01
3.781083441866180950e-01
3.771073912395439542e-01
3.780299809732091676e-01
3.771143804523134913e-01
3.773169185198994580e-01
3.778673801352675499e-01
3.784641267692004929e-01
3.774812784934371002e-01
3.778927478364911829e-01
3.776435662040658059e-01
3.776052788770850044e-01
3.787876511629910126e-01
3.779793379454829960e-01
3.768273577041585387e-01
3.776375737738316696e-01
3.778171357040819300e-01
3.773879574395633263e-01
3.779678720179634466e-01
3.776715884640337029e-01
3.780484185830603749e-01
3.767989259407141800e-01
3.770391589884460881e-01
3.783460774285775097e-01
3.781527803775852625e-01
3.774341939220737241e-01
3.761117058392430268e-01
3.779768670103546002e-01
3.787530920139751678e-01
3.784460501484760431e-01
3.789720552470752790e-01
3.784340589451713477e-01
