6.917117489134396724e-01
6.931238399326968835e-01
6.927318383213062480e-01
6.930132064706167050e-01
6.930252765092543843e-01
6.910735677312140890e-01
6.927810886225245213e-01
6.914034777051671909e-01
6.930210665347553700e-01
6.938592239464587141e-01
6.920652285593931197e-01
6.942017207347357388e-01
6.919530308067305402e-01
6.919059665754456745e-01
6.926421099515264190e-01
6.920782780669332279e-01
6.917030030207287350e-01
6.921939291644787495e-01
6.924391151266975353e-01
6.923244449254742916e-01
6.925271746996569666e-01
6.918266985803096514e-01
6.921869807108809169e-01
6.927187706531163780e-01
6.925601588971954659e-01
6.929394290669429468e-01
6.914532622616147428e-01
6.920920239251791006e-01
6.913908671792610150e-01
6.914928213526878586e-01
6.927859917746992391e-01
6.922433817359736619e-01
6.923492547041836254e-01
6.926456868558324986e-01
6.932054879878769560e-01
6.929573013152516836e-01
6.916915118822948294e-01
6.916400472519350640e-01
6.919972773853514392e-01
6.924290448977257206e-01
6.928399728636028820e-01
6.919482175976503502e-01
6.919862492571785539e-01
6.918686152074278173e-01
6.912448575212633006e-01
6.932851464878710956e-01
6.925750310125649012e-01
6.920438687754270068e-01
6.931471549452057346e-01
6.928511378233301876e-01
6.916735327202574446e-01
6.928213776484970499e-01
6.929525786711066004e-01
6.933296488432620919e-01
6.938149715638921577e-01
6.924798127448572593e-01
6.937493674222616757e-01
6.926109648045395417e-01
6.927859322537002207e-01
6.927535349254794195e-01
6.937652398364728690e-01
6.922117341246385447e-01
6.919844714046500256e-01
6.931141553939892397e-01
6.926866912148068600e-01
6.921706893655563686e-01
6.923025826217870105e-01
6.927823082732942339e-01
6.922820114916669043e-01
6.920220127420185774e-01
6.921906540022180199e-01
6.932622597881844539e-01
6.913341207160544899e-01
6.923714698009035828e-01
6.938842353049596845e-01
6.938036758553074446e-01
6.917989040833537606e-01
6.921600811475518977e-01
6.927088110051781156e-01
6.922541140027740347e-01
6.923460575042386100e-01
6.925148972927754887e-01
6.928130711069893088e-01
6.920617638769266389e-01
6.917283117863058939e-01
6.921014973435560824e-01
6.917490697322108417e-01
6.915234036386530558e-01
6.922742994206797507e-01
6.927826267072682009e-01
6.916017503635427666e-01
6.922636473133294555e-01
6.930155325053455329e-01
6.924649525897925706e-01
6.921130708165605938e-01
6.912054597718628735e-01
6.930909572341601432e-01
6.923856439970830223e-01
6.935707713560428367e-01
6.930534589156870373e-01
