2.553874308346339994e-01
2.571942559583605403e-01
2.570007277729778328e-01
2.572019368745546153e-01
2.586359416031921432e-01
2.578331585353333955e-01
2.568493041848969316e-01
2.582788904661024731e-01
2.571667535108881908e-01
2.577564004752432303e-01
2.579751112590028539e-01
2.583798573204880156e-01
2.569905175319595614e-01
2.571446572516792872e-01
2.575872040271360852e-01
2.574074786340623255e-01
2.568796595285331996e-01
2.568581396064819056e-01
2.574925100273354195e-01
2.577462951209142372e-01
2.557390091635486362e-01
2.578993120805620487e-01
2.563501190615227743e-01
2.569800163438871188e-01
2.562704703344133028e-01
2.573601756552243991e-01
2.579820773907346432e-01
2.574205319471168929e-01
2.565467766407904526e-01
2.569690583851777510e-01
2.571309745227645660e-01
2.573021188196117359e-01
2.574790702568563461e-01
2.572555753540368695e-01
2.562475190445760442e-01
2.572141951570097729e-01
2.566794708764909561e-01
2.567142801774945360e-01
2.572855896413426269e-01
2.585226922699113139e-01
2.577157996938852502e-01
2.570388986974663781e-01
2.566548582991734495e-01
2.571327291567769846e-01
2.573782824542888426e-01
2.562547252403350462e-01
2.572449086920289285e-01
2.550916587652805045e-01
2.582664194081051301e-01
2.570746359519094915e-01
2.575833611315241911e-01
2.588736720624523757e-01
2.577885876425432543e-01
2.578595656840422246e-01
2.580024960924617861e-01
2.579137436165893082e-01
2.569557969292176058e-01
2.564751959476653242e-01
2.577435115337290417e-01
2.567534145079525265e-01
2.576561557407947012e-01
2.568900692149607146e-01
2.584683510324036759e-01
2.572487861547077537e-01
2.566681235357650692e-01
2.571892866236557551e-01
2.582451680368608726e-01
2.568344681780050376e-01
2.569702607506381131e-01
2.566378378503768043e-01
2.569632511521432461e-01
2.570169569876942228e-01
2.564991879454334156e-01
2.575462916102685962e-01
2.574138741462058122e-01
2.572513955039125166e-01
2.567221353793459615e-01
2.582060599714630644e-01
2.569951029913147278e-01
2.569172375651789242e-01
2.571183964881874062e-01
2.567239349674624860e-01
2.571806116769229100e-01
2.568873407884262328e-01
2.587202330971256625e-01
2.574619996741860928e-01
2.559451383153762416e-01
2.581755346154941955e-01
2.583064993237065288e-01
2.570704234506135943e-01
2.581183183901742395e-01
2.573447006171764029e-01
2.569193839402422741e-01
2.567027058180636478e-01
2.570431555568586379e-01
2.571767994442258898e-01
2.570703008208416462e-01
2.571626653143637697e-01
2.575790687776657872e-01
2.563738683385533568e-01
