5.511998208344637273e-01
5.513472464507744863e-01
5.521841054973966045e-01
5.516024371229615308e-01
5.531231347833240886e-01
5.515062138535371528e-01
5.525419834760230131e-01
5.519607465463269858e-01
5.529629185852809048e-01
5.534841784822334132e-01
5.524210184569970927e-01
5.529446980465242412e-01
5.531148463261483794e-01
5.519494573592886866e-01
5.535588799325137366e-01
5.526556343388340231e-01
5.532648872136336493e-01
5.524290641756215425e-01
5.530777777786388683e-01
5.527025307754642736e-01
5.521672501257793853e-01
5.520497616002691954e-01
5.521973300414850794e-01
5.535202051294059178e-01
5.525533393581637531e-01
5.530894488983717494e-01
5.533234344572911523e-01
5.520436070422958252e-01
5.532026762258294150e-01
5.524388709309751011e-01
5.534503985475706100e-01
5.509297509912094437e-01
5.524723072048831618e-01
5.522734025884417086e-01
5.523871891338141271e-01
5.526436647206729447e-01
5.531771479066728281e-01
5.518292641908935092e-01
5.533269823044483227e-01
5.528810642355543870e-01
5.531629583993223909e-01
5.507729959546394660e-01
5.528617125098966856e-01
5.512116960839168467e-01
5.512755038521000017e-01
5.518195457431571693e-01
5.524878849675258774e-01
5.523950541585409546e-01
5.522969923891002386e-01
5.530610555946489093e-01
5.518628759069632572e-01
5.518804931356177113e-01
5.528886396764146616e-01
5.528767829891844121e-01
5.524146303746184650e-01
5.530966528818306305e-01
5.523055874671934928e-01
5.519328460973988992e-01
5.522373644741710441e-01
5.525949164090468990e-01
5.529667022838963275e-01
5.517813789494967480e-01
5.531048416481605390e-01
5.521016702639853779e-01
5.525788754561462568e-01
5.521519618927536177e-01
5.527124429287466612e-01
5.527704825876058603e-01
5.532849683756353443e-01
5.530828820470068408e-01
5.528246179071250044e-01
5.526115523084371706e-01
5.523974148856160005e-01
5.524303966783681297e-01
5.516681424964824387e-01
5.517041358537015938e-01
5.516095154153302094e-01
5.519372679385233793e-01
5.521458069668370161e-01
5.522925443347118657e-01
5.517747999840368900e-01
5.524870315321441794e-01
5.536947175986478564e-01
5.531129248179484925e-01
5.531090230872410807e-01
5.521080265739314319e-01
5.518648526093132833e-01
5.525947998404703299e-01
5.516285380186523035e-01
5.520956280380296954e-01
5.525199720357625299e-01
5.516680536036336902e-01
5.519652850556194812e-01
5.521605191534342261e-01
5.520486717838100077e-01
5.529541295183713068e-01
5.532167797553837474e-01
5.520847924935289308e-01
5.521732749547858532e-01
5.523270417777814689e-01
