6.042047611129854889e-01
6.046056433144929576e-01
6.044558105589427077e-01
6.045220023683228749e-01
6.036515211664187364e-01
6.041201269833711418e-01
6.043111890269698971e-01
6.058317563760677871e-01
6.047571623653413830e-01
6.046385669494154236e-01
6.043633558795449279e-01
6.054697255170946590e-01
6.039858923055325679e-01
6.041295879761481302e-01
6.043212950048884036e-01
6.036197825623081936e-01
6.051491863426045059e-01
6.049321934719994465e-01
6.034350439677222955e-01
6.040533996709155362e-01
6.045892990129244637e-01
6.050142492815057116e-01
6.044686200609830085e-01
6.045434534395112136e-01
6.046767579969082318e-01
6.043991171269018636e-01
6.044939282268534386e-01
6.053348729335997769e-01
6.039791271833658826e-01
6.042879163747918447e-01
6.039284270660758569e-01
6.045658635055608521e-01
6.037487872449462945e-01
6.049416084512144742e-01
6.034590897031588685e-01
6.051454037082292237e-01
6.037505673973685427e-01
6.035871202922920009e-01
6.042739157137728689e-01
6.037120076575643868e-01
6.045122295640131815e-01
6.038746853128993397e-01
6.038570830613954055e-01
6.045571804635991864e-01
6.051261002546415302e-01
6.036215929276017578e-01
6.049074284260026468e-01
6.031697947596770248e-01
6.054790170008981232e-01
6.043922717996048632e-01
6.040332385555245986e-01
6.044756148430766585e-01
6.043515972133889358e-01
6.047335753697169469e-01
6.053283789761971789e-01
6.037149670277356384e-01
6.053797742485256261e-01
6.037921145005348267e-01
6.053993401386129625e-01
6.040588864421443382e-01
6.054822602331473291e-01
6.055876769705667018e-01
6.037585947752796001e-01
6.044647966601346400e-01
6.046080026150614239e-01
6.049818322898924405e-01
6.054276943613950968e-01
6.037828607676374304e-01
6.044465057172947464e-01
6.041859896448743550e-01
6.031910632723441745e-01
6.041911088348868031e-01
6.034343405172035713e-01
6.039260896813787305e-01
6.043282290223563891e-01
6.038235359282344561e-01
6.049683667467949943e-01
6.044031576290556096e-01
6.045896828609530482e-01
6.051168309449450611e-01
6.025180942698452613e-01
6.041711291487574798e-01
6.047661926600665927e-01
6.061775690997266430e-01
6.051280836482283432e-01
6.045001736610831067e-01
6.048395086727970105e-01
6.047736672546741854e-01
6.047507587546541163e-01
6.035906994061847053e-01
6.053882373557435415e-01
6.047216854657744278e-01
6.034979781332863169e-01
6.050671634775983687e-01
6.044307738077133729e-01
6.049456447740655385e-01
6.049692147270642195e-01
6.042017131191528279e-01
6.051129137149100501e-01
6.045624321230425036e-01
