4.981564472711376146e-01
4.997459594067798494e-01
4.992985663658094375e-01
5.004188429974599783e-01
4.997138360377747501e-01
4.990347099661843755e-01
4.995197877147186660e-01
4.999400814751471800e-01
4.990047274389702303e-01
4.993477802994431003e-01
4.983096486661618973e-01
4.982581893454673394e-01
5.003372197829543122e-01
4.993934000767478176e-01
4.998438738222001354e-01
4.993478880356607696e-01
4.990653858408276022e-01
5.003067252175590340e-01
4.988223155471033787e-01
4.994675502523161503e-01
4.998649526739454285e-01
4.989050418141205978e-01
4.989674393998615454e-01
4.994912860793860876e-01
4.994950347568305471e-01
4.993351142040814983e-01
4.995062445354614411e-01
4.984658963955876376e-01
4.992724941322184140e-01
4.995689994171874093e-01
4.998559521420925522e-01
5.004578876625755957e-01
5.002695526840559292e-01
4.982377235132774418e-01
4.993829065492677022e-01
4.983235813879918763e-01
4.995674488523124124e-01
4.999253461169776980e-01
4.983063283735007509e-01
4.991750660725873812e-01
4.990337638726912717e-01
4.996991543225643428e-01
5.001180429700236019e-01
4.992603112547303601e-01
5.004499746865205267e-01
4.992957659502178513e-01
4.996953198378645822e-01
5.012141811404324798e-01
5.005536515231724382e-01
4.995922619511216634e-01
4.998058205208857352e-01
4.994755981657288402e-01
5.003633598833183704e-01
5.000665811982117903e-01
4.999761205768574746e-01
4.993945884999109186e-01
4.994228718099623654e-01
4.986127411023605904e-01
4.994225462174599617e-01
5.002529927279674160e-01
4.982904132565650901e-01
4.998433256621755416e-01
4.996074540352024029e-01
4.993544824003121607e-01
5.013048995814390896e-01
5.004375653169941263e-01
4.994778602613058061e-01
5.000462315441525085e-01
4.992049081419159817e-01
4.998872823662336429e-01
4.993314696149122600e-01
5.004256292051405541e-01
4.981740663265447067e-01
4.994590999340579041e-01
5.004731124711407908e-01
5.003303261741963714e-01
4.986915567479077716e-01
4.992837573058240830e-01
4.986552393708597597e-01
5.001921148634818071e-01
4.998311336020492268e-01
4.979054280192640181e-01
4.991793064052977846e-01
5.002934866925262680e-01
4.995209172031731537e-01
4.992929655906411801e-01
4.994439465658565558e-01
4.993346058723707181e-01
4.992240766922770301e-01
4.986355237624599535e-01
4.998936774278689987e-01
5.007145877387764177e-01
4.993005556810989343e-01
4.991914090824391970e-01
4.992618347236071896e-01
5.000222147472530576e-01
5.007690953746373186e-01
5.003296442888870432e-01
4.988443469506861905e-01
4.995636497742335091e-01
