1.159331766242601702e-01
1.162512881824460942e-01
1.161202974419177081e-01
1.159948761602920542e-01
1.155730706041533107e-01
1.156994479693392308e-01
1.151765666286096723e-01
1.157212105431296156e-01
1.153832535890142313e-01
1.156470806207886559e-01
1.151881458229429972e-01
1.157901883032344537e-01
1.162304552733965796e-01
1.157518382900083187e-01
1.158513750994106251e-01
1.164008027196002659e-01
1.158839166570525270e-01
1.155793966708970610e-01
1.167430803958919017e-01
1.147327010045120360e-01
1.145457293008786404e-01
1.156281476822214882e-01
1.160647077567520946e-01
1.155537108493909365e-01
1.157456741720768179e-01
1.160390600725212523e-01
1.165441611552889001e-01
1.144374559464375468e-01
1.161134110335929059e-01
1.163310195767175426e-01
1.153861655770404560e-01
1.148279881213109532e-01
1.155373283467684142e-01
1.166941654388820027e-01
1.153642135465418606e-01
1.159594229264212240e-01
1.148391797384888946e-01
1.170643476054335497e-01
1.151523751789239325e-01
1.156432924454694894e-01
1.161998197044410708e-01
1.167347613460874567e-01
1.149621050457633603e-01
1.157728776953386024e-01
1.153245511793768163e-01
1.164952831277837331e-01
1.154331430840741385e-01
1.157864608801874723e-01
1.165359002995091098e-01
1.152319955048040218e-01
1.175838715771247156e-01
1.159794011733104313e-01
1.156782710920022661e-01
1.157848322877360753e-01
1.158738823363026083e-01
1.169641558661023706e-01
1.161546347817202784e-01
1.157167820070700848e-01
1.166886729160500069e-01
1.162275172901357512e-01
1.161600914468966378e-01
1.158052358845772234e-01
1.160622594537572966e-01
1.147860102592288822e-01
1.167227741709533362e-01
1.162211917307830744e-01
1.152873572346958947e-01
1.169400318141040757e-01
1.171752643043817432e-01
1.163883473336825292e-01
1.155656688011223732e-01
1.158521568500042731e-01
1.157990334193828852e-01
1.166069738684346602e-01
1.152356484588984153e-01
1.159004289124503234e-01
1.163485874767298950e-01
1.171414886021887453e-01
1.162778119082309436e-01
1.165660426498870139e-01
1.162513460030647761e-01
1.167620580071217079e-01
1.155568512224089406e-01
1.154373293477137935e-01
1.150857154937537236e-01
1.148998785982773274e-01
1.164157303166257484e-01
1.155564832928961255e-01
1.157533567107753292e-01
1.160285402080883932e-01
1.155502256527162208e-01
1.164983002759496095e-01
1.166360259974703051e-01
1.166217114120542409e-01
1.155875617767052055e-01
1.158443528554620183e-01
1.154926075348078757e-01
1.158217088850120036e-01
1.151115473718456184e-01
1.156957179471649610e-01
