3.019265488940846981e-02
3.055877431210997364e-02
3.019744612686942400e-02
2.972406955048508687e-02
3.028609471094916711e-02
2.922334416101243088e-02
3.165757253881918559e-02
3.016590846218804647e-02
2.940094320735095468e-02
2.940901889295078481e-02
3.072401943643691263e-02
3.155908207882172911e-02
3.053886024216356798e-02
3.054568449819103013e-02
2.994409370335958387e-02
2.978606844660081077e-02
3.083622450665260417e-02
3.010858547293064624e-02
3.036727144182552879e-02
3.003527011379597544e-02
3.033886824171965618e-02
3.120883890381384931e-02
2.987643996083400033e-02
2.988876519141064891e-02
3.040089673786278493e-02
3.039503302981113458e-02
3.052515102409901135e-02
2.933078458925963972e-02
2.995231219194240124e-02
3.028094054654973874e-02
2.984012245655895054e-02
3.016721029145521052e-02
2.956029924828923461e-02
3.024545711022372241e-02
3.113326656626812239e-02
3.030267386178382358e-02
3.132435957850537855e-02
3.108208466165402958e-02
3.025126238196646986e-02
3.019600606099923090e-02
2.852369577926172975e-02
2.982606532086082285e-02
3.010377469814832022e-02
2.988558307141183507e-02
3.031027439089918618e-02
2.985463328634667055e-02
2.933467026161658275e-02
3.021815701493518747e-02
2.967988641839371111e-02
3.012705917329617719e-02
2.948974541110634118e-02
2.973528949191708848e-02
2.933422045137843576e-02
2.999669948452297549e-02
3.070143295582162743e-02
2.983036144147774987e-02
3.048073563229630745e-02
3.047354370477177096e-02
2.902193019321617704e-02
2.929581958504815994e-02
3.009607548460497412e-02
3.099929247497650725e-02
3.128800237496191794e-02
2.943876100705175580e-02
2.992222231499379326e-02
3.008634105821877264e-02
2.988959286916776509e-02
3.043655746270489820e-02
2.959663937125052435e-02
2.933134998989740672e-02
3.049297984518173008e-02
2.946980246989721122e-02
3.040172028216854214e-02
3.049832104704429392e-02
3.048899034184692630e-02
3.030162749975719855e-02
3.011132349645194439e-02
3.012045221574623927e-02
2.980275701861998666e-02
3.022727587030137747e-02
3.073910602766948691e-02
3.044735739297174323e-02
3.055012041829170688e-02
3.072318275428444906e-02
3.004430616220117589e-02
2.986276604934223061e-02
2.919945859933809063e-02
3.024883660744795422e-02
2.996515713129663944e-02
3.022794594738048221e-02
3.016679121464024144e-02
3.010021892754102119e-02
3.016515485510417455e-02
2.975216151738993911e-02
3.087462749449594243e-02
2.956820930113998602e-02
3.053563050724123970e-02
3.074497349364438067e-02
3.078686061080579406e-02
2.943070188987799429e-02
