4.189206450393625613e-04
1.906600211797043710e-03
2.955968667427614268e-03
2.403368207129505732e-03
2.173549603358016641e-03
1.981009757713688823e-03
1.848943951661257204e-03
2.292525642205789534e-03
1.993046302454111723e-03
2.574971262115045498e-03
1.659943449570577259e-03
2.260686695239898236e-03
2.597757879034807635e-03
2.111231597012519588e-03
2.557018126447745381e-03
1.920264529275075025e-03
2.672241478801463000e-03
1.659660978327702789e-03
1.248655281831898738e-03
2.675079771886083608e-03
2.521417977482836616e-03
2.147000719240868723e-03
3.180381664401239674e-03
2.101477821854507658e-03
1.864713782253954151e-03
1.890869471509710716e-03
3.892155588816819962e-03
1.705237219520447465e-03
2.178927371030587971e-03
1.749704403097564155e-03
2.219830385758976739e-03
2.323974885372685241e-03
1.425067242726639266e-03
1.800541474647057239e-03
2.148731432721481122e-03
2.612770805890557348e-03
1.619438389319678229e-03
3.088543324902713258e-03
2.702106985715114693e-03
2.887594755924717191e-03
1.302961281193617702e-03
2.635761902793361255e-03
2.066482189480591935e-03
2.465263610033340339e-03
2.111154980214770098e-03
2.441408119157364477e-03
2.539923174222095004e-03
3.149315606487962035e-03
1.025381052009103743e-03
3.674194915467499534e-03
1.736034458286332292e-03
2.956431498115827047e-03
8.313113646764582441e-04
3.374087194987713482e-03
3.425777509004562967e-03
2.219926015611086746e-03
2.559890069403393618e-03
2.916606613194081422e-03
1.523755098932535459e-03
2.982215389418657343e-03
2.641754568288598101e-03
2.569524382548324295e-03
1.324514503843554711e-03
1.871709260812369144e-03
2.078495570952617732e-03
2.939139175718245844e-03
1.952352458209003156e-03
1.227717023177699474e-03
2.984090547257138917e-03
2.092324528112144300e-03
2.516960189047404844e-03
2.765957825968704334e-03
2.825728262083838579e-03
1.491578812931704722e-03
2.896878608978224919e-03
2.675075215531637959e-03
2.545685050997347192e-03
1.892261958765784112e-03
3.319301682692829113e-03
2.545475771848439931e-03
3.378000696420164952e-03
2.903628927859594824e-03
2.108677535000167639e-03
1.983183395518945194e-03
3.100596000142476043e-03
1.875101014254551210e-03
2.084627880389399758e-03
1.510024548693320165e-03
2.832312302239001645e-03
2.036290725811303048e-03
2.028534722779747317e-03
3.088869098221623706e-03
3.215251823758211516e-03
1.847658020549525692e-03
2.803152654727540573e-03
2.002802276491641789e-03
2.127383935856212889e-03
1.438115072070586054e-03
2.537112353421078215e-03
2.353717131567610067e-03
