7.618835107928144668e-01
7.611823809031699195e-01
7.635428906386010350e-01
7.634646933126496560e-01
7.632473542053155313e-01
7.620247204477668124e-01
7.634947719283396994e-01
7.616428691843351029e-01
7.624058412039735888e-01
7.631703950542569892e-01
7.632573131091358043e-01
7.614719657776213291e-01
7.635305478727655304e-01
7.632818598143469302e-01
7.632684271898471096e-01
7.624712546623929610e-01
7.629764382913729603e-01
7.624746435176894543e-01
7.635133636382401834e-01
7.626103729684708954e-01
7.626855567716608331e-01
7.624225707200242841e-01
7.618566960182860948e-01
7.641221587393357551e-01
7.614529729625281185e-01
7.623473202881851929e-01
7.621788159064859514e-01
7.628989824404704967e-01
7.620827356807295949e-01
7.619237462213431789e-01
7.616315598159748568e-01
7.618315590602396936e-01
7.621903307185089460e-01
7.613180673433634915e-01
7.617431652080888238e-01
7.625828810861647877e-01
7.621340504041460573e-01
7.617878829389643780e-01
7.622996097780985192e-01
7.617425217799322912e-01
7.623541438786831659e-01
7.628298405298452600e-01
7.618671384367081689e-01
7.624011612254293357e-01
7.628378503597321725e-01
7.625490212070482610e-01
7.622973311525134132e-01
7.626419647219471187e-01
7.619733737962393061e-01
7.627764480746550557e-01
7.626793908856488446e-01
7.624753825722012657e-01
7.638536400769788681e-01
7.620467810070060688e-01
7.624515656034918099e-01
7.632974126812495097e-01
7.625903097373823991e-01
7.614353039803976042e-01
7.626998062665537592e-01
7.625971513541965896e-01
7.609790795279680609e-01
7.610572718785314494e-01
7.626567451858525803e-01
7.625995021436116073e-01
7.619401994964294378e-01
7.627046603964706684e-01
7.634657408022909042e-01
7.624741020310564776e-01
7.625696739076304187e-01
7.630615735571458780e-01
7.628816218636589319e-01
7.612778357399827556e-01
7.631920264600567938e-01
7.626865431923041116e-01
7.622414475866208239e-01
7.619040949466417967e-01
7.617914273585041363e-01
7.633250227774242003e-01
7.625909749012176331e-01
7.620652559939686821e-01
7.633878749817494258e-01
7.629348925707025719e-01
7.621049506526291761e-01
7.630170525127046854e-01
7.629378844226906153e-01
7.629106599396215938e-01
7.622302595712805440e-01
7.620402361144700265e-01
7.627859056851652442e-01
7.623704830929327603e-01
7.614531164794476892e-01
7.633069325376722336e-01
7.633585765974855164e-01
7.635138837398640632e-01
7.623195506535487276e-01
7.626101429135714316e-01
7.618485610692680154e-01
7.623531494198997338e-01
7.628766021143553733e-01
7.622516883481973426e-01
