2.072420309293700191e-02
2.212566144321469197e-02
2.300898071018249447e-02
2.263866571555421883e-02
2.155624263703083757e-02
2.191210577888572444e-02
2.247951063166493332e-02
2.171873397047038162e-02
2.257702225833765897e-02
2.108295032942360259e-02
2.156291370201360996e-02
2.165404352101350793e-02
2.193659032077759086e-02
2.174760174465996398e-02
2.268128061547160235e-02
2.097336030599712686e-02
2.187645891309454582e-02
2.227695452860321834e-02
2.209445102068631483e-02
2.153060278166508967e-02
2.201007388759176203e-02
2.225684695276153313e-02
2.229216433515578827e-02
2.234236198768819320e-02
2.255851854739597540e-02
2.344262534719518398e-02
2.130853704410139160e-02
2.306886945085526164e-02
2.163696845067262023e-02
2.193377825869864683e-02
2.217310878330607665e-02
2.202761610635679129e-02
2.222233406824233870e-02
2.150209167562068535e-02
2.316044485393048413e-02
2.203704525173429823e-02
2.175924121284232918e-02
2.137768559957989659e-02
2.277147899913597312e-02
2.149203438700009877e-02
2.162066408725966948e-02
2.182052469219875057e-02
2.322871521514819487e-02
2.142334170067204321e-02
2.296579727361162948e-02
2.261273412823277401e-02
2.164863584436044208e-02
2.131162449267678255e-02
2.255642446984811728e-02
2.239978368542153153e-02
2.126412673607425835e-02
2.326344556794916751e-02
2.133058793272493703e-02
2.272092989112737063e-02
2.271930479869036651e-02
2.167171154802393848e-02
2.174265959502004464e-02
2.103466346267182652e-02
2.223901843437149986e-02
2.237942771278050164e-02
2.202794389813578224e-02
2.244611545758683907e-02
2.275815633174942815e-02
2.221246905893217716e-02
2.106905953332884052e-02
2.295790496255815938e-02
2.187303714710400054e-02
2.292329005677378601e-02
2.263171468332251385e-02
2.295640077038494514e-02
2.134310972483790397e-02
2.285847696862202544e-02
2.254363922405980269e-02
2.120353917917393305e-02
2.209033573080608492e-02
2.185760298442444849e-02
2.193383168783173687e-02
2.221078111178270698e-02
2.264691377949231560e-02
2.188718997918857184e-02
2.278388019656877456e-02
2.188386045823081244e-02
2.215190704614290740e-02
2.163288885755138002e-02
2.202047995052357210e-02
2.303625140357858786e-02
2.217557472027345544e-02
2.192345552994155733e-02
2.237542972626821447e-02
2.171725554831356250e-02
2.239078804126565236e-02
2.174764098741115842e-02
2.203540108288317215e-02
2.270422624182749649e-02
2.214666074023493789e-02
2.168937404695129439e-02
2.215184063256152996e-02
2.227629466614177919e-02
2.267908206807544430e-02
2.115628757556854006e-02
