2.241639370729957004e-01
2.257453928507646146e-01
2.249951457105738295e-01
2.242071091765928670e-01
2.262569992257454921e-01
2.252256370896364435e-01
2.257852823468995684e-01
2.251166012914884162e-01
2.252156186291366657e-01
2.249187307685004966e-01
2.244631857796839103e-01
2.260037866191202394e-01
2.258072793929318811e-01
2.255883751332164733e-01
2.250018593864677729e-01
2.253367976574162101e-01
2.257242696868915766e-01
2.257663060923424669e-01
2.263932305788892707e-01
2.248986515573289657e-01
2.246412702741190370e-01
2.241336170968675212e-01
2.250464185425142816e-01
2.251956294597663721e-01
2.265990426188929097e-01
2.250320575187970407e-01
2.267251460734753254e-01
2.258338504859334073e-01
2.251146342373267772e-01
2.249500450742524249e-01
2.251075675010601462e-01
2.258692786134295916e-01
2.242906413356326734e-01
2.247897582670554950e-01
2.251326217274637331e-01
2.246378325490448746e-01
2.256529575069996518e-01
2.254997624083824315e-01
2.248352714792965779e-01
2.249998625560550580e-01
2.258266363207876992e-01
2.250404327663357296e-01
2.248668809899926346e-01
2.246981354398278063e-01
2.250086014682028401e-01
2.248880385685352867e-01
2.249197225992901894e-01
2.243742628101570435e-01
2.244210011125618576e-01
2.244038596132457153e-01
2.252406857928939687e-01
2.246311445695678422e-01
2.251881252181823778e-01
2.257896913391171378e-01
2.245571512877471698e-01
2.251155058512822049e-01
2.253556873597981625e-01
2.237814285861512154e-01
2.252479573032710736e-01
2.244122433844960296e-01
2.242220176899572537e-01
2.257979354035671848e-01
2.244492754700377901e-01
2.241357109668405401e-01
2.251070170818625926e-01
2.251139210868447482e-01
2.249238738207181287e-01
2.257383004125609882e-01
2.249765812412359289e-01
2.243959193355430926e-01
2.251497100993546940e-01
2.250473204483243173e-01
2.243939772627535634e-01
2.247336587583766698e-01
2.247858259067033460e-01
2.249580268815791206e-01
2.248234285695120682e-01
2.250256473358238085e-01
2.261392806042442083e-01
2.240856070110206211e-01
2.255407158879319529e-01
2.255266400941029759e-01
2.249320037808594241e-01
2.252860213532462130e-01
2.262586114000502968e-01
2.245442602672736432e-01
2.246176782578608588e-01
2.248013230542990626e-01
2.256673817077355371e-01
2.252226151928622966e-01
2.252792925753155096e-01
2.259573495865959125e-01
2.250671034237041179e-01
2.242716532683042274e-01
2.245189134394053321e-01
2.254048440395209074e-01
2.252714280747810105e-01
2.250477995976581380e-01
2.243814000595779901e-01
2.256072183192384395e-01
