7.307316526612102070e-01
7.308063080152580326e-01
7.316256985734004292e-01
7.311309682176800884e-01
7.310876761358567899e-01
7.312162502081196447e-01
7.320026266498332879e-01
7.309075108959754985e-01
7.318671002379312229e-01
7.316735114099208737e-01
7.318166210949403894e-01
7.320610452177592764e-01
7.325771255207813581e-01
7.313630711604662826e-01
7.331543073698809643e-01
7.314113554468065770e-01
7.315400363305581966e-01
7.308596942073097846e-01
7.314711292989629632e-01
7.313215143908842197e-01
7.310783126215942840e-01
7.309882698198362228e-01
7.307280632695828393e-01
7.313973865735063917e-01
7.319387306818844197e-01
7.321588314792808472e-01
7.322612793625072891e-01
7.317147414584265208e-01
7.317932213005680087e-01
7.308162029685584260e-01
7.316007477601000897e-01
7.318719684853848273e-01
7.312566156534285877e-01
7.308477828533401777e-01
7.317120938611030301e-01
7.305064077205823958e-01
7.310083000727062297e-01
7.322608565936463698e-01
7.328566713101061225e-01
7.300765857889270904e-01
7.306730995663957007e-01
7.317436683282002585e-01
7.319788748886324470e-01
7.322026227920361841e-01
7.324541936587605218e-01
7.326819397906025877e-01
7.316811567195701249e-01
7.322895256266594988e-01
7.321810900051256565e-01
7.310386787825280397e-01
7.315962830520781335e-01
7.318529417570248663e-01
7.323893202235665090e-01
7.318215019110725361e-01
7.314861601970571447e-01
7.323198096657115297e-01
7.312848297746300519e-01
7.312041452005305642e-01
7.301855123431990613e-01
7.312963865889144932e-01
7.316883897930025471e-01
7.316385779828131763e-01
7.320476918521414689e-01
7.315099691026542006e-01
7.315045305992678992e-01
7.307917060920696706e-01
7.309769717177113657e-01
7.308083985080862099e-01
7.323756033747050864e-01
7.305530957132941872e-01
7.311330479542453853e-01
7.306677429616478259e-01
7.313717191050823629e-01
7.321083414126386968e-01
7.314669657261165803e-01
7.309267649773972808e-01
7.315522322709091529e-01
7.313240208843885259e-01
7.319307564236843255e-01
7.317275547958885795e-01
7.311846600112650307e-01
7.314008872143380469e-01
7.308543300867524906e-01
7.310312959081002315e-01
7.312354797414892804e-01
7.314419219109496995e-01
7.309560924911729929e-01
7.319331317507037360e-01
7.311864461071054810e-01
7.304713416435326678e-01
7.324192681202856825e-01
7.308698186894195814e-01
7.309496745279986385e-01
7.310594490987095684e-01
7.319837355380511834e-01
7.310707807597496277e-01
7.318227324618715723e-01
7.315825274048366467e-01
7.317005273024543843e-01
7.321548199629175357e-01
