3.508769201649030167e-01
3.517487662377799529e-01
3.512348903189464466e-01
3.511024370018012153e-01
3.515313830515226501e-01
3.511571188117913467e-01
3.520752994387443824e-01
3.515226002313538434e-01
3.519626272637118025e-01
3.523375406943768939e-01
3.515108321637966382e-01
3.509491544513756445e-01
3.518096840936618674e-01
3.505179041416355279e-01
3.518565976527430195e-01
3.504118774684163995e-01
3.515079507870347286e-01
3.517372423311163621e-01
3.517498678422236735e-01
3.515274056182416951e-01
3.519227164212497261e-01
3.508268923199756029e-01
3.512559603545185039e-01
3.517822601486063627e-01
3.509809604995325349e-01
3.517193523563452162e-01
3.524175186008084437e-01
3.511381274080032089e-01
3.509935176434522131e-01
3.506705743735476499e-01
3.512393424959295851e-01
3.513771479168170120e-01
3.518817782611580736e-01
3.509844922918753385e-01
3.522697603030807145e-01
3.515535867670674941e-01
3.511481770645926703e-01
3.517933081511316340e-01
3.516741549390222654e-01
3.499254914610769873e-01
3.505047930402604983e-01
3.513731401779190966e-01
3.519579548579573891e-01
3.514160531782076768e-01
3.514081571634498080e-01
3.517281539457509654e-01
3.512208209743751808e-01
3.511041770662869377e-01
3.520617364735727506e-01
3.511504373649705912e-01
3.523848232962847327e-01
3.513042103582835196e-01
3.505942773963169334e-01
3.523004677470271684e-01
3.525170248964186182e-01
3.513523270571442536e-01
3.516470484288546361e-01
3.521303452971638603e-01
3.524603616552616780e-01
3.510882632155201688e-01
3.515586347036654957e-01
3.505315455169192296e-01
3.517619522075897120e-01
3.516529813931217330e-01
3.521922054047880168e-01
3.511858032720135414e-01
3.517090249315735218e-01
3.527811963640239412e-01
3.507954280741408803e-01
3.522774567038042814e-01
3.515109822708717968e-01
3.515840552375769090e-01
3.523104958398409758e-01
3.509290516947526362e-01
3.518892950835551536e-01
3.511513703057607683e-01
3.510668225041195800e-01
3.512802696531762692e-01
3.524813752998733896e-01
3.512005268930240565e-01
3.515066313803942299e-01
3.512049541746073422e-01
3.519940635692459519e-01
3.520202270112848253e-01
3.511407150263216037e-01
3.515286940954773232e-01
3.510181290852571467e-01
3.520108904540191208e-01
3.507625715813079692e-01
3.512578903428789090e-01
3.514412996360460339e-01
3.519260235248015123e-01
3.504411355102948766e-01
3.523471067537888857e-01
3.517165283958807454e-01
3.519312971041590465e-01
3.507689618293281519e-01
3.511021662976319679e-01
3.509572325116913638e-01
3.527115228586423790e-01
