3.046271891365749940e-01
3.048446479470254822e-01
3.057604423724177845e-01
3.053642935680646042e-01
3.056530019560673161e-01
3.057356129915225207e-01
3.056718845339900792e-01
3.051648527969459956e-01
3.045621481595152669e-01
3.052082171555376422e-01
3.062786731078303015e-01
3.053850437587333211e-01
3.063845036383354703e-01
3.055945437185863534e-01
3.058523885019207023e-01
3.060204027660836656e-01
3.049590147561844211e-01
3.058737091699619826e-01
3.051206995843896430e-01
3.059900781138977788e-01
3.056873241468714419e-01
3.058145665356379328e-01
3.055600833682491912e-01
3.069632130100679035e-01
3.070393854344497520e-01
3.064169529915952706e-01
3.049641807427017071e-01
3.055879084582049376e-01
3.054825730631119396e-01
3.051166130238396890e-01
3.050531942052671641e-01
3.051248671108863775e-01
3.057742212088018219e-01
3.050933017344425457e-01
3.052295503360788476e-01
3.050062752628769913e-01
3.051280454417156229e-01
3.061819866061272211e-01
3.050889138421144509e-01
3.049524418585947139e-01
3.059967089726275402e-01
3.063522825086752999e-01
3.036864528446643341e-01
3.040688098585813126e-01
3.056284568249535427e-01
3.049347811210886827e-01
3.054440236433395017e-01
3.049284627828024452e-01
3.055261153856278500e-01
3.039385730587860213e-01
3.052639779042242707e-01
3.047408418787957429e-01
3.060210899361319181e-01
3.043561181758182022e-01
3.053997355952722814e-01
3.043368226914281438e-01
3.046636309397456333e-01
3.059120296759684776e-01
3.045287851156892045e-01
3.053407650124413397e-01
3.052911266635919274e-01
3.061934614307782465e-01
3.060323553834444765e-01
3.065753796765749439e-01
3.050657806719261900e-01
3.041734550478304433e-01
3.054117667965398075e-01
3.049502689209619977e-01
3.054613225396908271e-01
3.049764571684903669e-01
3.059055190136336644e-01
3.063358219088051504e-01
3.065090873592936638e-01
3.049630361593062000e-01
3.050546547285417631e-01
3.061878593018843020e-01
3.056705943455440000e-01
3.056322921095344092e-01
3.062987786672973223e-01
3.049514600354144567e-01
3.052812244035126854e-01
3.043757812313908628e-01
3.044661889048081993e-01
3.060426284046040557e-01
3.061023331121362490e-01
3.046218199704844309e-01
3.061512385698012539e-01
3.053349834969629195e-01
3.063084265683918561e-01
3.069371271789500533e-01
3.042905977871755985e-01
3.060468785205393560e-01
3.044116362482778282e-01
3.045052078689705066e-01
3.037470147198401693e-01
3.043522190380384407e-01
3.053928609293968255e-01
3.044544948532967310e-01
3.045877800016887904e-01
3.052853002805228644e-01
