5.184789168407453186e-01
5.187735890649325388e-01
5.188071082281410229e-01
5.184646040633875685e-01
5.192015881824226797e-01
5.191671823240899819e-01
5.190148426479379573e-01
5.187677295337317362e-01
5.192624851418041754e-01
5.177630498905578804e-01
5.195076018990588684e-01
5.190536757649211186e-01
5.178142018074959330e-01
5.178153802430647268e-01
5.188619700076668728e-01
5.181054765086144931e-01
5.197452909657866993e-01
5.179837243743659059e-01
5.175150227116395163e-01
5.190214903962182547e-01
5.178469232136777567e-01
5.172048237874248278e-01
5.190892656771579627e-01
5.186856200717087084e-01
5.194616101199776015e-01
5.191985326553067992e-01
5.178231714841446953e-01
5.192551665073094069e-01
5.187478202819441053e-01
5.190953827965937295e-01
5.183594811549071535e-01
5.191089283422942735e-01
5.198073782717148594e-01
5.171355725822182059e-01
5.192009732781961429e-01
5.191171256313444893e-01
5.177960194391988402e-01
5.187286155000898624e-01
5.181807966773339658e-01
5.181801731550614853e-01
5.186469521874790267e-01
5.171331297555088469e-01
5.185584666034113166e-01
5.190923591392624381e-01
5.187613539111213257e-01
5.186718268487480188e-01
5.183620171711779134e-01
5.194645085911718807e-01
5.189120612309158220e-01
5.182985303362284135e-01
5.185124019622628921e-01
5.183879402290288985e-01
5.180356945405275582e-01
5.191266795447733173e-01
5.180743234584730406e-01
5.179581497619103470e-01
5.176845404462486755e-01
5.190019773949827719e-01
5.194500996941672222e-01
5.189462830751566669e-01
5.188572438025780276e-01
5.189508109483504938e-01
5.183833966093872592e-01
5.188716426863402287e-01
5.192755936597990285e-01
5.196643841802726094e-01
5.188541844265412983e-01
5.184361382062099288e-01
5.182818848193717631e-01
5.190408906180367099e-01
5.179911734207408580e-01
5.187742871570811820e-01
5.180426465336670505e-01
5.176372113746146031e-01
5.182897047873705754e-01
5.186693086797652397e-01
5.187832290493408216e-01
5.177297741989539404e-01
5.190220300804615494e-01
5.193861881456756091e-01
5.184127670626739182e-01
5.185796396969728494e-01
5.181340677163690511e-01
5.188361388297102472e-01
5.201480996336700358e-01
5.163191589949862603e-01
5.184228357056090974e-01
5.187084703245034012e-01
5.190011879117313320e-01
5.193640258656222475e-01
5.189754451891163134e-01
5.202926703008294851e-01
5.188854513575421601e-01
5.182598278720178531e-01
5.181056951436548985e-01
5.189773101666133037e-01
5.181594416003003634e-01
5.183891442282697604e-01
5.184342299707791479e-01
5.196639775801890071e-01
