7.717350036335792751e-01
7.746772763639252490e-01
7.745873033593008161e-01
7.740696428622336756e-01
7.733901501188101824e-01
7.735516945350140450e-01
7.736596536375663913e-01
7.736611932117478663e-01
7.737363739165491472e-01
7.734718747495019642e-01
7.731464988598821808e-01
7.723981332118295962e-01
7.740057703392886346e-01
7.743132113965338625e-01
7.729186497612080542e-01
7.728280775245721657e-01
7.738893643016266921e-01
7.737578964912608104e-01
7.732001698698343084e-01
7.732140460432941342e-01
7.733928163814841605e-01
7.733122667202709799e-01
7.754526168680448972e-01
7.738266048278001907e-01
7.738403808647668081e-01
7.736215476098571298e-01
7.740833782955751641e-01
7.730892790664611880e-01
7.739813976839369225e-01
7.742167768164297526e-01
7.742006034946216086e-01
7.735554776089258455e-01
7.733055658869778526e-01
7.735585200180181698e-01
7.725195080458102659e-01
7.735603637777865860e-01
7.740517301928601102e-01
7.731206182837077057e-01
7.736345387843077681e-01
7.735504415317554505e-01
7.738298074798650728e-01
7.731774058805687133e-01
7.736512967168649446e-01
7.746267895819252125e-01
7.741054497851604932e-01
7.730927742350391929e-01
7.730709643781532581e-01
7.738188041489186819e-01
7.738333410576532234e-01
7.737262293211071285e-01
7.731541033810180874e-01
7.721680828409287489e-01
7.725707155860781494e-01
7.730220958862892289e-01
7.731877606110157952e-01
7.735640449685875497e-01
7.729095297879082782e-01
7.728482934767783030e-01
7.734123430476037564e-01
7.738763183739412188e-01
7.733649309268013639e-01
7.735392627211422623e-01
7.738405357924614814e-01
7.723850100414120234e-01
7.729604580155213789e-01
7.737496669501255919e-01
7.727858050547545821e-01
7.743543242007790983e-01
7.734206154351526141e-01
7.728201550074511594e-01
7.732935536738965165e-01
7.734237112246673540e-01
7.738372099083550282e-01
7.746714705661443823e-01
7.736118213255686049e-01
7.742949108713732542e-01
7.732269634281502269e-01
7.729569548759527287e-01
7.730705955390999584e-01
7.739587143656028179e-01
7.740979814422874750e-01
7.742634824954029993e-01
7.735081960483646268e-01
7.737200502265717539e-01
7.736647872731847730e-01
7.725948232738795163e-01
7.739576437347436277e-01
7.737200194115638752e-01
7.736927807079087005e-01
7.733013280891920527e-01
7.741575185027915751e-01
7.743595338117530424e-01
7.733827401020696435e-01
7.728476853049908168e-01
7.738779688737139617e-01
7.737796785451829251e-01
7.731808180047841095e-01
7.730204157175480928e-01
7.743540040413929848e-01
7.745988247123054560e-01
