8.845626287324495074e-01
8.838217409013482406e-01
8.846775063709387821e-01
8.854071194227917108e-01
8.846111592377987609e-01
8.839833240278542892e-01
8.854633068801953666e-01
8.840913464283486345e-01
8.851676140488845546e-01
8.848239966013986546e-01
8.870053922090679333e-01
8.838945092336324416e-01
8.850491239709287195e-01
8.856357477202370099e-01
8.847796675925000409e-01
8.857306564259165294e-01
8.834186668674539611e-01
8.840948670175003965e-01
8.859665980638625760e-01
8.851455207077971732e-01
8.841648543605724608e-01
8.865559185730580438e-01
8.849274639799165065e-01
8.858717353110918680e-01
8.853613363839516470e-01
8.848002410700350762e-01
8.855187514925670911e-01
8.853111702193259269e-01
8.866566375728446303e-01
8.847193291692219130e-01
8.848438520128840690e-01
8.849379579525255002e-01
8.848420863180539442e-01
8.846144422903104987e-01
8.856634950012443053e-01
8.853701535286360169e-01
8.844556965452472497e-01
8.854562355798505369e-01
8.859639282937373794e-01
8.850696989583509700e-01
8.858736611011558404e-01
8.856328610215230546e-01
8.849012041754269475e-01
8.855875927018261873e-01
8.862204797677517565e-01
8.857273251409687465e-01
8.853482125605590669e-01
8.853814783927893561e-01
8.852171526636045673e-01
8.848175204706739683e-01
8.840906535742676375e-01
8.861761662355314151e-01
8.849299080335610856e-01
8.855318728657519678e-01
8.832023900360067570e-01
8.850387195660731621e-01
8.856254288659446416e-01
8.849992103727229997e-01
8.832243205926146867e-01
8.852337989975123111e-01
8.852321882838241063e-01
8.847650489334193402e-01
8.853190717396319798e-01
8.851278307558356762e-01
8.862958708558732468e-01
8.852189425183739635e-01
8.852248940787783571e-01
8.851232987130523977e-01
8.851886200103240565e-01
8.860458051711541660e-01
8.856614031657299435e-01
8.857481847282289156e-01
8.844053249483943002e-01
8.858288903697016936e-01
8.852021700374361757e-01
8.850348413753831300e-01
8.856105329143426630e-01
8.846888912313470854e-01
8.853923290343146402e-01
8.832814603441052625e-01
8.859228040376221358e-01
8.849848283695657125e-01
8.849179274528142791e-01
8.861293807534098566e-01
8.856614886109412943e-01
8.854146851565278808e-01
8.858758921770782946e-01
8.858333225437471370e-01
8.854228798283358959e-01
8.841409260374546442e-01
8.840541160473450732e-01
8.845732149460538984e-01
8.853511162996403616e-01
8.852213211168326046e-01
8.843056786937886216e-01
8.847523455976050721e-01
8.861850043385157694e-01
8.855720723842431807e-01
8.845648776970106431e-01
8.852273175739312494e-01
