6.221474631899435170e-01
6.234709809398177871e-01
6.233301245728728457e-01
6.232030478469126056e-01
6.237079349051901644e-01
6.230417428691519266e-01
6.244509525444255083e-01
6.243598387284958751e-01
6.228277451458079650e-01
6.239401306881477982e-01
6.230332905721098768e-01
6.230107241550331132e-01
6.243493271909019704e-01
6.239137634855547176e-01
6.229031358689667286e-01
6.241999265676146935e-01
6.235372848594997741e-01
6.243430282492341554e-01
6.236848430254502418e-01
6.251715814398781657e-01
6.235161041265819826e-01
6.233716904665593805e-01
6.235995899248900631e-01
6.245332851741092206e-01
6.236387474464180070e-01
6.238695432322803880e-01
6.243026504478319527e-01
6.239047177241812125e-01
6.225654432363215696e-01
6.244423647591217374e-01
6.242951497011136608e-01
6.235877384070506180e-01
6.240916152325078903e-01
6.239879862492827556e-01
6.237402379090819515e-01
6.233521332249931657e-01
6.233415207830321769e-01
6.243800655102529351e-01
6.236994770277501932e-01
6.242111155236552689e-01
6.241589968718832537e-01
6.235838441914807184e-01
6.240290162990383971e-01
6.232219369923970298e-01
6.229583867282659781e-01
6.231033095859119797e-01
6.237608013227233794e-01
6.234285789077481654e-01
6.225746658381974274e-01
6.245846264221117661e-01
6.233690831366227592e-01
6.226946936583348524e-01
6.230188318265905689e-01
6.234536764696476663e-01
6.236604454118981344e-01
6.229565975850528403e-01
6.231445533225878908e-01
6.236258794394312632e-01
6.227862788956195494e-01
6.230026833010962051e-01
6.229196611512567427e-01
6.237239599425454806e-01
6.237966214766561546e-01
6.235381458166315838e-01
6.234422956627596601e-01
6.232091189143693644e-01
6.241877317838515626e-01
6.225714070065637706e-01
6.232459822708875663e-01
6.225731772767904015e-01
6.222657668695363853e-01
6.242314423080536079e-01
6.229114833723091715e-01
6.232347476107428230e-01
6.234569469496639149e-01
6.230707900867140658e-01
6.237423031121072103e-01
6.247807273514167647e-01
6.234523896672425902e-01
6.229755590664101117e-01
6.226306509058123773e-01
6.230536266982851235e-01
6.242913211366842852e-01
6.224859248844515358e-01
6.243142852271605925e-01
6.234771751995382694e-01
6.233957460912803450e-01
6.230713229619621041e-01
6.237003583574185495e-01
6.236192102412279059e-01
6.219921125137810591e-01
6.232593260121723766e-01
6.227448381901851127e-01
6.234946039877699020e-01
6.240468961880660803e-01
6.242310473109113911e-01
6.241134429632155811e-01
6.243561608801775353e-01
6.236555881956089564e-01
6.233869315359067409e-01
