2.162196337916053035e-01
2.171872119588812433e-01
2.175091529317790262e-01
2.173428608204850399e-01
2.167339726669129663e-01
2.181002559626104842e-01
2.170823092610300598e-01
2.168642203800401069e-01
2.163818596009005613e-01
2.183567018212186350e-01
2.175685168360925459e-01
2.176804570597312138e-01
2.175812805576634035e-01
2.176318123780533742e-01
2.168786889091300074e-01
2.168399818773552035e-01
2.159351677026415672e-01
2.167091027949891724e-01
2.170653120382768364e-01
2.168107541537923066e-01
2.160909774349077939e-01
2.169667143958081412e-01
2.171777236800023769e-01
2.171464196033752181e-01
2.171238014458555798e-01
2.169119335773377344e-01
2.167276664572036493e-01
2.164789163074236078e-01
2.167268597490053794e-01
2.159508607809230984e-01
2.174755563941946912e-01
2.178287750752025964e-01
2.179897027288244249e-01
2.175095447100565682e-01
2.170069997954250374e-01
2.170902141651496753e-01
2.164387165923382650e-01
2.169598712830303755e-01
2.166024435023300443e-01
2.176409751275410198e-01
2.177357950600272429e-01
2.174482460386466531e-01
2.176605430337446578e-01
2.179553587267891723e-01
2.169929073767711547e-01
2.170559676760555612e-01
2.171291204333474778e-01
2.171372605182769200e-01
2.165097874272737810e-01
2.155353754065702787e-01
2.177354710366767310e-01
2.163039683625654352e-01
2.168466590564318008e-01
2.183508028393032208e-01
2.171584758410635696e-01
2.181818083404725162e-01
2.169878436806777500e-01
2.176822457678457279e-01
2.171657286297836165e-01
2.166141597777907213e-01
2.169333463374839566e-01
2.183272798153662597e-01
2.171808856860967252e-01
2.178674147215459711e-01
2.171846483725041188e-01
2.167858987767221912e-01
2.174234284662400762e-01
2.173589686614785244e-01
2.172744211027188566e-01
2.174528354235627514e-01
2.166386840408512371e-01
2.179542630689427218e-01
2.159263726060293154e-01
2.172248468801044052e-01
2.183385861089655045e-01
2.175290400255994183e-01
2.176157821070095200e-01
2.180609069714042336e-01
2.186345719582749314e-01
2.170241541279760988e-01
2.163857844045352086e-01
2.171104489099882628e-01
2.161473834789915671e-01
2.163390149624140890e-01
2.169999987420033194e-01
2.170182947741814972e-01
2.173208483873643737e-01
2.163906731865054833e-01
2.173494141040509808e-01
2.163992911618016490e-01
2.176669134151338614e-01
2.173018822069766320e-01
2.183651091479622552e-01
2.175451653256878504e-01
2.174685401999418843e-01
2.183259115345193013e-01
2.170117363641553831e-01
2.180671941478791731e-01
2.169601154586180136e-01
2.171155884182426887e-01
