6.159419072736683765e-01
6.163801569694939975e-01
6.169493210405815331e-01
6.158792418310645722e-01
6.161738564999865719e-01
6.161355593376249828e-01
6.165787581375427040e-01
6.167350082455180793e-01
6.161471534983935516e-01
6.170332263412662277e-01
6.162343296364052314e-01
6.168810461274759627e-01
6.164517815854407834e-01
6.159862528356185862e-01
6.157540378117416502e-01
6.163565900500154182e-01
6.160774810482373409e-01
6.157916545566635147e-01
6.158894182375627135e-01
6.160808660205867593e-01
6.168599592362500328e-01
6.163986764341272684e-01
6.175988709575332969e-01
6.158477367528831792e-01
6.158509150582160974e-01
6.171611116254904772e-01
6.169881581989106190e-01
6.175974531520570521e-01
6.156985729208761526e-01
6.169591418443021169e-01
6.152418771495371530e-01
6.166151950219519451e-01
6.178894280370863523e-01
6.151680411572387763e-01
6.176581951354661593e-01
6.171893104543156872e-01
6.157289324996488844e-01
6.167797169221580500e-01
6.162375318409145653e-01
6.161934835805613631e-01
6.173087395947158829e-01
6.163927983628564311e-01
6.155234067318182678e-01
6.161712250906311583e-01
6.176925163844724231e-01
6.153624868240470391e-01
6.169908252694591422e-01
6.155256191408772226e-01
6.167951101774052924e-01
6.161987939153941163e-01
6.157114257480030828e-01
6.169261368911285182e-01
6.166808168867059514e-01
6.152087993395340959e-01
6.169829113512941277e-01
6.156595164116829277e-01
6.166007914912712273e-01
6.163124507151864773e-01
6.164323697283619063e-01
6.170902507136253323e-01
6.159279649535238654e-01
6.174596348711232086e-01
6.173174790664366363e-01
6.154715759710422951e-01
6.178602956617924580e-01
6.157111898477095613e-01
6.160064834689442659e-01
6.168633786014978693e-01
6.161284868138867665e-01
6.163766929639762360e-01
6.161009565436432744e-01
6.168783261665400364e-01
6.173992419964665634e-01
6.161799662370124331e-01
6.158637428045372619e-01
6.159306213455765233e-01
6.163112937790893309e-01
6.154836683671265352e-01
6.165639972447671813e-01
6.165374491440024363e-01
6.173837749178419099e-01
6.164464251743014822e-01
6.162664090010558926e-01
6.166248779936476243e-01
6.167809019035468410e-01
6.165000252215331322e-01
6.165207323059912481e-01
6.161342624016773462e-01
6.174134636450516744e-01
6.166663855290025475e-01
6.158296715066076121e-01
6.165887881046334673e-01
6.165931345368352856e-01
6.163279142661817200e-01
6.160077744668912558e-01
6.151763868325730300e-01
6.161644183123187180e-01
6.163111443074542617e-01
6.168710139147950411e-01
6.169834420161013355e-01
