4.519618126548702319e-01
4.531877848474218373e-01
4.527067831661432118e-01
4.534122925767631873e-01
4.519649654365158753e-01
4.534058743826254179e-01
4.521366364876037713e-01
4.518170482029517654e-01
4.526070190788363812e-01
4.531680636101809712e-01
4.534298710656755604e-01
4.525863061110659835e-01
4.525265305452864650e-01
4.534711684163917900e-01
4.528822292314933495e-01
4.525229146837798089e-01
4.525296214103210479e-01
4.519887138862472842e-01
4.536776576350641799e-01
4.528375051034967402e-01
4.527833692248514064e-01
4.535562448294290228e-01
4.524881426127422279e-01
4.532480146194902693e-01
4.528816730417903891e-01
4.536016000330330700e-01
4.519498972003065385e-01
4.530055942279705983e-01
4.531464629484625584e-01
4.523737963657991634e-01
4.533823475662601687e-01
4.529882049938954713e-01
4.519716392463523080e-01
4.539151160010408970e-01
4.514717352328515565e-01
4.510535125384753652e-01
4.521407481271471074e-01
4.524327816952603554e-01
4.534710647488070512e-01
4.525696099686279394e-01
4.521212441300316298e-01
4.514389258543818340e-01
4.527606059944471184e-01
4.529806724446607258e-01
4.519442545809370104e-01
4.529898062744136533e-01
4.530343144834927394e-01
4.515690375332722661e-01
4.531490716083710346e-01
4.539226226999202307e-01
4.536897035018936930e-01
4.522936387149273374e-01
4.525359094624816780e-01
4.523266974883450864e-01
4.529713737357511372e-01
4.535151695154524543e-01
4.527876230814887881e-01
4.524670180367328376e-01
4.526982383564031598e-01
4.526578252311632133e-01
4.523660604516807626e-01
4.527083336400463676e-01
4.516923315938495276e-01
4.527061768953397625e-01
4.515026483106028832e-01
4.527717272187914421e-01
4.514430461739586953e-01
4.527883081424647349e-01
4.532987642418667695e-01
4.522839467833095206e-01
4.525019735266828658e-01
4.527354433321263416e-01
4.522680145522955386e-01
4.533932307756403102e-01
4.516160826167276987e-01
4.534524616411491627e-01
4.510831699318996746e-01
4.524148509782774941e-01
4.528836616734228659e-01
4.519358458465581596e-01
4.522929222180621656e-01
4.529097201906996384e-01
4.525806476623099317e-01
4.519184894336881197e-01
4.522626793306502857e-01
4.527814980719689908e-01
4.534234670533853206e-01
4.524315962296687199e-01
4.517037581105780575e-01
4.513520402823693600e-01
4.524096813118625438e-01
4.543324038861327185e-01
4.524196589815943081e-01
4.524909144334692268e-01
4.529121711795741079e-01
4.531197983256926021e-01
4.535432831665132669e-01
4.537209523287695223e-01
4.521957765423342823e-01
4.527901024058144652e-01
