1.403848962511579646e-01
1.422127017269900207e-01
1.403337376447497120e-01
1.411756887373478708e-01
1.416022792805862740e-01
1.414924795475460129e-01
1.405740640059216506e-01
1.407632770614618556e-01
1.408667580754232040e-01
1.406521113141733226e-01
1.406746915001693132e-01
1.408030484212881572e-01
1.406819297157599347e-01
1.411995163276491549e-01
1.407299079385087859e-01
1.410601322238897448e-01
1.404765461909288082e-01
1.425200005848183404e-01
1.412446872369667594e-01
1.416712316767352042e-01
1.408785314766454744e-01
1.414109763211229276e-01
1.402212498337914448e-01
1.403434016242139926e-01
1.408589550854948413e-01
1.408652243595346354e-01
1.399397314509510104e-01
1.400976167788527404e-01
1.411576131570449200e-01
1.414385322788104804e-01
1.418671752544730935e-01
1.418763544675080701e-01
1.424308025493055685e-01
1.406046516163793891e-01
1.405204795361631176e-01
1.396969264672975330e-01
1.415410678182320303e-01
1.413855180248975163e-01
1.402735936539655504e-01
1.419903462931599303e-01
1.417861483580921123e-01
1.403546740461841802e-01
1.420276614044520547e-01
1.413347447742822061e-01
1.408115174896329425e-01
1.409167408217078254e-01
1.412736330830962617e-01
1.411088175773314024e-01
1.417037265578344751e-01
1.406261696765421232e-01
1.412557396555854661e-01
1.410323227856785377e-01
1.407667059234860019e-01
1.401785631977164881e-01
1.418617637310450874e-01
1.412987750032799750e-01
1.402763978970998360e-01
1.404747284982458821e-01
1.409193120216072903e-01
1.409896085251206022e-01
1.405739891272008157e-01
1.411242817118177617e-01
1.409173128877203862e-01
1.415301305702205137e-01
1.410474520267550047e-01
1.405350876429943829e-01
1.408005401874378726e-01
1.420091964921568750e-01
1.422911686641143980e-01
1.415767476652675660e-01
1.409825454521867472e-01
1.412895884220626286e-01
1.403959566465290132e-01
1.405790728164633407e-01
1.404977605625949699e-01
1.415930515125880806e-01
1.405447566719237873e-01
1.411126208643502244e-01
1.418573037126772129e-01
1.419524120997067151e-01
1.407160273856004618e-01
1.410534798831739045e-01
1.407413704210989103e-01
1.402047722876245128e-01
1.412329062372855715e-01
1.411251670836614625e-01
1.415406024981151756e-01
1.408395055482965785e-01
1.407743949970314823e-01
1.415286787923424883e-01
1.414802020929548376e-01
1.407905182747577477e-01
1.407566502835472244e-01
1.414098238488216697e-01
1.405725757426614653e-01
1.405883122303641652e-01
1.423064094667862434e-01
1.406169659245953274e-01
1.411287143852696935e-01
1.409863045371049783e-01
