3.849065211982892198e-01
3.861177419067879368e-01
3.853496517880395933e-01
3.869000644472030404e-01
3.867473530415217464e-01
3.859390050868274358e-01
3.866231246531549037e-01
3.854679486074021888e-01
3.869507914851401664e-01
3.865940406945292951e-01
3.864265735642720689e-01
3.854881100621397327e-01
3.874376651442754671e-01
3.873358358452808625e-01
3.860152358989425991e-01
3.853147801890929314e-01
3.873087081286790134e-01
3.852831283735874135e-01
3.869142294832740303e-01
3.863896298801327567e-01
3.864480491366293347e-01
3.867726895623138095e-01
3.852365438606769610e-01
3.862365789171438579e-01
3.861255483707038416e-01
3.868199585151687603e-01
3.879130767515727163e-01
3.863906410121057400e-01
3.861558442755659293e-01
3.867635868378292985e-01
3.865684289356807191e-01
3.856677010670246375e-01
3.869671404322045372e-01
3.857715466374468383e-01
3.862278861162576904e-01
3.865013230260997967e-01
3.876197900142417940e-01
3.860940906944384521e-01
3.854068914405337498e-01
3.861812987682649578e-01
3.870603709317179120e-01
3.857439952214135603e-01
3.858582864342061103e-01
3.864684506990016533e-01
3.870809415953833099e-01
3.864474361389313994e-01
3.871443516373420102e-01
3.871457925513386855e-01
3.871885429496672582e-01
3.864269412245912028e-01
3.865573840492756430e-01
3.884278778435505952e-01
3.866557122672111824e-01
3.869842457405527347e-01
3.864642897870411153e-01
3.883319909896999489e-01
3.862872938102145937e-01
3.869193431312820119e-01
3.864812980119103902e-01
3.871158652855547500e-01
3.864752172531378260e-01
3.881999076031476537e-01
3.868562661886002507e-01
3.882102181127138341e-01
3.876827016930484149e-01
3.866373449714005650e-01
3.877512762263511936e-01
3.865610409281283744e-01
3.859695941970074373e-01
3.863849016152069993e-01
3.866813776555426685e-01
3.870179086953625114e-01
3.869341062666581954e-01
3.875803679623020526e-01
3.862127830256856242e-01
3.870115380598002641e-01
3.859547125591593630e-01
3.868037073910417512e-01
3.864621911203945381e-01
3.865475831640792226e-01
3.860670715397963026e-01
3.858429091460481297e-01
3.871420051508326354e-01
3.862645763329187742e-01
3.870184250058792963e-01
3.856980337229172218e-01
3.876040521362441038e-01
3.868550581590021187e-01
3.866874139467052496e-01
3.867726907802228054e-01
3.858345215003415873e-01
3.872867724683650148e-01
3.865302381204761550e-01
3.855822067961339195e-01
3.870633125292420873e-01
3.876264563113064887e-01
3.876856876238071736e-01
3.865989161522871420e-01
3.872400372379125044e-01
3.868544479610533382e-01
