2.060000252640958318e-01
2.072507802759652185e-01
2.067569619710177831e-01
2.075041064382948386e-01
2.062275600503149786e-01
2.073966513168996051e-01
2.064798608515941436e-01
2.059064761039015590e-01
2.071714344159930055e-01
2.059781249733927400e-01
2.077780718538944638e-01
2.076348133136149410e-01
2.077950309263557616e-01
2.072007377046513332e-01
2.067539325104514325e-01
2.068740721959244910e-01
2.077744681487664058e-01
2.073201811969413721e-01
2.067339604389321905e-01
2.081229168218292902e-01
2.066823863792104365e-01
2.075137333760811442e-01
2.062217352125818026e-01
2.077133647764293767e-01
2.077177778690500465e-01
2.070756122858941339e-01
2.074302198671733044e-01
2.077404484347546987e-01
2.077227177151647619e-01
2.073807866622353335e-01
2.082004176068641133e-01
2.075845615755347318e-01
2.071248177664375689e-01
2.062707833022054960e-01
2.076788555966165295e-01
2.065889701590037930e-01
2.085934415034902401e-01
2.067486513580934215e-01
2.064165961989296028e-01
2.072034803973722972e-01
2.065516454389607626e-01
2.078954532263587729e-01
2.079092082442880185e-01
2.070059336484512680e-01
2.062661604687009986e-01
2.070204174478353365e-01
2.076340120860594718e-01
2.072759782662472183e-01
2.065781706617229596e-01
2.079035343372341860e-01
2.063301307907830506e-01
2.078183821397897590e-01
2.066873826421662952e-01
2.069481539338945408e-01
2.068405990230875457e-01
2.054351027101123384e-01
2.067651511017478683e-01
2.069186953850264410e-01
2.057395417435327611e-01
2.075166750047170439e-01
2.073780037070802051e-01
2.060704517692076021e-01
2.066404784675148765e-01
2.069589163737491910e-01
2.078361568515812996e-01
2.085543762396263046e-01
2.080757058844686647e-01
2.070748137667829392e-01
2.066468863991267058e-01
2.070574558746464122e-01
2.078991219090967069e-01
2.069373722298400997e-01
2.058829982720619123e-01
2.077519298555029481e-01
2.071995728493402078e-01
2.074877984038667189e-01
2.079327870705487413e-01
2.066093132861896997e-01
2.071703876784253273e-01
2.072167050910329045e-01
2.083662251464737103e-01
2.081184501294371936e-01
2.065453670319841728e-01
2.072325097643746283e-01
2.069461311572429740e-01
2.080161204841804445e-01
2.076086775158672015e-01
2.067584279861611196e-01
2.063392794118323881e-01
2.075562579700933052e-01
2.061327192165191557e-01
2.077189582955979996e-01
2.067477247751067226e-01
2.079106163816066000e-01
2.077525695341033152e-01
2.059572541223828601e-01
2.075066865396892890e-01
2.057574377932876730e-01
2.069006984458987286e-01
2.064999142853712610e-01
