8.621657653283079092e-01
8.630286870852095227e-01
8.639265584567555889e-01
8.627185451384460357e-01
8.636727895254987519e-01
8.642581450755844052e-01
8.638274977645301611e-01
8.627080842790499915e-01
8.636943384164924575e-01
8.635874933598510772e-01
8.635389859414837055e-01
8.633725291463205664e-01
8.633648989834503684e-01
8.624533275478404315e-01
8.631336220402456849e-01
8.634086763218062899e-01
8.644107849793584153e-01
8.649635828975930085e-01
8.631576597910893822e-01
8.632430131713413335e-01
8.636033708977469692e-01
8.638892779907991759e-01
8.634357813927759917e-01
8.642132178416241928e-01
8.636300871738769036e-01
8.639861017996410819e-01
8.636506788010046565e-01
8.617055850953220242e-01
8.641557475966010760e-01
8.635311688771668548e-01
8.628708067265468129e-01
8.635463487031063146e-01
8.640835611930299809e-01
8.639592234414259497e-01
8.624864129295162218e-01
8.638964495508976160e-01
8.635115100918855369e-01
8.646829586010919000e-01
8.634390115492819318e-01
8.636171756226038720e-01
8.634326076376348524e-01
8.634222991467754849e-01
8.642982904801576050e-01
8.646290010489283695e-01
8.637330756806997911e-01
8.634904062185604356e-01
8.640469781343748101e-01
8.629848798336603455e-01
8.637974004265470684e-01
8.641832901148536195e-01
8.633365825055969722e-01
8.635355438739416023e-01
8.638467451028357669e-01
8.648974997188654257e-01
8.635532722849534881e-01
8.640790195267005203e-01
8.648100858560818782e-01
8.646648363748423716e-01
8.642598196551816159e-01
8.632859668718695367e-01
8.642138154325033073e-01
8.636108343000337140e-01
8.641847070335277881e-01
8.642174962424785667e-01
8.635401005951941489e-01
8.636633458991457291e-01
8.651022052998056378e-01
8.633764878161660494e-01
8.633531493540270718e-01
8.628906149803341474e-01
8.639928647833742259e-01
8.637273195621759658e-01
8.635636866241648280e-01
8.632431044445452173e-01
8.640249111348257127e-01
8.643375793833121268e-01
8.641988980816643906e-01
8.635948373769588571e-01
8.641594901788713923e-01
8.648259565695711748e-01
8.642053252968809884e-01
8.649877177479359247e-01
8.653391317682772588e-01
8.634954521618312118e-01
8.636859508046544898e-01
8.636596494050441386e-01
8.654519134456966079e-01
8.644135206897235468e-01
8.637779214223234581e-01
8.638842254131439136e-01
8.638351430897722727e-01
8.628541441867281225e-01
8.635513171339153082e-01
8.645792711030757527e-01
8.636794092222183084e-01
8.638072372611528271e-01
8.634671986805453336e-01
8.642831324231927681e-01
8.639414052616162243e-01
8.651842966795153522e-01
