2.420499947318302883e-02
2.520459627753515730e-02
2.508802744735925266e-02
2.347044515563033451e-02
2.429521464453041069e-02
2.509846492534568985e-02
2.437148470481624585e-02
2.588674810934095405e-02
2.536083131301206800e-02
2.489591494781346476e-02
2.478667182329240617e-02
2.363290604007026174e-02
2.451831359837542551e-02
2.496679351019486306e-02
2.438436407873062484e-02
2.383404209388748085e-02
2.380304156595688947e-02
2.387182162542831818e-02
2.429829410952010632e-02
2.495276475224283280e-02
2.304628419652303764e-02
2.411715408343835867e-02
2.483942293814139085e-02
2.380639096510665798e-02
2.552137795766142025e-02
2.474497547895452773e-02
2.450832206511854849e-02
2.535701073133878741e-02
2.516717864298817151e-02
2.515719165230553833e-02
2.518041045880091769e-02
2.450946540531186157e-02
2.496516364228668766e-02
2.451960787827529853e-02
2.421503135691920744e-02
2.577875628507663580e-02
2.437876469576527594e-02
2.458050526559591581e-02
2.479853295474388972e-02
2.492562029189723111e-02
2.446145162696691105e-02
2.571599990081797210e-02
2.496481271118154710e-02
2.485028128838502604e-02
2.525130239907952615e-02
2.486898302185564305e-02
2.533044794299397703e-02
2.506635781070300217e-02
2.532086117896336155e-02
2.381267208000091562e-02
2.558923070530518679e-02
2.509285021588620462e-02
2.467575197819875388e-02
2.349591307538306112e-02
2.385186668084536554e-02
2.519696048521934129e-02
2.567268464659153149e-02
2.419522945433535618e-02
2.522102528975960628e-02
2.409137300914619001e-02
2.459241226500238214e-02
2.455731416959844662e-02
2.437829116485144137e-02
2.488715712497496790e-02
2.500684187420424906e-02
2.529803915569643971e-02
2.396931664727336778e-02
2.533235547923236644e-02
2.477649605266354221e-02
2.512926218489931751e-02
2.654495842900835012e-02
2.405496174054149588e-02
2.503433096371257896e-02
2.368093155543160577e-02
2.472946503699878507e-02
2.415816375250167541e-02
2.327446906329795270e-02
2.560804393767368223e-02
2.488233761819547488e-02
2.510735776904868266e-02
2.487972661252430689e-02
2.507514859812849661e-02
2.478058210057388841e-02
2.481812353798974746e-02
2.397181273351262076e-02
2.445968686789411206e-02
2.479655296027962960e-02
2.540006418073494088e-02
2.443854427641370397e-02
2.578669861130076027e-02
2.525231707919888685e-02
2.455406642630020286e-02
2.489354851507816213e-02
2.403421993404811219e-02
2.543932047585020090e-02
2.408438468723688580e-02
2.431671460279891117e-02
2.483070961624256334e-02
2.468599254410163563e-02
2.500856878404577460e-02
