4.963597095191560338e-02
4.915350141097100944e-02
4.964414137612825628e-02
4.934685006774122001e-02
4.945070118697892508e-02
4.950918432727282464e-02
4.944812186852935026e-02
4.904650346342620537e-02
4.921212906379307528e-02
4.996301943301125620e-02
4.940353140171438451e-02
4.858613994711413753e-02
4.998897446627938168e-02
4.990092076732213777e-02
4.996283822434667565e-02
5.047995515279923157e-02
4.904356064161637108e-02
4.882409626622014748e-02
4.962972379246568394e-02
4.934402146225742164e-02
4.974435209892327792e-02
4.969851616627021795e-02
5.034085916757825158e-02
4.998979149152547874e-02
4.866946972223354373e-02
5.048641651745679193e-02
4.865470360095562607e-02
4.936717285128761068e-02
4.986771225006950831e-02
4.958695710866355827e-02
4.979764076629645403e-02
5.022173757875691286e-02
4.953735171223459105e-02
4.901490732237450548e-02
5.003428949423896488e-02
5.006573021789594014e-02
5.056062989940179192e-02
4.847192353757652505e-02
4.887076843095336520e-02
4.809283699731290579e-02
4.986349507425930083e-02
4.906507580002616303e-02
5.039711965168001961e-02
4.952591212715602015e-02
4.970086984197485958e-02
4.881362673021537313e-02
5.026649542201637455e-02
4.780279325959669451e-02
4.840725572606320581e-02
4.946487154335909436e-02
4.988489291552273414e-02
5.015068090350612712e-02
4.814042216365536919e-02
4.881850592061723337e-02
4.948170493874663040e-02
4.956711920564089990e-02
4.950970540634038602e-02
4.954869546032011213e-02
4.937865617247067657e-02
4.890118261042097902e-02
4.949434921510634938e-02
4.985247883194408175e-02
4.955178209167936110e-02
5.005049479758871128e-02
4.932750235409119610e-02
4.827093340022165641e-02
4.948216681669162509e-02
5.003549669822807827e-02
4.960660345363978457e-02
4.949144527500160679e-02
4.936395224675875493e-02
4.951345756596076120e-02
4.960666820470853444e-02
4.940802910090162647e-02
5.025822971007282841e-02
4.876612082692038941e-02
4.992250331335653518e-02
4.891154401658662915e-02
4.919899314062664564e-02
4.842097603576599185e-02
4.943891455252322903e-02
4.932838467119816939e-02
4.978651936694001440e-02
4.909713487352136696e-02
4.870669767607704176e-02
4.870116717059077421e-02
4.976342550674926757e-02
4.897952635308018554e-02
4.904811523048220601e-02
4.932566048967888805e-02
4.964759985230584455e-02
4.972753573700046392e-02
4.933291998269176415e-02
4.908476321373250045e-02
4.946951948953633160e-02
4.953009302894565563e-02
4.999244160311655527e-02
4.962103185555598317e-02
4.930737278775297605e-02
4.914240521250996807e-02
