7.496493473274122854e-01
7.512972655153699053e-01
7.506287583476733971e-01
7.515767038376179876e-01
7.517983358007553907e-01
7.519825579488823575e-01
7.520875544095837473e-01
7.524879758495934823e-01
7.507251114794581959e-01
7.520883851198653103e-01
7.520592714451024285e-01
7.513198079840868182e-01
7.513513452945729254e-01
7.510091031188368405e-01
7.506701756273574944e-01
7.512796970652373396e-01
7.519382595926454860e-01
7.513762073781996564e-01
7.511932338734736980e-01
7.512190479519471609e-01
7.519289335854336676e-01
7.515326383401335075e-01
7.518165337144685489e-01
7.517548857416532782e-01
7.525929102341722965e-01
7.514720732376583001e-01
7.506268619110436635e-01
7.509167770614186832e-01
7.514569422343998495e-01
7.517908024892474561e-01
7.506625477828836601e-01
7.510929521227387440e-01
7.505766909623881045e-01
7.505836021499450172e-01
7.499532467508250866e-01
7.507887011849456727e-01
7.517351048506881739e-01
7.509858301747609488e-01
7.518044273290822588e-01
7.516639062604588695e-01
7.510991736048021616e-01
7.522965375272240296e-01
7.517995877258516479e-01
7.516792946384203145e-01
7.505731120038698911e-01
7.505354682767044761e-01
7.520096289199131867e-01
7.504720250089231826e-01
7.515587082317294332e-01
7.517312083494697150e-01
7.520048846468830872e-01
7.523751867075548772e-01
7.509027654685618280e-01
7.513646390380144258e-01
7.508907956002495165e-01
7.501566317511046966e-01
7.502677239012593979e-01
7.512686001113221268e-01
7.514295596003526256e-01
7.508864045382537267e-01
7.519805750091717034e-01
7.507360029192100548e-01
7.511706709996661679e-01
7.528132589804528152e-01
7.525556065606365808e-01
7.516017357035584823e-01
7.521086534045315908e-01
7.509262370642095785e-01
7.518580481323110520e-01
7.518057555149234572e-01
7.518316964647164813e-01
7.524937574232293258e-01
7.520454527995774630e-01
7.517062463391017690e-01
7.534476823880409402e-01
7.512011624362877615e-01
7.513065859964112025e-01
7.516134051748590839e-01
7.511933705179666410e-01
7.524961191623160683e-01
7.526431670786124517e-01
7.516408216259715669e-01
7.512444230482737684e-01
7.507202408492845702e-01
7.513032428950026098e-01
7.505916245884592941e-01
7.519842605360465004e-01
7.522903657540800371e-01
7.516400651695659407e-01
7.513792165789392463e-01
7.520119476709461459e-01
7.508694854755719739e-01
7.516185279715563716e-01
7.511759095417878118e-01
7.526536751742389786e-01
7.517320410619563464e-01
7.523604795495884012e-01
7.524532398833382318e-01
7.513832795433690315e-01
7.525292108975267791e-01
