6.588567712041875080e-01
6.595100902830911549e-01
6.592577135043139469e-01
6.598825965333519061e-01
6.600292662727140769e-01
6.583680289541781194e-01
6.600468874527523067e-01
6.594165792955377636e-01
6.591262986489425657e-01
6.591912145971837722e-01
6.599098844119748453e-01
6.599486119170614451e-01
6.596227695570620053e-01
6.595868098777042388e-01
6.598442642810596892e-01
6.590813501086523196e-01
6.594892947402234418e-01
6.590423319289262505e-01
6.587444278644087881e-01
6.587626066529502777e-01
6.586546906134200796e-01
6.591731332639780838e-01
6.588321511275645470e-01
6.586283299785836709e-01
6.598649540014456250e-01
6.589390430517234609e-01
6.593113414110666204e-01
6.592072369550544542e-01
6.594748157939900324e-01
6.586087523582661030e-01
6.602397422834247465e-01
6.599700598517959094e-01
6.591124571621125305e-01
6.598723335681021540e-01
6.590181226416449434e-01
6.593962915493507548e-01
6.598873220467997847e-01
6.603715034874708678e-01
6.585560524471225641e-01
6.602233913329011994e-01
6.604048655065368756e-01
6.602872952451465105e-01
6.586547668075384276e-01
6.594942405280947995e-01
6.593953747606895455e-01
6.590980505068172457e-01
6.587870305309393437e-01
6.590531286079222006e-01
6.602996511871885854e-01
6.599738365235179316e-01
6.595906584363775416e-01
6.594517722382688962e-01
6.604365562660141631e-01
6.585630146155873055e-01
6.609954022059438827e-01
6.588793358245894627e-01
6.594507789378517559e-01
6.596805674047393486e-01
6.598937520274501534e-01
6.589127041793997330e-01
6.590495124775974656e-01
6.596830028535566326e-01
6.594029708777329191e-01
6.596338656181326421e-01
6.601980950734119835e-01
6.587497131713977438e-01
6.608633820574085771e-01
6.595429245317603328e-01
6.600642479921663419e-01
6.595982217868328057e-01
6.598171875006131337e-01
6.594161724792406698e-01
6.595218392367330207e-01
6.594752015979328252e-01
6.589874104420792023e-01
6.593412968393453921e-01
6.605033527524377668e-01
6.594124090588427967e-01
6.591052926986538107e-01
6.604715693447966718e-01
6.587419871520783232e-01
6.596099972065505579e-01
6.592920485210075343e-01
6.595344866799333072e-01
6.580069373287418255e-01
6.593412305406691765e-01
6.600896515393690489e-01
6.599654735727101817e-01
6.598831337163311161e-01
6.595337216366736754e-01
6.596104948499241782e-01
6.602884894242566638e-01
6.592815692021343210e-01
6.597544072379915026e-01
6.590780878353599270e-01
6.595464978981397941e-01
6.601778458193585664e-01
6.593738094430257046e-01
6.597469403515773267e-01
6.600657543661820892e-01
