9.738485899745403795e-01
9.742635831368231525e-01
9.749042191581958061e-01
9.745936311450069667e-01
9.728506373070637814e-01
9.747593625784348736e-01
9.745165808354235848e-01
9.734866729297537713e-01
9.746559383650601482e-01
9.740775383477316973e-01
9.744943615493284472e-01
9.747407508967144141e-01
9.744503125823655854e-01
9.739920014260241565e-01
9.745019655639077794e-01
9.740581306560860408e-01
9.747275924050604612e-01
9.738783886809535550e-01
9.732495002351110314e-01
9.742008517361834263e-01
9.758240259496232527e-01
9.747102098648352531e-01
9.743472756693217773e-01
9.746596047437020571e-01
9.736973341684359573e-01
9.742778751550158489e-01
9.743468556273692238e-01
9.745047053428146366e-01
9.738412465990626821e-01
9.747770652514116119e-01
9.732593398944462404e-01
9.737201128306368636e-01
9.750871250592259010e-01
9.745427058781716001e-01
9.745043868397685882e-01
9.729350464462173109e-01
9.740405519280024293e-01
9.741587099342613465e-01
9.733238586954653382e-01
9.744599471035895188e-01
9.731019671299233620e-01
9.741600134982377757e-01
9.744840121117726017e-01
9.744357593338552892e-01
9.744019182352073871e-01
9.745220141766257616e-01
9.741239407094848257e-01
9.747264976106000400e-01
9.745527625245729020e-01
9.738026413117030211e-01
9.733843210855890327e-01
9.738989964314217485e-01
9.751524904339130551e-01
9.739847129821541660e-01
9.736486662882222198e-01
9.736155670251473992e-01
9.739448612334806743e-01
9.739022565637167617e-01
9.737663042410409364e-01
9.744401062453589279e-01
9.742088314360193291e-01
9.737673772303387931e-01
9.740383462103607837e-01
9.732379274593361274e-01
9.734989054039722145e-01
9.754724484311680932e-01
9.739112875226427768e-01
9.740195069394160798e-01
9.745894277104593106e-01
9.740723493245746489e-01
9.740517417339518147e-01
9.734349356987367363e-01
9.740896045117468649e-01
9.745759336600572365e-01
9.743564552109083010e-01
9.741298095677890512e-01
9.739273678723054939e-01
9.731839664047259308e-01
9.745929028482598344e-01
9.739050128825084141e-01
9.746440854862783443e-01
9.737477316028471108e-01
9.738687063264443999e-01
9.741864569112954619e-01
9.747105373784320514e-01
9.740928279925651356e-01
9.745902918873703413e-01
9.735312275074354815e-01
9.730336739446160399e-01
9.735821234866726126e-01
9.743845633843062348e-01
9.738390741727753763e-01
9.739140587901196078e-01
9.737939162611521926e-01
9.732752236501474030e-01
9.731912251496481758e-01
9.735349559054280455e-01
9.737038446266030878e-01
9.748888859494051484e-01
9.745944217865984971e-01
