3.218422181730175996e-02
3.291861838975076310e-02
3.309867672911896014e-02
3.360973405814486614e-02
3.306777024156455635e-02
3.418762095908581267e-02
3.168968201479527291e-02
3.394390305539808639e-02
3.283929020085769868e-02
3.305480077505154601e-02
3.348593612557292098e-02
3.436781987979274644e-02
3.277213025251040496e-02
3.316854150971358661e-02
3.297602452741658918e-02
3.346937766896598832e-02
3.261681484152318539e-02
3.163575255787547807e-02
3.290056249449932468e-02
3.207777006284337484e-02
3.270097453001057780e-02
3.288811929886038821e-02
3.246313998930037970e-02
3.199512564639087064e-02
3.258900201935715363e-02
3.379248805323487731e-02
3.264500060936104814e-02
3.246932364083461586e-02
3.202587277764742946e-02
3.277186981182904357e-02
3.269971188332981837e-02
3.316210089204963546e-02
3.231715218523167898e-02
3.232982790920435612e-02
3.312219383770861891e-02
3.240743586383226793e-02
3.294635012290308973e-02
3.359720227708212770e-02
3.328901109019264531e-02
3.396517692385505466e-02
3.331542793798510094e-02
3.199656093817110358e-02
3.299517479208229076e-02
3.332756719920211552e-02
3.255130481526029990e-02
3.366530084758266594e-02
3.277355347976547428e-02
3.231486731076194108e-02
3.402822630322803465e-02
3.312394541721629115e-02
3.333909311417099230e-02
3.268620621631200540e-02
3.293382155348401064e-02
3.275117380006149770e-02
3.340626068276308924e-02
3.318734640693063453e-02
3.273705751377739559e-02
3.393837510486279185e-02
3.433606355187212439e-02
3.365442807624578064e-02
3.365265355744158360e-02
3.310459930009834739e-02
3.234173618672053774e-02
3.144934612757269154e-02
3.257035837485573737e-02
3.231216425640853068e-02
3.264925438387654422e-02
3.339837665950752543e-02
3.326542378090329571e-02
3.303430660752184472e-02
3.300336112152853912e-02
3.307017713551986537e-02
3.320662736730693732e-02
3.209011473384653507e-02
3.315293438409215587e-02
3.289581023350398453e-02
3.230047365152548255e-02
3.315166551814986706e-02
3.237770401527769598e-02
3.273536127792785189e-02
3.339651784175288324e-02
3.305551303552878295e-02
3.285843953949927482e-02
3.278253953373942708e-02
3.197313857525034553e-02
3.244623896560791532e-02
3.340034873397691728e-02
3.196917688817953185e-02
3.199084036237596212e-02
3.382428752714682074e-02
3.248734035938292269e-02
3.294032825697774253e-02
3.246838815714900295e-02
3.215993759847286110e-02
3.383538315065886398e-02
3.289659885220545810e-02
3.208107622435400763e-02
3.276382626360210826e-02
3.315786902360604027e-02
3.242953227053609749e-02
