8.533117301197459259e-01
8.535073024533709196e-01
8.540283656889418040e-01
8.530278445362866613e-01
8.532577621710057958e-01
8.525593097287658129e-01
8.529912769744363299e-01
8.534986825149936118e-01
8.546889537782003110e-01
8.528166149716688293e-01
8.534073453795087971e-01
8.532342797519154587e-01
8.538528576390600477e-01
8.542449420384328196e-01
8.547520024112513770e-01
8.543710510535054148e-01
8.547230262032466941e-01
8.552946967878687357e-01
8.521613295440784164e-01
8.533327600995093132e-01
8.532720940254892028e-01
8.532621572711888147e-01
8.532569631178449354e-01
8.539412967193181769e-01
8.539150427053224801e-01
8.526182582846476565e-01
8.536457452046383176e-01
8.532739290718273084e-01
8.529519063694881442e-01
8.536615778301557267e-01
8.530825346095116668e-01
8.537141901892245643e-01
8.536031714752196908e-01
8.531331631585608033e-01
8.535894700606889707e-01
8.544247114183147751e-01
8.542250263920629916e-01
8.540908570710313841e-01
8.542889030867679701e-01
8.545393768581319716e-01
8.548007332701464955e-01
8.534966079681463036e-01
8.536582069014507779e-01
8.541456289031261750e-01
8.524020174383182269e-01
8.530880389054803503e-01
8.541648755392249326e-01
8.527575414340773374e-01
8.548230843140713908e-01
8.536563683354388976e-01
8.537264388045533448e-01
8.535797504130457902e-01
8.526653390125482623e-01
8.530286552662111887e-01
8.527486660553180720e-01
8.533181456287936006e-01
8.527940854448383678e-01
8.538496621696913813e-01
8.536322380661571785e-01
8.529232211488193549e-01
8.537845544587903124e-01
8.542068657963475253e-01
8.533599497545431012e-01
8.540540028588552435e-01
8.539734721436622600e-01
8.545052258509884258e-01
8.542644099380178879e-01
8.536408091397711395e-01
8.543183719782242447e-01
8.533050885753676873e-01
8.534666842007738730e-01
8.535904499721407301e-01
8.535805313087032609e-01
8.538982963808596782e-01
8.539161993615475010e-01
8.531104222083785160e-01
8.529693100212825119e-01
8.535950097311495455e-01
8.541124790739422767e-01
8.540396796480362873e-01
8.532915557479558988e-01
8.528581543595843417e-01
8.547701346274616530e-01
8.524602780008576630e-01
8.535838238603514760e-01
8.530696943549325173e-01
8.544238807770196953e-01
8.538812876444192845e-01
8.531544678499044521e-01
8.520907350402076030e-01
8.530930792303670351e-01
8.538634892223981865e-01
8.535325022629014491e-01
8.532007418459512937e-01
8.537655611249113097e-01
8.534262676075079490e-01
8.528637346849305967e-01
8.534034674855388580e-01
8.532544385869818004e-01
8.532215965151971337e-01
