4.371793872111544577e-01
4.379776258239905240e-01
4.384061719718199690e-01
4.381623334164524985e-01
4.375928589108054600e-01
4.366015742118291021e-01
4.376080456435390009e-01
4.376047718777068551e-01
4.371411974978339221e-01
4.377818204054619855e-01
4.373946899291778490e-01
4.365114058459429458e-01
4.372331742309530922e-01
4.368754229960603586e-01
4.379133058962326186e-01
4.375996963202386514e-01
4.367306392354169953e-01
4.373558472631716709e-01
4.358254233409352696e-01
4.363394188195509615e-01
4.375646686928241769e-01
4.378645657645882094e-01
4.360107020170216341e-01
4.371809643442322590e-01
4.380279016121556568e-01
4.376828482295238576e-01
4.380819958928288127e-01
4.384022739896455967e-01
4.386605358230079577e-01
4.381676230075600698e-01
4.382336016374389076e-01
4.374287953920443783e-01
4.379218403848616492e-01
4.371760311716935687e-01
4.368905515365311132e-01
4.366330708262018412e-01
4.370106441553349708e-01
4.385979393452112962e-01
4.377081852661935946e-01
4.377351615133826535e-01
4.379899927532197035e-01
4.369731185458614608e-01
4.374301502131112684e-01
4.372824489618294952e-01
4.379902145728598040e-01
4.386806091629626425e-01
4.374753993794843754e-01
4.374198323262038501e-01
4.372721904306552387e-01
4.366634096342484339e-01
4.375140926984631973e-01
4.376274343206518758e-01
4.377254379336321666e-01
4.388213298933356099e-01
4.381583753475355447e-01
4.367390542790660080e-01
4.379945627299143274e-01
4.373949667961355980e-01
4.382265845801009974e-01
4.369900141454785003e-01
4.389602323818211915e-01
4.382572806262260423e-01
4.370841163478730307e-01
4.363491150532589069e-01
4.380424412612053398e-01
4.369369590049182461e-01
4.367767305776881770e-01
4.365500067526890682e-01
4.377648185623695953e-01
4.374103837113804683e-01
4.374613613996503059e-01
4.375851121678374089e-01
4.380770723469905592e-01
4.369704670373928956e-01
4.377667006517879100e-01
4.381823784571258762e-01
4.383936126365115538e-01
4.362488595901559685e-01
4.384418070994942074e-01
4.375067134614723519e-01
4.381321659265871582e-01
4.383126187880559410e-01
4.373102079913717133e-01
4.365825272132446422e-01
4.370364185448737393e-01
4.385930565079047549e-01
4.375085674510545974e-01
4.376469361949952286e-01
4.382722670213804461e-01
4.384719950801252986e-01
4.381666993182442571e-01
4.377801310520661460e-01
4.379662253439525754e-01
4.370345680809876732e-01
4.374298706609523468e-01
4.367594024458141266e-01
4.381088748820961554e-01
4.370703645661641046e-01
4.369270111509666044e-01
4.366124034769592877e-01
