4.144245754222580791e-01
4.157849749050528398e-01
4.162492741292430631e-01
4.165241801010145517e-01
4.159778333381117243e-01
4.160618004489902710e-01
4.160795306292892626e-01
4.155633936615612534e-01
4.174719397653881559e-01
4.164928873834740086e-01
4.162751360157751490e-01
4.169513074657390517e-01
4.163246238030261503e-01
4.165200787834856255e-01
4.159149654167282328e-01
4.167384587879981450e-01
4.159312055515456130e-01
4.169691766347068396e-01
4.166405517731400776e-01
4.148703358707670485e-01
4.162286694190179270e-01
4.167201890757211147e-01
4.169694314355116282e-01
4.154929277869314763e-01
4.156252177792832958e-01
4.163569856204633046e-01
4.173342982259616862e-01
4.178307228512250227e-01
4.164365333612894959e-01
4.166161021479909410e-01
4.165348814820024614e-01
4.163943593624731543e-01
4.159923471989122601e-01
4.163819041605966165e-01
4.171031595957983562e-01
4.164513251023108653e-01
4.173196522337388470e-01
4.164330053847321578e-01
4.160440093098455305e-01
4.151077722600845510e-01
4.156173893115590046e-01
4.163945653811016445e-01
4.167270035604025979e-01
4.171603101957833681e-01
4.180379758722418959e-01
4.165051098523526729e-01
4.161155223034446182e-01
4.159267324779856168e-01
4.164448416514535678e-01
4.165227482208381238e-01
4.160781791923118256e-01
4.154785033813179762e-01
4.172456395433515874e-01
4.161089065941247500e-01
4.164551832214987703e-01
4.155989240809040419e-01
4.172038187768565276e-01
4.158887505772040916e-01
4.164927503161669486e-01
4.169732698449459818e-01
4.175415257082562004e-01
4.167653961095708626e-01
4.153594945251326553e-01
4.163816649275072779e-01
4.165986901727762870e-01
4.166378658955834924e-01
4.166476851672259452e-01
4.163402185110200437e-01
4.167480051518759332e-01
4.167919626726842575e-01
4.174317910178094726e-01
4.163183169049422538e-01
4.167309359485761866e-01
4.155310531606994928e-01
4.166437101052772318e-01
4.164960580905985865e-01
4.163947874756734890e-01
4.165266514735272985e-01
4.157607016582389736e-01
4.153656790697574097e-01
4.160903061943663772e-01
4.156149240369738651e-01
4.157381076887113336e-01
4.165780347513614035e-01
4.156323936006448005e-01
4.150652529489185505e-01
4.163741897289946481e-01
4.154722713751360930e-01
4.152415974732445170e-01
4.159642630477879965e-01
4.155804425975172522e-01
4.164971842459959106e-01
4.178791774486914634e-01
4.152540206831105696e-01
4.167507043205463946e-01
4.152918268817742398e-01
4.170986593342158599e-01
4.159927335169073537e-01
4.167931843219946919e-01
4.152624500845906175e-01
