5.542532344719017789e-01
5.540507430647594322e-01
5.547790266566099415e-01
5.547344247618902768e-01
5.548552701563396194e-01
5.547315763220668217e-01
5.546366359459948825e-01
5.554521229845243990e-01
5.546608192068900323e-01
5.540850955924407906e-01
5.550075525134141596e-01
5.540425669268947972e-01
5.542443990704142287e-01
5.547705081318139442e-01
5.533352944249760874e-01
5.540090317759087668e-01
5.545165769746274176e-01
5.543213825658669380e-01
5.544446116731256424e-01
5.556277023851552421e-01
5.544630002822249493e-01
5.544868050773814616e-01
5.546511067578059340e-01
5.546623969517447961e-01
5.544641737690916283e-01
5.541764946866987174e-01
5.539203596597738199e-01
5.539554327331548400e-01
5.546898617948787802e-01
5.553455680447146880e-01
5.545212366813921934e-01
5.544301480340532162e-01
5.544105603889586398e-01
5.546701441805528265e-01
5.546755599811669102e-01
5.533750192602198137e-01
5.546049593802726552e-01
5.544918918401008368e-01
5.543128738416337464e-01
5.544137923554748326e-01
5.542855568725610915e-01
5.540948206512976704e-01
5.535317600255622583e-01
5.536458034121658489e-01
5.549363887775256021e-01
5.551276321982863138e-01
5.568047692447677388e-01
5.546558355909096960e-01
5.536219930779870957e-01
5.545551769611782866e-01
5.548184844719109554e-01
5.540659109650315495e-01
5.534524449592623796e-01
5.535454690644758813e-01
5.541651131049054602e-01
5.548616452224292006e-01
5.546414641407934054e-01
5.556837627515440747e-01
5.546449517847951149e-01
5.544008522712486897e-01
5.542438015932524831e-01
5.542647737419703624e-01
5.536119071233260858e-01
5.549506637299599365e-01
5.545821858941550886e-01
5.551549377471214353e-01
5.545301853925271862e-01
5.545561309736595224e-01
5.547917370178628849e-01
5.546816472019338029e-01
5.544586097137760294e-01
5.541145837823617804e-01
5.545580571648793811e-01
5.555534220736242368e-01
5.547900756359479546e-01
5.537882786066066210e-01
5.539275192818651217e-01
5.546207212636729000e-01
5.547066475030603128e-01
5.533035438562924346e-01
5.544013566943929439e-01
5.542435902772153700e-01
5.544774889793023798e-01
5.543253410933908221e-01
5.546246879747495084e-01
5.539487452131506284e-01
5.545762904236205548e-01
5.537376501171618060e-01
5.551483789375450950e-01
5.538007196008514210e-01
5.534632613760862574e-01
5.540403344703895838e-01
5.545183776171549450e-01
5.539864089730043295e-01
5.545316741075931866e-01
5.532605576056928154e-01
5.543527553396738750e-01
5.530334300968140493e-01
5.542777321339036334e-01
5.541502515006864193e-01
