4.347115097783103010e-01
4.361477723548619068e-01
4.362264774204046569e-01
4.349217781265740101e-01
4.349285359279995711e-01
4.358540809590192300e-01
4.352734450094403185e-01
4.353937442612624276e-01
4.347527629655182357e-01
4.358021421204084089e-01
4.365511945675734085e-01
4.353278226107335502e-01
4.354630537775535659e-01
4.361425738110163430e-01
4.350883564898027078e-01
4.346810841277675697e-01
4.360890504799853629e-01
4.355904118815207005e-01
4.358645361044796163e-01
4.350867733541359805e-01
4.356802667085790115e-01
4.368685483953457238e-01
4.361404599748254229e-01
4.368029883812472036e-01
4.348045345906720316e-01
4.351601211326534546e-01
4.356460645581925473e-01
4.357460037369924044e-01
4.353148390994041605e-01
4.353552641431746029e-01
4.349188918174847762e-01
4.354997451758456650e-01
4.347138144177252750e-01
4.360327175167355573e-01
4.364033607101097112e-01
4.357102669540756090e-01
4.360246860269026414e-01
4.356525429084277534e-01
4.359791164233433047e-01
4.367761139480846322e-01
4.339704760395892702e-01
4.360363930547449529e-01
4.364124126516529811e-01
4.353295009098231971e-01
4.352975299799867193e-01
4.355263537342211055e-01
4.356724530733773193e-01
4.361733624226087347e-01
4.348294657881074943e-01
4.359352271014337865e-01
4.353243468933974403e-01
4.353090588325067012e-01
4.358777992884351749e-01
4.353467352916035038e-01
4.357645547030399857e-01
4.355484868710761126e-01
4.360942183058877930e-01
4.355276457915580046e-01
4.349304795396526924e-01
4.355173850125777513e-01
4.355866506145983363e-01
4.359232237681081035e-01
4.347269542481795312e-01
4.362354493287308177e-01
4.354182626400602274e-01
4.345402925370040470e-01
4.350586795350521729e-01
4.339110474316483224e-01
4.347163859620865600e-01
4.357767237093799206e-01
4.358636349453378633e-01
4.359828983112485346e-01
4.351844119378923126e-01
4.352533281983047564e-01
4.374429832219122738e-01
4.346260946180454665e-01
4.351840405276655166e-01
4.348369531222925355e-01
4.348861609125417305e-01
4.360735765622179017e-01
4.346938420752257115e-01
4.350646512900652185e-01
4.356074620349194571e-01
4.357208636431474935e-01
4.362141903979244728e-01
4.352404028634714317e-01
4.363753239489090441e-01
4.360246603868296322e-01
4.355518968022153992e-01
4.341566225857070860e-01
4.356767454579144605e-01
4.352456813700190663e-01
4.359127375089482115e-01
4.350442953257805390e-01
4.350345733464543452e-01
4.355237241745986143e-01
4.364621141434135154e-01
4.367477525024009433e-01
4.351777791684087182e-01
4.351179114479757359e-01
