8.092814156215806243e-01
8.095932420301020782e-01
8.104273565909819732e-01
8.116228738385909969e-01
8.104393275284841325e-01
8.103277105906740996e-01
8.104617931833153488e-01
8.094348696390079034e-01
8.111960171581744650e-01
8.108711526535075098e-01
8.097202329622217309e-01
8.102492908995996279e-01
8.097558812907487136e-01
8.111813992733640788e-01
8.104898687524816348e-01
8.101833665307480725e-01
8.117078770269017252e-01
8.104911364859891387e-01
8.098554610815726917e-01
8.109233177581465224e-01
8.115097147521049825e-01
8.113067789289029053e-01
8.103539158500810968e-01
8.113643128574836716e-01
8.110400612087751426e-01
8.100883281252519996e-01
8.107975450961673047e-01
8.103195085550599641e-01
8.109855492898374596e-01
8.107292508685439714e-01
8.119645691993541137e-01
8.104075086649593640e-01
8.099980426867043892e-01
8.107110024784162094e-01
8.104013125119426952e-01
8.106980280267587213e-01
8.110954373602442535e-01
8.113226079178034178e-01
8.102596001615145482e-01
8.102164784340234460e-01
8.103103184866126130e-01
8.107385670633273644e-01
8.108269630626676605e-01
8.113104854453137005e-01
8.111982611275334598e-01
8.100517618720337598e-01
8.101637654569868729e-01
8.113396340186997957e-01
8.104083680537172985e-01
8.102699334934990727e-01
8.111617110175542988e-01
8.108337584094013062e-01
8.102735443838515739e-01
8.103617243703109541e-01
8.104368307756212308e-01
8.106924114059783637e-01
8.102118719978735895e-01
8.097468213184941810e-01
8.104685110868314890e-01
8.107147934969396452e-01
8.092495991323752635e-01
8.112007899034620051e-01
8.114631830899625697e-01
8.098707404273423061e-01
8.095466297249962473e-01
8.108432605945029570e-01
8.108892939373411046e-01
8.107554823669549382e-01
8.098295014151509763e-01
8.104218689002795628e-01
8.114332978938784136e-01
8.118561813028388752e-01
8.093324725523842744e-01
8.115676487280428786e-01
8.102824985143103342e-01
8.109341733100992045e-01
8.114484164954882672e-01
8.104231455502313164e-01
8.109311269368343345e-01
8.101403007457246286e-01
8.106153308510435362e-01
8.116943425517805233e-01
8.108020448304553707e-01
8.107462705254266933e-01
8.108999425155432039e-01
8.099840589580487027e-01
8.104670666432712833e-01
8.103848188063380586e-01
8.095304586430853711e-01
8.111471067532342039e-01
8.112339634023447710e-01
8.101640757329499065e-01
8.107939870745719535e-01
8.111054604109229071e-01
8.103703753006080701e-01
8.106079425051874177e-01
8.092869063549079645e-01
8.108627754848980462e-01
8.101799607417363713e-01
8.099096946644275263e-01
