9.174326684641562757e-01
9.178199227164999252e-01
9.187425790552625759e-01
9.196852604544020204e-01
9.178960735417907024e-01
9.187631648254417360e-01
9.180882454152531347e-01
9.171749878316126647e-01
9.178766180454100976e-01
9.180319453004820440e-01
9.192630793113942822e-01
9.173931881815269307e-01
9.192534295308452119e-01
9.181456186811164377e-01
9.178010446231676944e-01
9.184547041555158886e-01
9.176245282630777211e-01
9.181805883916626110e-01
9.177525951175010688e-01
9.175117462142592384e-01
9.184942205676387417e-01
9.187937560573349316e-01
9.190173360499234168e-01
9.184232608091285055e-01
9.173804562726013412e-01
9.195078411910959648e-01
9.198144255268250191e-01
9.187755556746999286e-01
9.176183500956310857e-01
9.183195222424447302e-01
9.188973404755574892e-01
9.192844688539898446e-01
9.183415533311964918e-01
9.186811904149918551e-01
9.188612652601018116e-01
9.181111885654494875e-01
9.188334701218421330e-01
9.175607528297984317e-01
9.180752470907852514e-01
9.177216579527172069e-01
9.181783003232553142e-01
9.176596385468283046e-01
9.175260946111279958e-01
9.184590756632935449e-01
9.180451065329947591e-01
9.182775170485497629e-01
9.177310377189734636e-01
9.193554108224037957e-01
9.174496220931972479e-01
9.188844588151443560e-01
9.190426704886409670e-01
9.188051375049381964e-01
9.186183207009327445e-01
9.179237732540526107e-01
9.184886435023026374e-01
9.179178053695518091e-01
9.182906203451477456e-01
9.198837116321282315e-01
9.179886734966187234e-01
9.185278303454467164e-01
9.182544379986632421e-01
9.172316411234222588e-01
9.180625808649571784e-01
9.184405112871516508e-01
9.189823652049065039e-01
9.184402713634670645e-01
9.180433709626871774e-01
9.182521220965256248e-01
9.178220617981579510e-01
9.170484178252622520e-01
9.185711763996503576e-01
9.184891274756583623e-01
9.177823614175131262e-01
9.179324100110030082e-01
9.177792471609276248e-01
9.185412829178114524e-01
9.184240906896271595e-01
9.176892375587044626e-01
9.188031914646563880e-01
9.174521685081228339e-01
9.183093711491232547e-01
9.182341736942010169e-01
9.186711032355452389e-01
9.181286992215140774e-01
9.183431646303066298e-01
9.188756070800028208e-01
9.182991451555571061e-01
9.176957016345780316e-01
9.187717457113706576e-01
9.173698314099296702e-01
9.175109998434549663e-01
9.186367972869118326e-01
9.177103162079314203e-01
9.184467492550119072e-01
9.181905365043419032e-01
9.198776119495133408e-01
9.186349782023042199e-01
9.179815335723755521e-01
9.184925623045608889e-01
9.183670577149107839e-01
