9.012822305502996567e-01
9.026096519663135975e-01
9.012725023036828320e-01
9.016842524078358956e-01
9.016453723432809042e-01
9.012591750061931251e-01
9.017445638867762625e-01
9.027833235623559105e-01
9.009628720604745400e-01
9.017296305008710711e-01
9.011705333924012740e-01
9.005013387766754862e-01
9.032214887922602742e-01
9.016802841434123916e-01
9.025206924827023913e-01
9.008646806669625695e-01
9.016353687899278935e-01
9.024913725096641581e-01
9.020334972978052424e-01
9.018504226552950254e-01
9.011764892552699413e-01
9.029992853159360955e-01
9.029449453174447360e-01
9.030943344894091229e-01
9.018622392625763595e-01
9.014259443307639508e-01
9.010057595143983189e-01
9.013675378869092647e-01
9.024851569044093358e-01
9.021645848653350175e-01
9.015772460647761832e-01
9.021500372165486281e-01
9.026221717930975608e-01
9.029318353647207696e-01
9.011728730643904228e-01
9.020524699742549224e-01
9.016360149520477041e-01
9.018258534310894525e-01
8.999264518322904749e-01
9.006690649389896830e-01
9.007963084162671219e-01
9.018091158327012913e-01
9.019775895090254014e-01
9.017030489634858537e-01
9.011381574653922755e-01
9.017105918638113060e-01
9.013903897976918156e-01
9.013820693517904381e-01
9.015072468193457977e-01
9.008366811984092060e-01
9.024312720852978309e-01
9.024653088290144343e-01
9.011915603583851020e-01
9.015320745714205941e-01
9.013880433317813523e-01
9.023002428491528892e-01
9.011089789818480522e-01
9.020034754170579427e-01
9.017716744473489587e-01
9.016569233494523550e-01
9.015335610647329245e-01
9.019600348772898180e-01
9.018716888397225739e-01
9.019389015415020250e-01
9.012863155886197131e-01
9.005917590141978568e-01
9.012687313660254773e-01
9.016569170951003187e-01
9.029112255330383752e-01
9.015723373152133568e-01
9.006900877157280050e-01
9.010846780304676562e-01
9.010144975802552025e-01
9.011431778618239630e-01
9.027526513116417295e-01
9.014074688687282455e-01
9.017893540697712318e-01
9.016355736807797339e-01
9.012644303540779944e-01
9.010353919487746888e-01
9.014946420555357554e-01
9.019558499037125809e-01
9.022354556542668824e-01
9.018740155394182612e-01
9.018976578593715931e-01
9.006293294587017773e-01
9.021970617052297303e-01
9.023318044389075920e-01
9.016893759194446467e-01
9.010089091171507025e-01
9.010645713628250286e-01
9.015618151472815089e-01
9.016354893528308878e-01
9.009560798881236510e-01
9.020716790693094067e-01
9.015626480787080066e-01
9.021097196668432794e-01
9.009676346756680942e-01
9.020600840489646499e-01
9.016849644248499107e-01
