3.271494670655846204e-01
3.285050834595268920e-01
3.281469657552048558e-01
3.274275094252536156e-01
3.272617654785416885e-01
3.288766134200051816e-01
3.286257431502249693e-01
3.288207514345349303e-01
3.285335755930543500e-01
3.285229621649125575e-01
3.289532764076977811e-01
3.282051533476136318e-01
3.283067694360372601e-01
3.276542898352620692e-01
3.286368644968595265e-01
3.291323405464846585e-01
3.301210675805151262e-01
3.279437481312529323e-01
3.273025399284648085e-01
3.288338071595862111e-01
3.274044469428583071e-01
3.278428576619278889e-01
3.285599644811291187e-01
3.280923295064248624e-01
3.282680850415886642e-01
3.288888179312493554e-01
3.282130439159385293e-01
3.277291723667739021e-01
3.284374644660699172e-01
3.297402678428293932e-01
3.285334119285498455e-01
3.288940013104313942e-01
3.289072177611714887e-01
3.289406586202569538e-01
3.283232313081836939e-01
3.286010965115722104e-01
3.281462236270024091e-01
3.290938389087575411e-01
3.279350631129933635e-01
3.270133657424594276e-01
3.278324112442072003e-01
3.283615340779742486e-01
3.276132763520021030e-01
3.289728119808866258e-01
3.278753484152923114e-01
3.283957227104464804e-01
3.284028190689900484e-01
3.290063605367807287e-01
3.277829991547507871e-01
3.273992512117135933e-01
3.283522925244969359e-01
3.286455244409774989e-01
3.283546363483159092e-01
3.296491668505663331e-01
3.277458810419865975e-01
3.283308050458700889e-01
3.283180486377210161e-01
3.279226214473521250e-01
3.271980392539016180e-01
3.285425291349721166e-01
3.285604110126053023e-01
3.295357421947584520e-01
3.277072569438284622e-01
3.276568235983485233e-01
3.299291267469561251e-01
3.280349033044860918e-01
3.285805810527216431e-01
3.289878689044175575e-01
3.272406854427202805e-01
3.283211619576885676e-01
3.283603533188079182e-01
3.295852981191820241e-01
3.292429251557484893e-01
3.283820136857529270e-01
3.289446187391985021e-01
3.280793210408063931e-01
3.287965522767070103e-01
3.278133218479630795e-01
3.282292126420613410e-01
3.276352071147115019e-01
3.288946461841190105e-01
3.285771156386139147e-01
3.280835037506603102e-01
3.286730761381605470e-01
3.282846935130531163e-01
3.271811193911489113e-01
3.281423496392965045e-01
3.272400893859033766e-01
3.280106329716936941e-01
3.289295104683915283e-01
3.285030604041311308e-01
3.284415842913829819e-01
3.285800883528972038e-01
3.288020715965031537e-01
3.283974177217912072e-01
3.280429551140007227e-01
3.290262392241974920e-01
3.282115762958366934e-01
3.282336559534231313e-01
3.288888941385014753e-01
