9.222071481976996665e-01
9.238670371990080898e-01
9.230287623891465509e-01
9.225926720719779262e-01
9.226340760659783591e-01
9.229703580086465742e-01
9.228262884653293252e-01
9.233972605960358848e-01
9.229264010050256539e-01
9.230890516287508785e-01
9.232925166192440525e-01
9.227913878432346673e-01
9.228171583209006101e-01
9.229376190033472538e-01
9.226493479563460109e-01
9.223729848995771974e-01
9.230638465791159986e-01
9.224293613885772292e-01
9.234635651189914141e-01
9.222554552241964965e-01
9.227627570095215948e-01
9.244650781267291784e-01
9.224991253224077425e-01
9.226667698560462316e-01
9.221656192300202726e-01
9.224805583340556225e-01
9.233503892853311967e-01
9.230637238239993714e-01
9.216917517414764394e-01
9.228969786771725747e-01
9.228697315451255268e-01
9.235778258062283808e-01
9.233523043518032658e-01
9.238980256261313251e-01
9.231549072820636193e-01
9.227753596551749871e-01
9.230218049431493377e-01
9.229905392239037276e-01
9.216945929382467373e-01
9.233063758336059745e-01
9.223436698085685226e-01
9.234721459774674068e-01
9.223190839170107846e-01
9.233060228052220042e-01
9.223894538979211521e-01
9.233254159622736879e-01
9.244194937366516651e-01
9.244367123377972284e-01
9.218498631725446923e-01
9.224813716193958069e-01
9.229024617954927345e-01
9.233332848369123491e-01
9.230007887358779861e-01
9.227435731905706540e-01
9.226223598181075847e-01
9.221161115784232143e-01
9.234512416740876528e-01
9.228257204148238024e-01
9.233460086241904730e-01
9.232852148028833916e-01
9.231091320538271638e-01
9.233713094991627957e-01
9.223763689595118054e-01
9.226733410373511024e-01
9.216695131786285522e-01
9.232067952672017297e-01
9.224013879319803433e-01
9.223463636182637204e-01
9.229977870913276261e-01
9.219106193065247368e-01
9.237939989877338443e-01
9.239533014953004164e-01
9.229948719442833127e-01
9.232526151835733774e-01
9.236863005967562712e-01
9.231826132402332075e-01
9.232303775546483182e-01
9.237713376706919721e-01
9.232052267134915891e-01
9.229203342905041296e-01
9.221986326223665653e-01
9.237957206517521946e-01
9.225928572247708015e-01
9.232141769937359799e-01
9.226018780819749132e-01
9.231457012280315233e-01
9.230858365313907576e-01
9.221825809030546051e-01
9.221768460028977321e-01
9.222577595520506932e-01
9.231894666668263305e-01
9.235258120561081752e-01
9.225536905749438521e-01
9.226364323689024705e-01
9.216097833429219843e-01
9.233939876480700137e-01
9.225982855269267979e-01
9.231872052127494399e-01
9.232116655032180930e-01
9.224143520062215718e-01
