5.961511488213478982e-01
5.973806911634802486e-01
5.974961256663928744e-01
5.982056874237050570e-01
5.976109489046531609e-01
5.970194236487396111e-01
5.973492116671126340e-01
5.972295575235186949e-01
5.975649128420592593e-01
5.970526496022725560e-01
5.978097901019885363e-01
5.974681350197368346e-01
5.974362636947194716e-01
5.973698042110318074e-01
5.968576412906011486e-01
5.968442853665781866e-01
5.968449429105585624e-01
5.972535163907142230e-01
5.973928271272223034e-01
5.974376967400937266e-01
5.982134759660704404e-01
5.978569958818233943e-01
5.976670223149040950e-01
5.982400746002278780e-01
5.980165856632666532e-01
5.975062238460877584e-01
5.982000366281634562e-01
5.973588648179903871e-01
5.967059799887510785e-01
5.970403428732468099e-01
5.976438103225221177e-01
5.986847579554240850e-01
5.983517899454999789e-01
5.981093948292410811e-01
5.977667563458066713e-01
5.974483428906638416e-01
5.969623830544372733e-01
5.968773723884575055e-01
5.968223608329256136e-01
5.978389447502920895e-01
5.967240848627576311e-01
5.976304732948481968e-01
5.979096489339974507e-01
5.977668358809483662e-01
5.975182667552632054e-01
5.961170606360268742e-01
5.974202919370614762e-01
5.973164573034068781e-01
5.970442732353468118e-01
5.970239977812653587e-01
5.977635796894437137e-01
5.986961634552553368e-01
5.967726677806135527e-01
5.975974198379805369e-01
5.972650899476089625e-01
5.971530490915083478e-01
5.980010921381772038e-01
5.960108289787142688e-01
5.970903529286798461e-01
5.989114728973914392e-01
5.971362893286160656e-01
5.980962408840195810e-01
5.971499577646361967e-01
5.979872376072848938e-01
5.975222259023625915e-01
5.970633459941172561e-01
5.967593940154682919e-01
5.984156792658683610e-01
5.984557818214196745e-01
5.980571272290620133e-01
5.963865464245168280e-01
5.970361081790053204e-01
5.967163800325501199e-01
5.974637946614687056e-01
5.971251451483211570e-01
5.970630748207558236e-01
5.969577805963438566e-01
5.961851058248122115e-01
5.971682264838445997e-01
5.968449713812410407e-01
5.976543435616833433e-01
5.986814149721660927e-01
5.970216484874251162e-01
5.978924652568640141e-01
5.963510531432352213e-01
5.981311351302731616e-01
5.975291618641744851e-01
5.983183064344239632e-01
5.973980050774374551e-01
5.977170165357930109e-01
5.967316580753248001e-01
5.966975082013299403e-01
5.972393194194464128e-01
5.973524949101817194e-01
5.981951705375871953e-01
5.978871332624391410e-01
5.984328478365895654e-01
5.966317230692048668e-01
5.979750819478756307e-01
5.972608080563761579e-01
