8.363619025559853037e-01
8.370803566394181550e-01
8.375213422224814241e-01
8.367392450274451221e-01
8.361386955141116850e-01
8.354818177278260372e-01
8.358771742528791071e-01
8.357716191916583215e-01
8.361679788064501073e-01
8.360808924589395730e-01
8.354518496736260680e-01
8.352545324144127203e-01
8.357028148183960337e-01
8.367497525441869310e-01
8.359209961287807911e-01
8.359414737161525721e-01
8.354048177898425465e-01
8.356349367668614025e-01
8.364711749909865546e-01
8.370159158987782178e-01
8.351251951592759681e-01
8.364735282698321228e-01
8.361872343986773704e-01
8.361557894339638475e-01
8.346719122204470098e-01
8.355143867873094932e-01
8.362258957409169913e-01
8.368342368188376179e-01
8.355638674768607332e-01
8.368680613110661692e-01
8.364431862605667956e-01
8.359595821966547824e-01
8.365392970393544791e-01
8.354021072211527121e-01
8.362435259246820962e-01
8.358986786115051304e-01
8.376353061405831246e-01
8.375698271136656770e-01
8.363433928371410975e-01
8.355128607546218333e-01
8.367843047449212701e-01
8.363335547906354250e-01
8.364520275031737118e-01
8.354867468202835656e-01
8.359492759456991218e-01
8.362734770324651290e-01
8.353631912444915431e-01
8.356890224146688029e-01
8.358084575637230174e-01
8.360426098932687289e-01
8.365442021989624166e-01
8.360702723097716005e-01
8.368969686117413431e-01
8.363619208062021970e-01
8.363940313236454260e-01
8.369188894572232584e-01
8.361637083348031352e-01
8.368547495645086709e-01
8.377195944512625392e-01
8.366251570110727620e-01
8.359743604079430401e-01
8.366226011757125214e-01
8.373372184684455544e-01
8.370646017102639780e-01
8.366818301328371454e-01
8.362308495558843369e-01
8.363141316233304590e-01
8.368335242796635098e-01
8.372066297547360314e-01
8.364281841927666550e-01
8.361269961116414295e-01
8.360576096855805162e-01
8.362544059242227323e-01
8.357881366690081970e-01
8.362603576861713517e-01
8.357041225583040633e-01
8.358713395862799045e-01
8.368499321783011702e-01
8.369281047891066194e-01
8.363843833029402930e-01
8.368094210874479355e-01
8.352232188665574819e-01
8.362671509422494598e-01
8.357712185795328486e-01
8.350624573684131136e-01
8.358261582774387799e-01
8.357791421584223057e-01
8.367377011872191295e-01
8.356108234098937881e-01
8.364259070766948412e-01
8.359327209786361346e-01
8.360071852442082507e-01
8.367158737551207981e-01
8.365431204264117682e-01
8.360573551905681189e-01
8.358187467029900564e-01
8.361363609233374294e-01
8.368493396032969933e-01
8.370301643826836280e-01
8.367202212833271258e-01
