9.365657879707516287e-01
9.366525923760047334e-01
9.383576285607810874e-01
9.357662243411657421e-01
9.381012427909778406e-01
9.371154402935050198e-01
9.374894854546608203e-01
9.369939683990204937e-01
9.377017289090435748e-01
9.377214201881418632e-01
9.377965873413438569e-01
9.367634909395179399e-01
9.383359681207730230e-01
9.365776668202683286e-01
9.379182201801856689e-01
9.375818083760067978e-01
9.365523141173809352e-01
9.379892688098289133e-01
9.372224426998287949e-01
9.374704096645901652e-01
9.373312955858870144e-01
9.374689529175901370e-01
9.373766078229547327e-01
9.378623756465075401e-01
9.378409704136050351e-01
9.369988728258552557e-01
9.373494352960052289e-01
9.370810799479528663e-01
9.386236453428706827e-01
9.384186024576556262e-01
9.375969012074363285e-01
9.378447631833606302e-01
9.372489898570939282e-01
9.380068124680402963e-01
9.386574741402886612e-01
9.382220099249585221e-01
9.362170730513031947e-01
9.378594440945318134e-01
9.369269315277081178e-01
9.369649957338948010e-01
9.363032213920137181e-01
9.378342689519664210e-01
9.369841990952637589e-01
9.378388796419283580e-01
9.372189316079679866e-01
9.373587298657048983e-01
9.376368858451857857e-01
9.364125317264675452e-01
9.376100482643869860e-01
9.375987696069305599e-01
9.380105393167965655e-01
9.375626362645588241e-01
9.378183382628388909e-01
9.378214459248563895e-01
9.367381080463943466e-01
9.371579996047340044e-01
9.375831878799604224e-01
9.369815883629459830e-01
9.380250920611161725e-01
9.371497135233050058e-01
9.374760196196256778e-01
9.369195800290934795e-01
9.370248518254573611e-01
9.375154216125904938e-01
9.377060061600861474e-01
9.363756989150764376e-01
9.388764739578334684e-01
9.378865553312826231e-01
9.369575968943267830e-01
9.365728947566913654e-01
9.377643045158425839e-01
9.379021141414628504e-01
9.368701331837443469e-01
9.364916458947705191e-01
9.368593021827729128e-01
9.378934109312535572e-01
9.385214241454362671e-01
9.370912690186692373e-01
9.374573379293961173e-01
9.377291753862577739e-01
9.381973736503939065e-01
9.375511581770445968e-01
9.366004526123359319e-01
9.365753914172811889e-01
9.376176121029879962e-01
9.371646408063902811e-01
9.377538431897913807e-01
9.383789040547354521e-01
9.364202353153197045e-01
9.379935624238625591e-01
9.369125231370930562e-01
9.380912551191670223e-01
9.371646468809652353e-01
9.388296745558789569e-01
9.376247696501993634e-01
9.372407439819981922e-01
9.365904353800329485e-01
9.377947392810759286e-01
9.360093777482675348e-01
9.379285041343374818e-01
