8.588293859539557484e-01
8.594695215340572014e-01
8.595931669343179760e-01
8.598940776673230646e-01
8.595869868166262640e-01
8.602697814710986712e-01
8.594655956048323775e-01
8.586048586479018141e-01
8.592806994440606028e-01
8.602695806219438079e-01
8.591378199107225777e-01
8.595127988093893556e-01
8.598884409715098487e-01
8.594749351864812148e-01
8.592579026049443902e-01
8.598826629008997635e-01
8.593853352010362157e-01
8.597193854898943499e-01
8.613530182884436837e-01
8.602504740354477430e-01
8.584449320263505268e-01
8.599255817951896308e-01
8.598496421217148855e-01
8.598179424754619493e-01
8.593402472518245627e-01
8.593692096012708337e-01
8.582504656423053380e-01
8.595115018896333225e-01
8.602750730142536550e-01
8.587171923036482912e-01
8.600284262281767678e-01
8.606237069872678669e-01
8.588256005184762287e-01
8.593944746442506721e-01
8.597956019076046230e-01
8.585307391775476304e-01
8.599735322344993493e-01
8.585138169394810337e-01
8.592158628971230394e-01
8.583828829941204663e-01
8.595106370335887647e-01
8.596054293019128600e-01
8.592251851822862996e-01
8.596688725485541749e-01
8.597165680441110069e-01
8.594719546361617724e-01
8.590044030169110556e-01
8.598329073566859382e-01
8.609377423342834401e-01
8.603288991533644126e-01
8.603460641068505499e-01
8.599274565081576061e-01
8.602431659135278963e-01
8.597809336772230804e-01
8.591953984383539078e-01
8.584646760909651064e-01
8.597583913500479458e-01
8.601666816347370847e-01
8.583971194152613116e-01
8.593647486853441819e-01
8.599992222375385520e-01
8.599393088307085709e-01
8.593667758891864183e-01
8.607138631372488469e-01
8.582577232281018986e-01
8.596689254279830106e-01
8.589692677740684568e-01
8.593047381334544266e-01
8.605197648313449577e-01
8.596022277995593042e-01
8.593454114662506527e-01
8.598086063929915035e-01
8.596659220852408412e-01
8.593085166283473963e-01
8.595216029447149131e-01
8.600998832559483276e-01
8.584332177091346106e-01
8.608280675909448787e-01
8.601761565149257383e-01
8.599037102542657074e-01
8.598746508057790727e-01
8.598797174460600656e-01
8.596941501821666609e-01
8.592605202983544244e-01
8.597353402114722432e-01
8.591284249647379578e-01
8.593844194204407483e-01
8.595587540759581646e-01
8.592585807834576261e-01
8.594640376401780912e-01
8.592106347459755877e-01
8.604612480370747996e-01
8.589997383890268789e-01
8.603994000057846314e-01
8.587569572445434840e-01
8.602206940345049624e-01
8.598222481328428035e-01
8.597714182176017239e-01
8.599744604076998700e-01
8.589919532260965607e-01
