5.628412191983763746e-01
5.640700317695028776e-01
5.641775220877496277e-01
5.646004148092681474e-01
5.650285358515179102e-01
5.647803288890197448e-01
5.638890060114682967e-01
5.645160736702177218e-01
5.644732047268152808e-01
5.650361220284521035e-01
5.653907042762862378e-01
5.648805768630260626e-01
5.645170866336369775e-01
5.635049206919305886e-01
5.648208824087797009e-01
5.637918046938514838e-01
5.643549462085294399e-01
5.660559849163618873e-01
5.635440167989628213e-01
5.651330097642832673e-01
5.643228470998594704e-01
5.646272809356717159e-01
5.643740584770766677e-01
5.643570115589628955e-01
5.653737352260577165e-01
5.636170613256281658e-01
5.649757119038290032e-01
5.636300813312936642e-01
5.648304002458035544e-01
5.646877420798163127e-01
5.640263210866567345e-01
5.639283002243280496e-01
5.639377482213150383e-01
5.639344122682168337e-01
5.636259724032470775e-01
5.634271925106624224e-01
5.642310712913055637e-01
5.640246993224908856e-01
5.643028961597178483e-01
5.652548274275503992e-01
5.650815064494878470e-01
5.648429506659142785e-01
5.649364641319493119e-01
5.638018523948682414e-01
5.644218360882122809e-01
5.642195242814749268e-01
5.641479535618463270e-01
5.648905727693209755e-01
5.650244240193667000e-01
5.648022204303559946e-01
5.637243134879958983e-01
5.640698855038536186e-01
5.649693250707525927e-01
5.656681950266783110e-01
5.651610848540500331e-01
5.646819660239165151e-01
5.633127260094276112e-01
5.648079734428376186e-01
5.641940754527476898e-01
5.647660641856033781e-01
5.641827804303715110e-01
5.645148263569608194e-01
5.657220689447360895e-01
5.651666672205841735e-01
5.643103727024977312e-01
5.645255783309481856e-01
5.629711971051840624e-01
5.640904439119391878e-01
5.646959411754772784e-01
5.650570184881912317e-01
5.648066210536990539e-01
5.656118944095542833e-01
5.659154006802186165e-01
5.647836719260652671e-01
5.647922119667543317e-01
5.655766688641018503e-01
5.643232559416945238e-01
5.648639445659212610e-01
5.632263127524264057e-01
5.638875647760558385e-01
5.642305383434280674e-01
5.639973745814821360e-01
5.653892865856812167e-01
5.645948560965634577e-01
5.645690426915878080e-01
5.645282366392214701e-01
5.643961244552139211e-01
5.651160897844635933e-01
5.646035299670374430e-01
5.644188551934126163e-01
5.646921575436893992e-01
5.650453942422127840e-01
5.643174187117998564e-01
5.641180535516012728e-01
5.625962903035146567e-01
5.647335625701153106e-01
5.640170639168297084e-01
5.644917051591333834e-01
5.652333611961282145e-01
5.653566267554099856e-01
