5.292442418531932979e-01
5.296884215432986487e-01
5.287246488069786698e-01
5.301219026267620649e-01
5.300768388568390943e-01
5.285202966664589441e-01
5.286255064935728720e-01
5.296040964637034332e-01
5.283515542673459242e-01
5.301381984781725620e-01
5.301881243133941268e-01
5.285725419639268896e-01
5.294669695826491607e-01
5.308405687828656738e-01
5.301898349342376582e-01
5.297245041535845189e-01
5.308154922028577305e-01
5.305409218150508588e-01
5.305333337180782038e-01
5.295672406016249667e-01
5.292781061595908110e-01
5.288535676318018020e-01
5.300254556784685933e-01
5.302770473834257370e-01
5.286956291537378005e-01
5.300937488669182907e-01
5.295916441259120866e-01
5.286409600464547776e-01
5.299036063600406354e-01
5.295965856565529872e-01
5.290037986992005559e-01
5.298402348982305110e-01
5.296374191772567075e-01
5.310018127287585710e-01
5.286215946395450560e-01
5.295467453926692158e-01
5.293187320609744617e-01
5.306165162733462726e-01
5.295280638030803733e-01
5.291510862146958649e-01
5.297510981779309791e-01
5.288421556580054084e-01
5.301811137647505223e-01
5.295029349448483469e-01
5.296485055205644166e-01
5.284301128506395662e-01
5.294978499627213120e-01
5.299006755355013532e-01
5.303782606006834932e-01
5.291166350805147633e-01
5.292372154753530733e-01
5.300612646111150239e-01
5.298325355517182755e-01
5.300546401157454346e-01
5.287322104647091958e-01
5.290032366421053567e-01
5.302318515021184897e-01
5.300964842653231868e-01
5.296348053625333785e-01
5.297061443863296804e-01
5.300585134512237895e-01
5.287157147065144613e-01
5.291691569191747657e-01
5.306793198579109472e-01
5.279315664254309315e-01
5.297070874066991397e-01
5.296585123912650461e-01
5.292628300293220622e-01
5.295121569870731015e-01
5.297426203603139427e-01
5.286920138767237098e-01
5.294503632524645287e-01
5.297622906750079075e-01
5.304073335089281027e-01
5.296489897708676065e-01
5.299401821159966941e-01
5.287118256236947866e-01
5.291651141734359243e-01
5.279286427958408412e-01
5.296237220742119334e-01
5.308405167018673820e-01
5.289590861842352609e-01
5.284255870308796066e-01
5.283575436311024331e-01
5.298111347770149138e-01
5.302318525392666348e-01
5.299068910612260153e-01
5.302162391366082028e-01
5.296909190287417690e-01
5.293181962586948064e-01
5.297632255843394145e-01
5.293510713470404028e-01
5.291829694779344173e-01
5.294103399529760390e-01
5.302024788047119408e-01
5.287947413061492297e-01
5.291367986782247179e-01
5.292895926402781948e-01
5.294919155586198523e-01
5.298265320248574106e-01
