2.704808296595678230e-01
2.709658042935912392e-01
2.709951595377500522e-01
2.719794910430266555e-01
2.708772733645661290e-01
2.719101019325157464e-01
2.715031139281315897e-01
2.710741460669374714e-01
2.699452334432481115e-01
2.713831233713519531e-01
2.701934350293357934e-01
2.710310031816694498e-01
2.711649034543338055e-01
2.713687581605272459e-01
2.712292617256571448e-01
2.711729527226853786e-01
2.716068496011219691e-01
2.715015022343216788e-01
2.710722800389449572e-01
2.714294873203291214e-01
2.716868759180248727e-01
2.707647585743246932e-01
2.721259750036464364e-01
2.710811812867929271e-01
2.711729541037643521e-01
2.721010553522992259e-01
2.705901169653409100e-01
2.714116679742348270e-01
2.722839307525493635e-01
2.719465625379547946e-01
2.721273493333130622e-01
2.708096715203112126e-01
2.712298469752867369e-01
2.724207984793650672e-01
2.716182910448243226e-01
2.717009985935669447e-01
2.714822739600226131e-01
2.704764686807847318e-01
2.707880886542773369e-01
2.703274130823533072e-01
2.709172351757115904e-01
2.703016680015664641e-01
2.709067448322233229e-01
2.708740090514162313e-01
2.714820551383648195e-01
2.721932329863492317e-01
2.717271265055572482e-01
2.711286552132035066e-01
2.713661047846972485e-01
2.716367161419754872e-01
2.717046920800705867e-01
2.720322871066749859e-01
2.697166473693078936e-01
2.715581578625183568e-01
2.712968709189239602e-01
2.714659692730265750e-01
2.717466793912539091e-01
2.709408426974331818e-01
2.727064781906574642e-01
2.716100204983151190e-01
2.708191653319358405e-01
2.720494780609313268e-01
2.707064341723262046e-01
2.716244181150603842e-01
2.711588503917617965e-01
2.703427040335412701e-01
2.718768973961019908e-01
2.706567238656432117e-01
2.707607362817773811e-01
2.704492836139563150e-01
2.708294888404504941e-01
2.710170274325487960e-01
2.710017144505323938e-01
2.712842983306930078e-01
2.699708613322004958e-01
2.709853176674583142e-01
2.716335699347823818e-01
2.712196507604767159e-01
2.710417560066821219e-01
2.723719907973954357e-01
2.716968885683353485e-01
2.717528210108948739e-01
2.718917252132519446e-01
2.706253728544340542e-01
2.702419770528395326e-01
2.714261119555154700e-01
2.713033829815618692e-01
2.712960187992161654e-01
2.716678185003472135e-01
2.717934253759284324e-01
2.699386235116446597e-01
2.718801025701165219e-01
2.708984300974475179e-01
2.708119871209768159e-01
2.709656423203053999e-01
2.705768385134346143e-01
2.716552492364229798e-01
2.718148787905241837e-01
2.709685424111946683e-01
2.708587910808231691e-01
