8.536369664208441899e-01
8.541029889318645374e-01
8.540801810779845571e-01
8.546753466289001011e-01
8.544310509271949572e-01
8.545917949530212887e-01
8.543029638409165294e-01
8.547845901672480595e-01
8.552278489461335731e-01
8.543170796301242653e-01
8.535215444209969249e-01
8.550651685279619940e-01
8.539684708150246939e-01
8.563954183619120197e-01
8.554145045047651941e-01
8.543033368322072718e-01
8.539637475752285267e-01
8.557953233826542938e-01
8.543391286837394016e-01
8.535487761787607930e-01
8.549816702667725199e-01
8.547812182128114999e-01
8.548897281318643682e-01
8.543121857254292184e-01
8.547899603536068813e-01
8.537773661922930524e-01
8.534336463918523741e-01
8.540981731216125139e-01
8.540284127873840614e-01
8.546869402277841310e-01
8.539510077863032844e-01
8.549720699387503009e-01
8.534558214060454784e-01
8.545914467332851316e-01
8.535912509096978962e-01
8.541879454946899042e-01
8.551010268342928988e-01
8.542251511320815283e-01
8.545116556296696864e-01
8.539137970529748767e-01
8.544823751349637231e-01
8.531525352481672542e-01
8.540703694887330499e-01
8.546977305807686998e-01
8.549156812137914674e-01
8.548384821743546524e-01
8.551181617446911298e-01
8.543388395203360686e-01
8.533359286822133072e-01
8.547988612008078357e-01
8.541167406111795923e-01
8.547126896977919053e-01
8.528339986953957785e-01
8.549422411583926795e-01
8.542728194036813827e-01
8.541181830685931065e-01
8.542033946733622596e-01
8.546571037121970527e-01
8.552168926316990882e-01
8.558175876892752942e-01
8.535737654121795526e-01
8.537365167942989608e-01
8.551267383128897670e-01
8.548026694550094895e-01
8.546398020395247208e-01
8.551511296364419090e-01
8.544443888155461853e-01
8.549182295745698656e-01
8.555418006118463703e-01
8.547771472844462037e-01
8.544071662673111689e-01
8.554012354498106152e-01
8.547209885269289042e-01
8.554778015245494416e-01
8.543060471226576746e-01
8.550346908756901732e-01
8.550918745291118395e-01
8.546106400112902790e-01
8.537838523084230191e-01
8.550744381469697064e-01
8.539457702536983330e-01
8.540978186504679659e-01
8.547743087257607675e-01
8.538354819031277465e-01
8.544507713975610930e-01
8.552076485005093431e-01
8.539794003755609708e-01
8.545979329614068476e-01
8.541312620215354423e-01
8.540094963024775776e-01
8.547953114267365926e-01
8.537338755720543793e-01
8.542409205233425507e-01
8.538436157678048755e-01
8.534861592584320755e-01
8.544939139035239162e-01
8.546086136005315304e-01
8.543246203352089507e-01
8.553130075849507685e-01
8.541814547871404706e-01
