7.638084344036466522e-01
7.641152011860771198e-01
7.650504840063563350e-01
7.646659819204838504e-01
7.643800875641862946e-01
7.635131720271887135e-01
7.651559909591497677e-01
7.651986608932457301e-01
7.651968003659421758e-01
7.651860840881198333e-01
7.651580190035811579e-01
7.634536913414289305e-01
7.647649945410949224e-01
7.638661152436674318e-01
7.635977026671869616e-01
7.644198997000315465e-01
7.641867634319701175e-01
7.638661855661119660e-01
7.639151698856705419e-01
7.650594127825657287e-01
7.646215693895994647e-01
7.638118535880527027e-01
7.641772679210567798e-01
7.657457977453931974e-01
7.645760937723419248e-01
7.627323090282978058e-01
7.645909321086512556e-01
7.645173571361445486e-01
7.645010393888020950e-01
7.654842309371823195e-01
7.642314843485491505e-01
7.637096187057457186e-01
7.644524358475176529e-01
7.645571599478580005e-01
7.644248939686519861e-01
7.642190578936631784e-01
7.656791785899697000e-01
7.636392624090349024e-01
7.641809884178243362e-01
7.647666107774352406e-01
7.635764241048251799e-01
7.641611143425610653e-01
7.658316439822632216e-01
7.641676037731138793e-01
7.646753244048134501e-01
7.639623990011010779e-01
7.642312094398163724e-01
7.637762199280100361e-01
7.642482311244873650e-01
7.636736636137568812e-01
7.653353521106228685e-01
7.634713460506734606e-01
7.643654775333367235e-01
7.646864476767085694e-01
7.640586283038010018e-01
7.646930225518335789e-01
7.642226474372404432e-01
7.638951684600293612e-01
7.641896178981995025e-01
7.642979607351370053e-01
7.653439843788438779e-01
7.640203023374135816e-01
7.640134550805031122e-01
7.643884703090157995e-01
7.632462161189252914e-01
7.635478908562350897e-01
7.645856828054444776e-01
7.634427304159083771e-01
7.641163465548832523e-01
7.633324316929137598e-01
7.643098503491614348e-01
7.647219774016351668e-01
7.644333179980562498e-01
7.640132987591705671e-01
7.626803219461231187e-01
7.626579459409419393e-01
7.633527771222790026e-01
7.637507884513474732e-01
7.635716915505883495e-01
7.635915882927712950e-01
7.645104027157082482e-01
7.635655900953045583e-01
7.655177503847194753e-01
7.654636470464384335e-01
7.648413415036352525e-01
7.638617124961664118e-01
7.645128826240308317e-01
7.637608695674459325e-01
7.648396601515221604e-01
7.648415293089323441e-01
7.644497812096939793e-01
7.654087159828173448e-01
7.649736529159874010e-01
7.639818412946195458e-01
7.643150968387024680e-01
7.654189565726482458e-01
7.632395466073655932e-01
7.634716074254975782e-01
7.642315437645403886e-01
7.639703940002613436e-01
