8.356593334560358244e-01
8.375382415375165479e-01
8.377146338311586282e-01
8.372950883254198784e-01
8.365104258589801667e-01
8.382536923147029251e-01
8.385488875119949670e-01
8.371690425460760476e-01
8.384339738735602232e-01
8.380464993951396435e-01
8.363378493017563642e-01
8.375263511817074846e-01
8.383681998161920390e-01
8.371725776780124528e-01
8.385345354332498502e-01
8.378545289598785528e-01
8.376270944829822263e-01
8.367946644600361417e-01
8.375992742727680351e-01
8.390329319645486450e-01
8.370893579978346821e-01
8.368618349217666896e-01
8.380847463774346862e-01
8.364985051052398202e-01
8.378015197956217852e-01
8.360541929660902927e-01
8.379412314802123785e-01
8.377005021923178418e-01
8.383110122928782992e-01
8.371044344483754562e-01
8.366464226734862120e-01
8.386452190160345044e-01
8.373561746546556162e-01
8.376610066199996485e-01
8.382894487042101828e-01
8.377890664049656433e-01
8.366137577430201588e-01
8.378010703223575106e-01
8.379853004011659223e-01
8.376945755988897124e-01
8.380258939032226850e-01
8.370395168653551599e-01
8.365402262677622547e-01
8.378680863235450360e-01
8.374169487864373540e-01
8.369794797790353069e-01
8.369355130263788078e-01
8.381164955381434911e-01
8.384909080526476988e-01
8.377135214245279293e-01
8.365572852861391517e-01
8.374444131684734005e-01
8.369832339126370702e-01
8.381011876633249758e-01
8.387467044866927512e-01
8.377188693602752867e-01
8.371148914105216443e-01
8.370504485283840612e-01
8.387468119611578565e-01
8.376008684192635112e-01
8.362090974894160755e-01
8.372922729560934307e-01
8.366982332826474744e-01
8.368250171828712780e-01
8.373238201927171165e-01
8.380611809419218350e-01
8.377458732190925517e-01
8.369095177454111134e-01
8.364533894257348834e-01
8.361187361447508515e-01
8.378525061297137366e-01
8.366679883163304909e-01
8.364942971155122642e-01
8.375172234994084919e-01
8.376273122445800912e-01
8.377819552764677047e-01
8.374712002983448755e-01
8.367418727281266122e-01
8.380434609149500780e-01
8.364537286680527872e-01
8.374862690026174672e-01
8.367970650702614144e-01
8.374448349104718359e-01
8.372718202814504185e-01
8.370410768630704990e-01
8.374124151228297119e-01
8.370564899016319504e-01
8.372349022254346185e-01
8.380928469695629879e-01
8.377473947626477013e-01
8.363516366440257865e-01
8.368125403666695217e-01
8.355239932016804705e-01
8.377849070436778067e-01
8.369142089961251196e-01
8.375451121122217124e-01
8.368390218546352122e-01
8.367515721650646832e-01
8.369294525909884985e-01
8.374079421106792598e-01
