4.959559297944124978e-01
4.971232076398308108e-01
4.973472948493398715e-01
4.964324793035559402e-01
4.969227393240100987e-01
4.970222828703177442e-01
4.968426157392296094e-01
4.966193444238133914e-01
4.970566100917531149e-01
4.963480080310132547e-01
4.965981080626057365e-01
4.979074063012036144e-01
4.966490918212275729e-01
4.971052401431785284e-01
4.973735069347013371e-01
4.971971606173904989e-01
4.963301604191681093e-01
4.966931772972489334e-01
4.973445623706464480e-01
4.955896007795729807e-01
4.963025793805351804e-01
4.959624386059557355e-01
4.968050064548484857e-01
4.961746896080865277e-01
4.976293434759276879e-01
4.978016352335824513e-01
4.973836165562885991e-01
4.973383520506475808e-01
4.972616097747474817e-01
4.968068621242934801e-01
4.963550965344040722e-01
4.957472350277773998e-01
4.970351404721036759e-01
4.969438439094986393e-01
4.968287038008739609e-01
4.976614621226098656e-01
4.971699677887999602e-01
4.966433422947715837e-01
4.966828598670998685e-01
4.967642471134749438e-01
4.961012174520127993e-01
4.970718758263121817e-01
4.970662480792612525e-01
4.953039784142611035e-01
4.967600361288958544e-01
4.964403672894034392e-01
4.963531560667900910e-01
4.968615426182912964e-01
4.957850182980504394e-01
4.967461248156604392e-01
4.965349667286015345e-01
4.959835513654361483e-01
4.966462652200553385e-01
4.970685763920033584e-01
4.963824775552901358e-01
4.972193661459183289e-01
4.974329959681773605e-01
4.958682282333523039e-01
4.964636801938430710e-01
4.964858716831399565e-01
4.961546991006149376e-01
4.968146221863184442e-01
4.969760878917650615e-01
4.967719959509172556e-01
4.971252030306982927e-01
4.959932181652759176e-01
4.967115545101429275e-01
4.962254722012990893e-01
4.962480571917843863e-01
4.965395851345303924e-01
4.964180934950416235e-01
4.958279727423475780e-01
4.957645988133896342e-01
4.973967039989440897e-01
4.969133380135910549e-01
4.969787561673902898e-01
4.973164783038478420e-01
4.971542667794149883e-01
4.957200198779206368e-01
4.968122341140335796e-01
4.966941026821272698e-01
4.963131073229369861e-01
4.961571055039784017e-01
4.963115369619044981e-01
4.979413632222320363e-01
4.980231870473592060e-01
4.969291381054338208e-01
4.965749532809280997e-01
4.964585756940924632e-01
4.961986639015423250e-01
4.974314877451309624e-01
4.963167929362353181e-01
4.959531017116978191e-01
4.970398165388818512e-01
4.960273990165777191e-01
4.973403383318646398e-01
4.967219044110238735e-01
4.957516068778088369e-01
4.965642877055540527e-01
4.977533719980796745e-01
