3.227933290705550240e-01
3.229027937707339424e-01
3.235932042223935712e-01
3.225746468156625579e-01
3.223921103692191648e-01
3.229671661755069700e-01
3.232096132913014896e-01
3.234028325777836277e-01
3.227561592388619727e-01
3.227398763702250539e-01
3.231135161523399080e-01
3.230060058472607465e-01
3.227829380402561510e-01
3.224363456278486195e-01
3.235764778603267833e-01
3.232103494525174758e-01
3.239789907920270218e-01
3.229860370215342780e-01
3.239507113740255906e-01
3.231079447653306680e-01
3.231438907231873880e-01
3.227214610127921435e-01
3.241812960473532401e-01
3.216265898136706491e-01
3.240810876531237117e-01
3.233482976152083355e-01
3.232575139767142058e-01
3.226958807914481198e-01
3.231922897724978094e-01
3.232169456945261921e-01
3.234575475567932901e-01
3.227673198246232555e-01
3.231910034725959946e-01
3.229060437686523399e-01
3.236153650023509964e-01
3.242124103900026477e-01
3.243606557147185598e-01
3.222003196156406069e-01
3.232351960860615492e-01
3.226902669328564621e-01
3.228052711475974390e-01
3.230447461339880921e-01
3.237549494303573194e-01
3.238985922322514810e-01
3.239089862107488171e-01
3.229428000630518159e-01
3.232504435054924241e-01
3.243773877435823239e-01
3.235350225370738908e-01
3.240625061727769318e-01
3.239034750458096301e-01
3.235047948258805706e-01
3.238125676478764703e-01
3.222868355472239266e-01
3.234920191946664136e-01
3.251758997418973673e-01
3.233948534160307475e-01
3.232124013790632078e-01
3.235895324649423754e-01
3.234945915942057382e-01
3.236801942210508209e-01
3.224093171730876284e-01
3.236610729002358799e-01
3.230640755564188615e-01
3.232690957278911426e-01
3.233582595945373450e-01
3.235266394649334853e-01
3.228273351286458093e-01
3.234410831163505584e-01
3.243055033093221740e-01
3.237277287269125225e-01
3.235614317567019338e-01
3.235662321488891324e-01
3.232042234630697064e-01
3.232234430268657865e-01
3.231335177754312560e-01
3.232556138468268281e-01
3.245190693301694407e-01
3.229329402094688328e-01
3.236180106226542730e-01
3.235203640275871040e-01
3.224881229751103695e-01
3.242206212657725573e-01
3.227866540582658428e-01
3.234462982310572499e-01
3.241328600957969486e-01
3.242789869293957183e-01
3.230479504481518771e-01
3.229485272105128701e-01
3.233333767289095495e-01
3.240270992716680620e-01
3.236717128863489945e-01
3.232674248347248702e-01
3.220816407845033535e-01
3.236655566623785618e-01
3.238948098849679380e-01
3.230633631043239307e-01
3.235023983982452389e-01
3.233081956024050352e-01
3.230879638709832635e-01
