4.289834293703567725e-01
4.315981322080218452e-01
4.310273489896817023e-01
4.311177850823604274e-01
4.296222219500722694e-01
4.303219106143788553e-01
4.312009560678436992e-01
4.313529449905279534e-01
4.309041146050999749e-01
4.306043660229713632e-01
4.296231409685012381e-01
4.297838874568983281e-01
4.300656182177371445e-01
4.305962523171776857e-01
4.303635615714484497e-01
4.320086261110036574e-01
4.300376329739363235e-01
4.304183581988730301e-01
4.312249174770123594e-01
4.303572597702965963e-01
4.308578397618295641e-01
4.310574644242378684e-01
4.311586461856432018e-01
4.306917991690658587e-01
4.303934969570557545e-01
4.310889197971261577e-01
4.312599321290971899e-01
4.310773889885830545e-01
4.292948942130725420e-01
4.299356725761266929e-01
4.307822270633657191e-01
4.311584937608680668e-01
4.310704129819784569e-01
4.299639206040262174e-01
4.302930310408512593e-01
4.309292996381300367e-01
4.306126780873241744e-01
4.299701402762392544e-01
4.308676454303591585e-01
4.310443796171019581e-01
4.304228447663010493e-01
4.305353300388862214e-01
4.307453535362429364e-01
4.301464901057698853e-01
4.307239768890424592e-01
4.305884505278447794e-01
4.315121169967046644e-01
4.309087566902226607e-01
4.302205958646953543e-01
4.308267314118845448e-01
4.310289777804686140e-01
4.316846895996961919e-01
4.298201392825455880e-01
4.312959150501589622e-01
4.298289007832472031e-01
4.310420526420193910e-01
4.306505556175981297e-01
4.305852960094946891e-01
4.311456046756497740e-01
4.311842495900850558e-01
4.308140312488991097e-01
4.299885182511519188e-01
4.297859679396288657e-01
4.308807904498536123e-01
4.302510893239540612e-01
4.310254165910009094e-01
4.305690598471610397e-01
4.303943540158343684e-01
4.313013044344519709e-01
4.300933292202430147e-01
4.310514294481759823e-01
4.304594295670056692e-01
4.306116554652426043e-01
4.312403934155869534e-01
4.305457097016784362e-01
4.286498603379365613e-01
4.305017467798417652e-01
4.306676611206145533e-01
4.307102514821409822e-01
4.298420057491473267e-01
4.301897201484587985e-01
4.295715833342142465e-01
4.303240890965937537e-01
4.296551067878787711e-01
4.314441354215226565e-01
4.315736515340666823e-01
4.302178074605694236e-01
4.304551081125708167e-01
4.294149749359030266e-01
4.297340915747684398e-01
4.301434102697259121e-01
4.303619469379534879e-01
4.303608415049592906e-01
4.318269863449807344e-01
4.300517176657101537e-01
4.310818057311076035e-01
4.307918564546439066e-01
4.310718370310211434e-01
4.312823411175206179e-01
4.300244980657907945e-01
