8.137324324154031618e-01
8.153460743356506502e-01
8.152771385432560081e-01
8.159273068564012465e-01
8.154897425222408236e-01
8.150472713545442449e-01
8.155654300862966721e-01
8.155097817665285520e-01
8.148792573953771434e-01
8.164807925884527418e-01
8.149559589728120335e-01
8.153750166421498413e-01
8.159242633863874605e-01
8.145707002816944264e-01
8.160926016006311290e-01
8.158615325279059416e-01
8.151246058415032580e-01
8.163271634490631978e-01
8.143807693360907152e-01
8.160029939875035332e-01
8.151806679696658176e-01
8.158330584885222780e-01
8.159987775667120191e-01
8.158616714651718560e-01
8.165633727628778260e-01
8.162298602725517327e-01
8.156344868099256740e-01
8.149629751075684325e-01
8.147769725937679119e-01
8.157396810716867064e-01
8.161984306305187786e-01
8.158168644527515889e-01
8.151480860603250722e-01
8.158738969039869282e-01
8.145426214697089051e-01
8.156504445976986428e-01
8.152896974852394951e-01
8.148585728613269019e-01
8.147733565076265005e-01
8.143887129172621142e-01
8.157330385314578436e-01
8.151652555776583986e-01
8.167110252653326796e-01
8.158200527166412641e-01
8.165056251502902374e-01
8.152440290976894488e-01
8.152443055817510942e-01
8.150340692643156526e-01
8.140518822102967844e-01
8.146390883154838169e-01
8.148466262548561545e-01
8.164035555787287901e-01
8.157297150516169548e-01
8.153673741952086607e-01
8.158551222145401516e-01
8.165093378636203436e-01
8.154517560999251513e-01
8.159019658513215756e-01
8.147490454043648800e-01
8.161714832297651823e-01
8.151161172868663929e-01
8.150701892730449760e-01
8.150441861657127252e-01
8.155750882107759558e-01
8.154931835924450478e-01
8.158418914554661505e-01
8.151140434384342992e-01
8.152954046505310748e-01
8.159323301123770911e-01
8.157518963111233257e-01
8.154069650532422830e-01
8.153908244880505585e-01
8.165166311017324485e-01
8.155758354581008618e-01
8.153526665468699974e-01
8.161220853471210512e-01
8.166022818681175632e-01
8.163410562489831213e-01
8.145810681536840292e-01
8.151445053885921777e-01
8.153216913340646244e-01
8.158817716890542915e-01
8.153879931280854088e-01
8.156383150269019833e-01
8.154082689750467017e-01
8.155962833748140461e-01
8.162097694398595671e-01
8.160600874538801452e-01
8.155887171523397150e-01
8.158890609577631459e-01
8.148338929734748604e-01
8.162417550118463705e-01
8.153991884910433141e-01
8.155271551738814129e-01
8.149716968515643423e-01
8.157837069880582437e-01
8.174480201422318348e-01
8.156755535495567866e-01
8.160695589404498573e-01
8.152220202601665466e-01
