1.055609442561380729e-01
1.066964782210052531e-01
1.069918165065700810e-01
1.074795655799474781e-01
1.079965437226288461e-01
1.067918860148965032e-01
1.074121383758329384e-01
1.078754073621054771e-01
1.073816590124146153e-01
1.074849546618628082e-01
1.070541115097536355e-01
1.082066012331866639e-01
1.073012696836319613e-01
1.076634414818043312e-01
1.072642507400553696e-01
1.064678919358464926e-01
1.074895007088512572e-01
1.073696636564775292e-01
1.066986570605080453e-01
1.079355000682409027e-01
1.074645223601602279e-01
1.062042669279001234e-01
1.083232028632184069e-01
1.067428916279843376e-01
1.071227621212374470e-01
1.074331383655185851e-01
1.061732855113192292e-01
1.069400504756318204e-01
1.068049301744241064e-01
1.077688606865512266e-01
1.068920307759601285e-01
1.073299418336131905e-01
1.079423006757362358e-01
1.087502206725813603e-01
1.076680940555109212e-01
1.068137081080294815e-01
1.075649826065151748e-01
1.081416218714528477e-01
1.071490346786892756e-01
1.078640859969991067e-01
1.068988854800682065e-01
1.068868016907975893e-01
1.083405411367316246e-01
1.072784082834817854e-01
1.075171351750732335e-01
1.083193379635637721e-01
1.067231300206421818e-01
1.078145589934118714e-01
1.078553459116000507e-01
1.069318453267086577e-01
1.074622356759089570e-01
1.071337910318111153e-01
1.072178517542051457e-01
1.070261287534364364e-01
1.068929053923209915e-01
1.064241879309385241e-01
1.076148052228267232e-01
1.087948471546728441e-01
1.070425828653760320e-01
1.072473828365139298e-01
1.076589197680528354e-01
1.073467342799644120e-01
1.075709115982723119e-01
1.074431878596370793e-01
1.082473630362947026e-01
1.069955784564398937e-01
1.081729594337227651e-01
1.076665421418162571e-01
1.071953806588911429e-01
1.086037272752130856e-01
1.073979081778068806e-01
1.073624309757436890e-01
1.075295289349458283e-01
1.070086934694372272e-01
1.076061117002600209e-01
1.070626941357284145e-01
1.064856872107206587e-01
1.074031856994789869e-01
1.083141486980135904e-01
1.066174933842597983e-01
1.064088709758753415e-01
1.073127712718246612e-01
1.084473240985858039e-01
1.073744203881081133e-01
1.067827979322283627e-01
1.072198312299533635e-01
1.080888996850724870e-01
1.067988812650664393e-01
1.069244691030392519e-01
1.076326794619038157e-01
1.059720686712620208e-01
1.071522309804469608e-01
1.087748885677504024e-01
1.070193267439695367e-01
1.082516279238501383e-01
1.069917720395725524e-01
1.075752247912422493e-01
1.067947344392373016e-01
1.072368390448758813e-01
1.075828897242743776e-01
