1.336455235093910454e-01
1.353620494698237198e-01
1.347552856383760767e-01
1.351827570915201115e-01
1.353364649914491347e-01
1.357375614935597552e-01
1.359093937951146858e-01
1.346961891444479198e-01
1.358203611199851335e-01
1.356875527362862432e-01
1.347066071046814084e-01
1.347061444739694192e-01
1.364968618181108817e-01
1.349517220419630126e-01
1.345612249870765664e-01
1.353648418475398296e-01
1.359712094438731145e-01
1.350670273796980014e-01
1.344713449585635268e-01
1.350722450008908782e-01
1.352021759056832029e-01
1.351866630831770055e-01
1.355657222205132184e-01
1.338596610348229410e-01
1.343278180489394236e-01
1.354544419707555680e-01
1.359120768303936910e-01
1.362620353906078829e-01
1.354215753240685105e-01
1.354156371872461129e-01
1.342481239555206873e-01
1.353106990992402059e-01
1.360117066492198545e-01
1.347854247020646712e-01
1.353573983449223306e-01
1.346940596344912700e-01
1.349034108074254057e-01
1.352490870375310239e-01
1.352561085531399365e-01
1.363149776632396892e-01
1.340495382706382022e-01
1.358359910868762455e-01
1.348783519326214320e-01
1.356056529979093594e-01
1.343694570233528451e-01
1.360046719497812195e-01
1.360792883008802856e-01
1.354419541544119587e-01
1.363499083177216464e-01
1.348542979967031763e-01
1.358443336243678190e-01
1.359024589325884824e-01
1.351256607845752189e-01
1.351708204938759650e-01
1.352266169281962360e-01
1.355014558322600038e-01
1.357146808934376336e-01
1.346069790341313244e-01
1.366091210762173103e-01
1.354018066250109453e-01
1.336232023089737875e-01
1.340637850884129900e-01
1.356205856528302500e-01
1.365185233486760907e-01
1.357920803378769858e-01
1.357785340334360935e-01
1.352298978116169836e-01
1.346841668493623523e-01
1.357614041685123174e-01
1.363368033861436790e-01
1.354444080462466615e-01
1.358633829338376509e-01
1.349140939898674785e-01
1.347805804391120632e-01
1.350679603074090296e-01
1.357495087567857084e-01
1.360640917548969764e-01
1.352648455296758812e-01
1.352764699347165089e-01
1.353126343299936585e-01
1.351146888646086175e-01
1.349832280587426325e-01
1.343049813580108887e-01
1.359010922685795764e-01
1.356400937136191809e-01
1.348792471849429575e-01
1.348994997768090398e-01
1.350385292761749345e-01
1.349446134671656028e-01
1.349312724303720068e-01
1.358732388981909733e-01
1.352290461109338648e-01
1.361471516193757947e-01
1.351939105592344093e-01
1.351715974030444078e-01
1.355538270547720636e-01
1.362919934405731337e-01
1.348653535449529928e-01
1.359947037934361169e-01
1.357075241017702827e-01
