4.248972682315069749e-01
4.265892339607308958e-01
4.264919520998199376e-01
4.258207590747268290e-01
4.266351981231323309e-01
4.255101196124551066e-01
4.269794090881515736e-01
4.267661048447486949e-01
4.269753718837983048e-01
4.266436957522261597e-01
4.270790146992554659e-01
4.260580869544263183e-01
4.252368458899504766e-01
4.268245942177744112e-01
4.257260893426225712e-01
4.268121074043245144e-01
4.260448248540947835e-01
4.267647039232147499e-01
4.263503886263519393e-01
4.266734067898045879e-01
4.259659560984320192e-01
4.264850729148762509e-01
4.258293876340664696e-01
4.259333297283264264e-01
4.265461076925877171e-01
4.269256622407832102e-01
4.262711362837569018e-01
4.258028423717529209e-01
4.270961024405690587e-01
4.263386762588636802e-01
4.268909795222801118e-01
4.273782140770331917e-01
4.270015375292408599e-01
4.268394918281143147e-01
4.253056952672472635e-01
4.261947457872214406e-01
4.267625520154108010e-01
4.262776823520342817e-01
4.259020981227398805e-01
4.254590248917063944e-01
4.262182613659269426e-01
4.271011540870328638e-01
4.271589663327348685e-01
4.268953731098847904e-01
4.279533608331458905e-01
4.270470521503123007e-01
4.275917815069553707e-01
4.249553991615570014e-01
4.267249598065371852e-01
4.266274550744980631e-01
4.264168979517268254e-01
4.268663447696627866e-01
4.276728426651643655e-01
4.260849432917274138e-01
4.275773517416191494e-01
4.261757651883704145e-01
4.254998363700933650e-01
4.256933858888266031e-01
4.268860452546061612e-01
4.262606637857130343e-01
4.267393916450757385e-01
4.267713514425965915e-01
4.265143162868942905e-01
4.269107626562381741e-01
4.263139362045048064e-01
4.269300174626315947e-01
4.271299155921495228e-01
4.263100667056087811e-01
4.266398667080806284e-01
4.273130220698342363e-01
4.263789772249114707e-01
4.271850981080774767e-01
4.273354213065416740e-01
4.264998092058510659e-01
4.265214619719013833e-01
4.256982306766610158e-01
4.258727627440463959e-01
4.257471076223638962e-01
4.266552824099258401e-01
4.271648024260930043e-01
4.258354785116874042e-01
4.258857224001498798e-01
4.274194525656401789e-01
4.267080266486299456e-01
4.259694503239266350e-01
4.267794774377378086e-01
4.257086305117832037e-01
4.273058818381861856e-01
4.263174181927952278e-01
4.261975344703170521e-01
4.262039115271356593e-01
4.269151683581824952e-01
4.264996592732495095e-01
4.269540737063151070e-01
4.270797385291373871e-01
4.270791936456538318e-01
4.256407605200330235e-01
4.257987124628352937e-01
4.276507752547288321e-01
4.258974976308195770e-01
