3.249004810653266517e-01
3.266156770241518403e-01
3.271172977965741691e-01
3.258723846806136359e-01
3.263561825244182257e-01
3.261597691348701589e-01
3.267406015344002101e-01
3.264924222912689578e-01
3.256225456545938091e-01
3.277447526468565964e-01
3.273309165963438350e-01
3.264703247423536570e-01
3.265618376522295141e-01
3.263900701142854466e-01
3.267268112185195417e-01
3.271544455576716470e-01
3.252718154991923738e-01
3.259489482634897461e-01
3.263405547511984972e-01
3.246371768833499205e-01
3.260824939881803441e-01
3.265357194838999777e-01
3.268237788390884746e-01
3.269050075453212023e-01
3.259526795658803100e-01
3.262163502722166819e-01
3.259173980204042587e-01
3.260412905742449685e-01
3.256031821410145244e-01
3.253880278529704961e-01
3.270140789818703486e-01
3.256055098404128101e-01
3.265947308493653556e-01
3.262418792871681350e-01
3.264978738157406912e-01
3.257030353503079789e-01
3.273762590552313223e-01
3.275733007550779563e-01
3.265637545638599426e-01
3.270443764771984174e-01
3.270060077048952962e-01
3.248707534998681035e-01
3.263690228651862646e-01
3.259755207552810230e-01
3.270912793952983622e-01
3.265152237155430903e-01
3.261329162438422746e-01
3.251853870744907948e-01
3.264050588387283902e-01
3.267241588748177605e-01
3.275978184704608775e-01
3.264905013573452530e-01
3.269777080155271132e-01
3.267517465371106433e-01
3.257307946586397440e-01
3.264064944216725772e-01
3.256812805932521315e-01
3.262557393191595212e-01
3.270306458416722406e-01
3.268130127488326209e-01
3.263124427236401282e-01
3.265222662446802815e-01
3.261063619035318162e-01
3.268246058870634130e-01
3.264043105224750385e-01
3.267474656846317549e-01
3.269652856142737929e-01
3.264445644046358175e-01
3.263954782891183015e-01
3.266661028216123475e-01
3.259851266492163058e-01
3.256345497057026583e-01
3.261762642608046492e-01
3.253549091652639946e-01
3.261058100367585921e-01
3.267627908080844024e-01
3.263539580316775490e-01
3.263018375124817072e-01
3.262920330239786337e-01
3.253327393016996472e-01
3.263270608002051265e-01
3.253484945964613129e-01
3.262773505648318695e-01
3.266624041978419268e-01
3.262586387856616366e-01
3.268244049822466857e-01
3.261515836329922924e-01
3.258894583468445183e-01
3.258891772850147639e-01
3.257186881757103136e-01
3.262683823482224188e-01
3.270790045830983539e-01
3.258659872343822039e-01
3.266704753421196816e-01
3.249516633567625656e-01
3.274038070706639103e-01
3.256819236950133090e-01
3.249275610169436446e-01
3.266909775932936855e-01
3.271449499134009287e-01
