5.614591652824030277e-01
5.630860329798156316e-01
5.631565757539707118e-01
5.622010615642492048e-01
5.621624153720820027e-01
5.637392486133269154e-01
5.629899140427438997e-01
5.632055440452485850e-01
5.637162674748250613e-01
5.639533432301357951e-01
5.624357471530803121e-01
5.619930532177577209e-01
5.616331503211317022e-01
5.622807963136779996e-01
5.633709507013131557e-01
5.621628608420561335e-01
5.619165793023175315e-01
5.627162493850133007e-01
5.627010535173873063e-01
5.618687034219851384e-01
5.628794656078452974e-01
5.623089934257505806e-01
5.626917812839185018e-01
5.615918150659678920e-01
5.633165916520576078e-01
5.618319819636751200e-01
5.637719909338023694e-01
5.623768839694306410e-01
5.622135609067945294e-01
5.627066340689081958e-01
5.620852064268240245e-01
5.633359733048141083e-01
5.620943320113845898e-01
5.623011292215069901e-01
5.626033803114318665e-01
5.628244620150180122e-01
5.630252010347462921e-01
5.627279060940844069e-01
5.625581206680037027e-01
5.623994368726541460e-01
5.631969561645692179e-01
5.623680331647347153e-01
5.632942359194939019e-01
5.621799918800098883e-01
5.618385653874775620e-01
5.629645034560564199e-01
5.628353042952081164e-01
5.618057677022925134e-01
5.629506401317826425e-01
5.619722509983492431e-01
5.625868503244445540e-01
5.630850828234066352e-01
5.635123912894507425e-01
5.629112467131014430e-01
5.617957549312144749e-01
5.627510020727011231e-01
5.635570665786606703e-01
5.627210141050059677e-01
5.620425958947621314e-01
5.623431723985977682e-01
5.623208681259639352e-01
5.628282966101421092e-01
5.629283201843926498e-01
5.625652886210616987e-01
5.626797786389114986e-01
5.643559283936474547e-01
5.630293766021381430e-01
5.632214902245045174e-01
5.634465190855125760e-01
5.626386100543288027e-01
5.622834483924041837e-01
5.633436560165183682e-01
5.628201455083070570e-01
5.627046338945598247e-01
5.623554681863996985e-01
5.631327337145470846e-01
5.624317553510760348e-01
5.629091423423497886e-01
5.621371163700268347e-01
5.632113675957212129e-01
5.624375724530427112e-01
5.624129602009324547e-01
5.625249850076288194e-01
5.618573193324063464e-01
5.628654310065985822e-01
5.619066595132922171e-01
5.628486979908954302e-01
5.623011697206967696e-01
5.624796951639372544e-01
5.614910371419168378e-01
5.629300112419165503e-01
5.619063719281520708e-01
5.613801741602002515e-01
5.625734125363595073e-01
5.622578957565891322e-01
5.618856350178560444e-01
5.629789995688270210e-01
5.630709455579387956e-01
5.630217694673838036e-01
5.610613777706678906e-01
