9.030455470771033832e-01
9.031632047734630131e-01
9.027338292592579361e-01
9.029661375997581896e-01
9.025245313034587769e-01
9.034666033442254607e-01
9.029283255971776168e-01
9.018574656081159713e-01
9.027676824432498970e-01
9.029875992855360689e-01
9.026968139623048337e-01
9.031778150288619633e-01
9.019054981995695552e-01
9.023864044886755753e-01
9.029133147406217530e-01
9.018538644403851778e-01
9.028671299598154398e-01
9.029420598973971757e-01
9.016738904592921378e-01
9.018729184827278811e-01
9.021064447489464122e-01
9.026050358233526083e-01
9.023357748743647821e-01
9.025841700406473933e-01
9.024405046641206241e-01
9.031441714879799854e-01
9.022704893905867385e-01
9.022550935622415391e-01
9.023021967103650454e-01
9.027593052660425332e-01
9.024155355964444958e-01
9.021001439809706035e-01
9.023768062180250737e-01
9.030057889168835450e-01
9.031304162929738588e-01
9.031059858648778915e-01
9.014509974775462009e-01
9.020308578523719145e-01
9.016379536558640773e-01
9.020554649591019380e-01
9.017822251847642523e-01
9.024331385215437207e-01
9.025836770791956232e-01
9.033025525643437748e-01
9.028551068053803919e-01
9.026105162191055964e-01
9.021365271206475134e-01
9.029539789061817867e-01
9.027854386343665549e-01
9.026495067142211726e-01
9.034200937999929959e-01
9.023833318433049921e-01
9.028098267261237542e-01
9.032361547521394751e-01
9.025552166182839731e-01
9.025205816472617881e-01
9.017384921771348649e-01
9.029051708923138131e-01
9.030372347131088162e-01
9.029929759866867078e-01
9.025319226246947268e-01
9.026152673530705162e-01
9.033532190686583974e-01
9.028358211275624434e-01
9.030585892436900908e-01
9.029423194489001325e-01
9.027612635877715341e-01
9.022971625692661757e-01
9.026587173278761700e-01
9.032214888847376333e-01
9.035128850542357704e-01
9.027927220212272896e-01
9.021389964886951107e-01
9.037741088932451650e-01
9.043456589821807778e-01
9.023493991397928404e-01
9.031383201624734181e-01
9.037802072362629557e-01
9.018261104249269966e-01
9.019092919707508704e-01
9.017285670628651939e-01
9.021963560238711599e-01
9.031164111930916061e-01
9.021852366427076664e-01
9.023305728367088108e-01
9.026281915661542588e-01
9.032471735494826959e-01
9.017713333603565307e-01
9.018044467603196779e-01
9.030954714152212848e-01
9.031513606377423731e-01
9.023360555625623558e-01
9.029685224720305214e-01
9.042399532863918399e-01
9.024931626233584359e-01
9.029814277620888952e-01
9.019297486356481208e-01
9.029152105806603767e-01
9.024817338983454063e-01
9.031120631110397534e-01
