5.421938221184545714e-01
5.428608733761969285e-01
5.434299010213982095e-01
5.420613193455401380e-01
5.431023324164034882e-01
5.422812253228113111e-01
5.442977999731648531e-01
5.417876557369171175e-01
5.433047722560691017e-01
5.432612408013950400e-01
5.435698474191026364e-01
5.428163881839818128e-01
5.421097222460898868e-01
5.422485841044806243e-01
5.421856601565868683e-01
5.435648300040563097e-01
5.418663736519793162e-01
5.423250519948195070e-01
5.421597669511017958e-01
5.423944748306064323e-01
5.425502864473304987e-01
5.432768302780015546e-01
5.414925280077353964e-01
5.429498804662739042e-01
5.425925787921920262e-01
5.427531798107105843e-01
5.414694420490471227e-01
5.422737671627611000e-01
5.439234978777334195e-01
5.429423483657405125e-01
5.432685942162116532e-01
5.423135807442337475e-01
5.430027787227376113e-01
5.424974068957724160e-01
5.426853544427282516e-01
5.415372932164566055e-01
5.425593637426602278e-01
5.427682621070020197e-01
5.437965628311104416e-01
5.422953182681824469e-01
5.428110508635626275e-01
5.430103616490746798e-01
5.427049955370635281e-01
5.429475079187764397e-01
5.430811517434627200e-01
5.442313898934174610e-01
5.431795882570524814e-01
5.424791888003811513e-01
5.417680202342851636e-01
5.427534008548862143e-01
5.431284011112005317e-01
5.433280857896209959e-01
5.423366954576338550e-01
5.440772833200024916e-01
5.430564076681595465e-01
5.431200522906802775e-01
5.436752983889363566e-01
5.434955821298852463e-01
5.421927713269629745e-01
5.419527515468662848e-01
5.430657927283897290e-01
5.427334389085661792e-01
5.420514049434150827e-01
5.432076324318184657e-01
5.425514095153016747e-01
5.419690071995993952e-01
5.432767173185969467e-01
5.425551836187558763e-01
5.425880864499954548e-01
5.431072657557287631e-01
5.436472886930628912e-01
5.431725830163313118e-01
5.428188446329310635e-01
5.427845402412506681e-01
5.432117633139086355e-01
5.429763853165339160e-01
5.412546555672750337e-01
5.418539172256622294e-01
5.415287868825738871e-01
5.427224319068880698e-01
5.432054599280767837e-01
5.436836137852398831e-01
5.428697111766552785e-01
5.426594736423568932e-01
5.437849370827350093e-01
5.432162754117970671e-01
5.426044562142773309e-01
5.438483332205593657e-01
5.423171459297324581e-01
5.435004890432630908e-01
5.422798293613630971e-01
5.432874439918948806e-01
5.429047132401663145e-01
5.427344177323001340e-01
5.426326136659709309e-01
5.426052489875015095e-01
5.424272784409547299e-01
5.425582953563899968e-01
5.436870126918014190e-01
5.419840652115996971e-01
