2.886773788538473662e-01
2.905745509761039624e-01
2.901522513702196604e-01
2.903184847363965426e-01
2.903308636511435781e-01
2.908840337273501109e-01
2.907182176913983285e-01
2.902615009019771097e-01
2.896720164565975142e-01
2.904289366874478473e-01
2.912081536378638980e-01
2.901128832092691456e-01
2.902449406846949187e-01
2.899008685266899477e-01
2.907861562567197744e-01
2.914060593848755154e-01
2.908480114081004042e-01
2.896568263428082601e-01
2.910130787348856329e-01
2.903365506450624189e-01
2.913955730762335383e-01
2.903292215059166126e-01
2.907550514539873343e-01
2.900993505912922710e-01
2.900071140652605850e-01
2.901025462628832319e-01
2.902481369478367434e-01
2.900980566716941933e-01
2.914847028481287183e-01
2.898809217668874560e-01
2.915720538286195040e-01
2.891526558464373453e-01
2.901575809646601556e-01
2.905944003110381146e-01
2.897028018597474497e-01
2.903239691263988509e-01
2.895050117634558884e-01
2.904189289328953927e-01
2.909735070534052448e-01
2.894642297834225109e-01
2.904835212709274694e-01
2.907387470054828560e-01
2.888128960092253283e-01
2.901565178109376530e-01
2.893195502006277176e-01
2.905313244812338658e-01
2.909505098363714404e-01
2.910571694473021997e-01
2.913141769095026201e-01
2.900700545287923648e-01
2.900286490919803395e-01
2.901566497025193092e-01
2.913098602595008968e-01
2.899067471493917414e-01
2.909745672940466932e-01
2.905860706068260080e-01
2.894557434501614512e-01
2.904387267305856835e-01
2.901093795555129140e-01
2.901037772472186971e-01
2.897635765643794548e-01
2.901175893269679062e-01
2.910449020853971280e-01
2.898699766274875356e-01
2.910215884800844144e-01
2.904532388258198594e-01
2.901710276274131473e-01
2.895848396139389935e-01
2.895225339378076912e-01
2.900133746798732037e-01
2.906473241100433480e-01
2.907746355447732856e-01
2.898697618109580265e-01
2.890204833125781247e-01
2.901491436248689881e-01
2.902522076778151772e-01
2.898577190173342588e-01
2.903063943266877001e-01
2.911593000496885408e-01
2.903043455954997798e-01
2.918914894887631450e-01
2.902145949744766584e-01
2.895632110376535895e-01
2.910336873148630099e-01
2.894822340328471189e-01
2.889644752391787863e-01
2.913402206915208792e-01
2.903169787418010683e-01
2.902498567259737539e-01
2.896838376395691195e-01
2.903271497215962893e-01
2.897960431811258397e-01
2.905744757821171476e-01
2.894650105709505872e-01
2.894947630258661864e-01
2.891260328507117006e-01
2.905613703989818331e-01
2.900089374274885667e-01
2.911777986018078135e-01
2.898857859444217699e-01
