3.386014731232285246e-01
3.383766632115043915e-01
3.391427276024254756e-01
3.394116282456696165e-01
3.394236075903306338e-01
3.391641158803281875e-01
3.398961351206268855e-01
3.391289278066734747e-01
3.400048983659310076e-01
3.393961661701362931e-01
3.398726476137294839e-01
3.392538001843782292e-01
3.391381008868435409e-01
3.397955025670277851e-01
3.382111792702128250e-01
3.392290629939637703e-01
3.395254152980006213e-01
3.392611477915449258e-01
3.394003907800875464e-01
3.399703260162764140e-01
3.395749530135646621e-01
3.392231868890155932e-01
3.397879576161728643e-01
3.407211846058375015e-01
3.401753918361702933e-01
3.385984067083747107e-01
3.391406966605565731e-01
3.390227614341136397e-01
3.403203486467530903e-01
3.393245235144131677e-01
3.393611877171506253e-01
3.385719024306913516e-01
3.400177899676385396e-01
3.394838613833303653e-01
3.394235256052458571e-01
3.379360032352551335e-01
3.393438070069374479e-01
3.394874554421981050e-01
3.398665655050769896e-01
3.401134073361275489e-01
3.396841421789507098e-01
3.384527297306217375e-01
3.390433869505102837e-01
3.397872732750439884e-01
3.388927828937101649e-01
3.397510039504993418e-01
3.390579510896316595e-01
3.400704025542262698e-01
3.378439940066415015e-01
3.389111930719586607e-01
3.393588443985395275e-01
3.389313325992089343e-01
3.395465393353405137e-01
3.385229871521078793e-01
3.380858000389153628e-01
3.387311959207962575e-01
3.397120470093661915e-01
3.386565464169136730e-01
3.394995559735949908e-01
3.399857042563073639e-01
3.395253452652186588e-01
3.398815834730660734e-01
3.394360569423411911e-01
3.385828284920503473e-01
3.395524018240950181e-01
3.398974776487606042e-01
3.399890908224542097e-01
3.392941592836231091e-01
3.390983632025268424e-01
3.399303545978559771e-01
3.389386442039446501e-01
3.397442788607583086e-01
3.377379462311336233e-01
3.396619547667924510e-01
3.400554061622393931e-01
3.398091146861408340e-01
3.393616240946781271e-01
3.398069632945857066e-01
3.386265693270864574e-01
3.393680745128130338e-01
3.391744067311986965e-01
3.387177909082288441e-01
3.385540349536876881e-01
3.396102995569264538e-01
3.394321185777136041e-01
3.394032131829772814e-01
3.388049052842087017e-01
3.386267592219963096e-01
3.399692179779992274e-01
3.395557263127097491e-01
3.393881321284581420e-01
3.384372862268931192e-01
3.388817301905439616e-01
3.388200461854157797e-01
3.394923514736500336e-01
3.380281857484610519e-01
3.394997991455590558e-01
3.395806242400472019e-01
3.408924559640522656e-01
3.393879747128384361e-01
