6.644053125243818414e-01
6.649752963157278263e-01
6.650655863058345663e-01
6.645599122385885682e-01
6.661861910574600198e-01
6.652529833808152882e-01
6.653568337676698530e-01
6.650395541891258588e-01
6.653817898073026704e-01
6.670453185791171968e-01
6.651885446923488932e-01
6.648485785910929202e-01
6.663973054522408512e-01
6.651228017406561888e-01
6.664539881706323943e-01
6.660419569234639070e-01
6.654080505962367553e-01
6.646525125932787326e-01
6.658473187206084276e-01
6.648592863993783020e-01
6.662179853603273916e-01
6.662526023602985958e-01
6.645791278908725896e-01
6.659590719090611177e-01
6.653339385403804762e-01
6.652208702593420675e-01
6.658936659745133824e-01
6.658921559277786173e-01
6.665124774990522916e-01
6.642095249139066127e-01
6.655327974181852735e-01
6.663523712896932683e-01
6.666732533828233498e-01
6.651044572365387708e-01
6.644095212832520359e-01
6.646330717811312905e-01
6.661599555327266664e-01
6.637379240747744991e-01
6.650271957782968313e-01
6.657471487254139619e-01
6.655454124463312526e-01
6.653017731927222123e-01
6.659042291665783209e-01
6.666537424333941475e-01
6.660056656026819288e-01
6.652009413996482490e-01
6.662149096758809286e-01
6.653510785033232011e-01
6.661500445692990491e-01
6.673566085285052019e-01
6.657246837697945452e-01
6.656548160865877195e-01
6.663019673851596769e-01
6.659010129479979723e-01
6.658315183570124862e-01
6.654825616300938940e-01
6.650773302202481752e-01
6.651468226352471591e-01
6.652567048991693266e-01
6.661725017591331177e-01
6.660267109814289599e-01
6.654742881981392522e-01
6.652106972431253151e-01
6.647431463978095145e-01
6.648980347842121663e-01
6.659139045475185315e-01
6.668024122856747171e-01
6.655762641160484216e-01
6.652918708665120917e-01
6.650819055486368869e-01
6.664220880693599858e-01
6.649675358046504003e-01
6.655323886733249816e-01
6.658841449926301559e-01
6.662129168738680773e-01
6.660742035331812527e-01
6.652779990815328448e-01
6.648692237732183319e-01
6.652249655582805898e-01
6.648161461535606609e-01
6.661961389998171112e-01
6.658970175282949988e-01
6.652269710999323404e-01
6.656799312966952265e-01
6.659127222860001805e-01
6.661535911820068989e-01
6.663921995922617025e-01
6.652682560659773925e-01
6.661602158706496635e-01
6.651473333767202734e-01
6.654298940101928128e-01
6.655936578921346491e-01
6.661277376238698977e-01
6.667008881272795673e-01
6.656748409619045459e-01
6.653831678465391697e-01
6.654599172055452039e-01
6.662269968260887687e-01
6.664917960080193327e-01
6.652821204561543134e-01
