2.734814839795369767e-01
2.734308018810004959e-01
2.738809070795289458e-01
2.743484175715286133e-01
2.736341108519395049e-01
2.739793327302606496e-01
2.748069298346297318e-01
2.744524749714568057e-01
2.746099326793554618e-01
2.747965518022525422e-01
2.749715328180210028e-01
2.746685263235721375e-01
2.742854963891337428e-01
2.738639377154914456e-01
2.732710043409236622e-01
2.740038069448456071e-01
2.744478972038034703e-01
2.735359652458579371e-01
2.742739618153616221e-01
2.743631127264208880e-01
2.734697473548268754e-01
2.744024970140077069e-01
2.741863884070414592e-01
2.745424984322762940e-01
2.735641874494518233e-01
2.747362088599823449e-01
2.753002571689083244e-01
2.744641357019223515e-01
2.742193278318711958e-01
2.754277886558060828e-01
2.751126280623820697e-01
2.744227801543585032e-01
2.741038555273515587e-01
2.740018445773421685e-01
2.740644167132796905e-01
2.740706118344277686e-01
2.747225069365167860e-01
2.744935194259747191e-01
2.742160403413152481e-01
2.736747724964200823e-01
2.746589862887892086e-01
2.744073767420397991e-01
2.749971556659926430e-01
2.754014769010233454e-01
2.737393299467028585e-01
2.742205614936977232e-01
2.744847830060948013e-01
2.750174435463673683e-01
2.740645938966035366e-01
2.740202358944662797e-01
2.732254168169053199e-01
2.751717329108974153e-01
2.747762042166155272e-01
2.754450821382791736e-01
2.730679304545067243e-01
2.735916328681891607e-01
2.749738770266423327e-01
2.747413903989534001e-01
2.735425934905870715e-01
2.746755891275753925e-01
2.742960254051921010e-01
2.747794151149701714e-01
2.739027241348459540e-01
2.746205575819993805e-01
2.733172149336901002e-01
2.746104561998086169e-01
2.744957115893746358e-01
2.742964545269677146e-01
2.744429405155749957e-01
2.748842877087595560e-01
2.743290545239844280e-01
2.738551508443580751e-01
2.736835185875273746e-01
2.744982071883494967e-01
2.744028757697453136e-01
2.750328332206822823e-01
2.737945716046557010e-01
2.738013615594043770e-01
2.751663742366558529e-01
2.736343877352249709e-01
2.736151008455459110e-01
2.742705506029463058e-01
2.747516185246036136e-01
2.744442590602690357e-01
2.744669498473656377e-01
2.750098000907322260e-01
2.745062928577872152e-01
2.754321207652775105e-01
2.743470355833013130e-01
2.744487864384595466e-01
2.749035948766899717e-01
2.746940872175532844e-01
2.740409137247566962e-01
2.740785435960653715e-01
2.739645916486938004e-01
2.743804185824130770e-01
2.737700119468500781e-01
2.748566526567351453e-01
2.741447358465623485e-01
2.750568893595063402e-01
