9.856973970079951908e-01
9.853002213293911016e-01
9.867678170407745419e-01
9.862834268954709938e-01
9.859334020568616408e-01
9.871179367453694065e-01
9.874145616163383377e-01
9.880823278940282783e-01
9.872223731234265331e-01
9.869951392546889579e-01
9.872536479662818998e-01
9.871363855105810270e-01
9.865876851670595249e-01
9.870115296051562570e-01
9.877103125285655594e-01
9.877119186104400539e-01
9.863849637723159924e-01
9.877056772775588689e-01
9.854912897796808124e-01
9.871266843800521329e-01
9.862136549870705871e-01
9.875240467818631185e-01
9.870836576893022851e-01
9.873674852264431312e-01
9.871339015432750719e-01
9.868692212896184035e-01
9.871031274310873016e-01
9.864839117024568615e-01
9.867703378440335626e-01
9.869931117819836786e-01
9.869510190850956377e-01
9.873207448888347004e-01
9.873597765156669759e-01
9.864633292037774392e-01
9.873173166027398029e-01
9.881816057093840699e-01
9.873120999356106431e-01
9.865714545915482692e-01
9.869783059466255004e-01
9.865781437816997235e-01
9.874917465089977364e-01
9.866536640613388087e-01
9.877099544079468441e-01
9.867624248123945119e-01
9.879455269734997991e-01
9.873774810902604671e-01
9.865518353970397225e-01
9.870439660788580261e-01
9.877762265848033518e-01
9.872023457674694580e-01
9.873932215541787460e-01
9.872756496658275926e-01
9.876984102896351203e-01
9.864581252047290860e-01
9.874988664647730285e-01
9.871750787063957588e-01
9.883212940792138745e-01
9.870850484239890310e-01
9.878320925175623213e-01
9.878130216705438560e-01
9.871717224320435413e-01
9.881519692209008721e-01
9.874911142212966508e-01
9.867875363045615078e-01
9.873360659958957397e-01
9.877501840475699790e-01
9.885046637980603457e-01
9.872749917148231358e-01
9.861126864701916794e-01
9.868189084689484858e-01
9.873483607641522219e-01
9.865465417873477971e-01
9.866564513211337761e-01
9.877250308487952601e-01
9.882238796980128415e-01
9.876281360595251524e-01
9.879419008906862310e-01
9.870090757346803301e-01
9.868670078169262672e-01
9.872071537402071773e-01
9.888668721034561404e-01
9.873250844989632791e-01
9.865353595460494285e-01
9.883158667012564846e-01
9.863702682453514559e-01
9.870397507741672793e-01
9.869079644734647383e-01
9.880084681338510144e-01
9.860867861638229481e-01
9.874653331235913045e-01
9.873170838941742744e-01
9.867986477519032906e-01
9.875373020329245577e-01
9.878276040786353462e-01
9.865927658968122183e-01
9.864139200719429512e-01
9.881538057642169637e-01
9.870291434109214057e-01
9.874664922948408474e-01
9.873276209592196651e-01
