9.139313133209384099e-02
9.016744006919363841e-02
9.013718698481806846e-02
9.149741999759680722e-02
9.069998960635958229e-02
9.047371662683345583e-02
8.954824079653847524e-02
9.024455749905108126e-02
8.985013484310772069e-02
9.032476875918911408e-02
9.052843735441612472e-02
9.024110271158689023e-02
9.098117933031864280e-02
9.073749409673272093e-02
9.049624429811652104e-02
8.996782730358061919e-02
9.124555211074031336e-02
9.015385757320645843e-02
9.102243268930601539e-02
8.992715675095472316e-02
8.978614715562246995e-02
9.027542551600062359e-02
9.122137704660626678e-02
9.030078834669244547e-02
8.922151115840804003e-02
9.008960999220774757e-02
9.070627589166364857e-02
8.885301414872436021e-02
9.055352958899964833e-02
9.074130790520953949e-02
9.076723937976020895e-02
9.006172433105692765e-02
9.028958641915652006e-02
9.043984953367725788e-02
8.988276308699699735e-02
9.036091703716367385e-02
8.995037455699457507e-02
8.992747996570810143e-02
8.969404058629404375e-02
8.991006736198203786e-02
9.074318434554166923e-02
9.042390262398614098e-02
9.013438643861909627e-02
9.091063861700648951e-02
8.998123382210072851e-02
8.983935226081539438e-02
9.004147939634735143e-02
9.032347344131660960e-02
9.045149617541789477e-02
9.130627929872556225e-02
9.021511454065947455e-02
9.038672144631479388e-02
9.012426130606863983e-02
8.989897105512409392e-02
9.047602273712310184e-02
9.009795497795619612e-02
8.983571871191395330e-02
9.061390420900010401e-02
8.988441143429401481e-02
8.967169588232976052e-02
9.066653806190144715e-02
9.033740518370758643e-02
9.087750407871386660e-02
9.058201891375872172e-02
9.025409873824788431e-02
9.147982112934691101e-02
9.020646690418973601e-02
9.076846954048889415e-02
9.089273000920755630e-02
9.126956007814629457e-02
9.034109633158346475e-02
8.979638470119993832e-02
9.041491627573139400e-02
9.129459514592591640e-02
9.057482776607028718e-02
9.024117155916738797e-02
8.909427433316241540e-02
9.008185088143610963e-02
9.135183745250248510e-02
8.964818295145750293e-02
8.984616703202011334e-02
8.934597233256703908e-02
8.943536469810163536e-02
9.055279898382463666e-02
8.963747271393243676e-02
9.081408203149911318e-02
9.029220875217203179e-02
8.976270718251577740e-02
9.156919427323437222e-02
9.044082500672276370e-02
9.028303076207860878e-02
9.098749472407663408e-02
9.025064441676580729e-02
9.005924851973298728e-02
8.988778660958535172e-02
9.051531884195927746e-02
9.035049343613782424e-02
9.028460085977993432e-02
9.005241127440637150e-02
9.016387694003988318e-02
