4.824486730056593009e-01
4.835512563742262460e-01
4.845941145345481482e-01
4.844432655489728790e-01
4.835552550318656384e-01
4.836903887520529466e-01
4.842390113183990263e-01
4.839056269151136291e-01
4.842302209293414816e-01
4.834784572806961611e-01
4.837123091578944267e-01
4.842022217488143321e-01
4.825290062524817403e-01
4.827616258425286855e-01
4.827767362629062919e-01
4.827322777237691431e-01
4.836799745426402231e-01
4.838313236789492655e-01
4.837473307101370912e-01
4.832337800768218283e-01
4.824132938552218031e-01
4.837284703351610871e-01
4.843961976857349416e-01
4.822643658242981024e-01
4.837434923181564983e-01
4.826577152006110705e-01
4.832507804968252940e-01
4.834271644754283836e-01
4.837258664627265281e-01
4.835756349337588800e-01
4.831966608020014653e-01
4.835771474809790194e-01
4.823009506207810992e-01
4.841322302664985422e-01
4.835293825155743130e-01
4.842253038106940632e-01
4.834108942402154940e-01
4.836305723285364566e-01
4.838745369175443400e-01
4.823617461931739570e-01
4.832924589398268633e-01
4.842082155683015143e-01
4.834615322924762371e-01
4.851793021466391798e-01
4.835336885760460612e-01
4.835036198381724160e-01
4.829719155711328371e-01
4.829131769164541343e-01
4.830733830636460002e-01
4.822893640053383391e-01
4.826599026086458855e-01
4.848807525710129296e-01
4.834462328413544618e-01
4.840347696150601453e-01
4.830080744585731334e-01
4.833429387464078797e-01
4.840028788629174850e-01
4.832649514567709526e-01
4.839964939956800105e-01
4.828267070312007858e-01
4.834276885943279423e-01
4.828100231818704957e-01
4.835622961278362997e-01
4.836194580113908348e-01
4.836082835323871620e-01
4.843381267117840006e-01
4.825227397371378291e-01
4.822018530681797532e-01
4.835103915541018038e-01
4.833367440184727082e-01
4.844326450515428206e-01
4.854438689746767288e-01
4.832089893905854860e-01
4.847461075772249162e-01
4.840985285051359055e-01
4.847198435582499854e-01
4.838176529552918881e-01
4.842657835853896309e-01
4.828700776856064136e-01
4.852791076648065305e-01
4.846022698721493827e-01
4.832003290878946200e-01
4.834387228884272636e-01
4.826966458778086944e-01
4.850648630613133561e-01
4.839053054908220020e-01
4.840914343238083561e-01
4.821942830282736070e-01
4.838244083446145982e-01
4.835711584257518791e-01
4.832783937769089544e-01
4.844302127131602798e-01
4.832679392224791259e-01
4.836980505595058766e-01
4.846095842705970824e-01
4.837441730343439161e-01
4.841793802613139075e-01
4.829356500270387542e-01
4.832154958782524101e-01
4.832432427390100371e-01
