4.003321568187745982e-01
4.007168511209390771e-01
4.012091682594861042e-01
4.006490848461706222e-01
4.020619717801969806e-01
4.007527938572700288e-01
3.993298602853379564e-01
4.018015034381530737e-01
4.010755459854629112e-01
4.000997619922532778e-01
3.996509591616089763e-01
4.009011439834765378e-01
4.005299817406426932e-01
3.999912877109689235e-01
3.998967751500898671e-01
3.999662002735459576e-01
4.002123057376758553e-01
4.001937939326096760e-01
4.012001254172794518e-01
4.005600100422048726e-01
4.009262730192840740e-01
4.003336111284975796e-01
4.008257712276148688e-01
4.006968248481829198e-01
4.014644290738674792e-01
3.998543167504854390e-01
4.003818569367126878e-01
4.005584804225832962e-01
3.998775530911059528e-01
4.009766252027848754e-01
4.000362399745922559e-01
4.006120858076638314e-01
4.014867600562230798e-01
4.001766241976972283e-01
4.005951050884833942e-01
4.002677945806321080e-01
4.006115012060438296e-01
3.999317984887549304e-01
4.011303309029861097e-01
4.002525516987962551e-01
3.998296343299785338e-01
3.999722115911015230e-01
4.007203060043821319e-01
4.005976811896958534e-01
4.002440933776594822e-01
4.004815801427942246e-01
3.994664909230007943e-01
3.997715760553219866e-01
3.994540681103599944e-01
4.000384427150831534e-01
3.994257041915793005e-01
3.996925826397990655e-01
3.994917289180582309e-01
4.004304930887638281e-01
3.990800032717389811e-01
4.012070297289104248e-01
4.000322377660550655e-01
3.999658298487304142e-01
4.008164683208180201e-01
3.997682939692005499e-01
4.010317341298414995e-01
4.002552061720900944e-01
3.995386253886977768e-01
4.002972403036446636e-01
4.006370432335835119e-01
4.004443325362257999e-01
3.999050061820070279e-01
4.003105977631563617e-01
4.006916398901947396e-01
4.004286213838816333e-01
4.003122275083580428e-01
4.003726649924403969e-01
4.002893187521862628e-01
3.995008697634021555e-01
3.997246173737547537e-01
3.999127735815359297e-01
3.998572075206836551e-01
4.000543855098598889e-01
4.008136377807118844e-01
4.003167091444731485e-01
4.000370260236781883e-01
4.004642632935236923e-01
4.012247220099229850e-01
3.999571847863963026e-01
4.016863044789028003e-01
4.007351864744293501e-01
4.007406615009088124e-01
4.008924169211529054e-01
4.001174949932039260e-01
4.004636261938190334e-01
4.009531578759355508e-01
3.999884427195279368e-01
3.999319895149121007e-01
3.988164001022886929e-01
3.998836515069017494e-01
3.998816635593523405e-01
4.006359344700369807e-01
4.012819585855745830e-01
4.001202090402233846e-01
4.004749396601934852e-01
