2.680458208881403848e-01
2.672742248847475577e-01
2.686550083504175013e-01
2.679402296017056040e-01
2.680234032688242896e-01
2.671728133333849953e-01
2.680211983536731069e-01
2.683354907095689135e-01
2.691147382746852945e-01
2.682182529284912187e-01
2.683711162820429097e-01
2.685885013162098711e-01
2.672331352298035756e-01
2.668082223320036306e-01
2.692641270211961757e-01
2.691818872476560154e-01
2.674557124200618863e-01
2.682103061731405669e-01
2.676790851910422209e-01
2.686454276138228181e-01
2.680087403795672896e-01
2.690160709137067729e-01
2.679351659321620449e-01
2.686333574215681308e-01
2.674910648716884443e-01
2.671639963365884940e-01
2.681995573049238413e-01
2.679748750053763673e-01
2.693932075140278992e-01
2.677720373834652778e-01
2.680171968390172021e-01
2.687090324474008529e-01
2.699245867602443893e-01
2.677182968002301267e-01
2.681927820233143689e-01
2.688803841260876126e-01
2.683856078825797020e-01
2.676296036995532979e-01
2.684785522914538980e-01
2.683461549613026520e-01
2.678184428093399738e-01
2.676670072394203848e-01
2.690681855385606558e-01
2.676390009368465051e-01
2.677212716455237285e-01
2.687611871987495293e-01
2.676685208948372807e-01
2.688198220736295330e-01
2.683245507882836001e-01
2.668381678661547740e-01
2.689109813502575941e-01
2.689552176322755894e-01
2.677809035325346976e-01
2.687591481594586162e-01
2.686410726877734301e-01
2.680679977743952724e-01
2.675555622222355878e-01
2.679667259644335497e-01
2.684661448842918796e-01
2.688972236449124753e-01
2.691044215417842667e-01
2.677215256086902251e-01
2.675161110025406352e-01
2.683213577423618768e-01
2.683607308933483315e-01
2.684823087210375103e-01
2.672240412901228934e-01
2.673380124103567068e-01
2.680467727440756232e-01
2.684859238342421905e-01
2.679306360144980137e-01
2.696384800706151941e-01
2.695748676682359068e-01
2.693632957899111391e-01
2.677344454725925083e-01
2.674731496949819265e-01
2.696062161817170955e-01
2.678760459918166359e-01
2.683232885017572955e-01
2.671419234979220403e-01
2.687168784138606048e-01
2.681765682196254330e-01
2.681520367595239263e-01
2.677783707187287865e-01
2.676657063715187079e-01
2.680628273994553612e-01
2.687946239498189560e-01
2.683056842902089567e-01
2.690665605675426342e-01
2.669068297592811501e-01
2.676688620611469283e-01
2.689284042867175484e-01
2.671111347909834732e-01
2.677327855942734369e-01
2.681810745030462351e-01
2.685278619247202236e-01
2.690565727512467809e-01
2.672468246018003812e-01
2.673959131864134808e-01
2.673247877993386590e-01
