1.809361474257574209e-01
1.817562579847195603e-01
1.828801832715051257e-01
1.842683104573869801e-01
1.832261585963591288e-01
1.830700744821416037e-01
1.815514104944116469e-01
1.831150697322407872e-01
1.821009066682964805e-01
1.825286262240522761e-01
1.825306652811743979e-01
1.827786769813501966e-01
1.828361419978771218e-01
1.836669103449697638e-01
1.820106443117426309e-01
1.826892865418834055e-01
1.839790588962600115e-01
1.830081671610516159e-01
1.831966282693508474e-01
1.832564300555519776e-01
1.831251935046686319e-01
1.821724166453572158e-01
1.830530785312091124e-01
1.830420368348520399e-01
1.829017039521717569e-01
1.829612043275877231e-01
1.840805565274565292e-01
1.824617433981251258e-01
1.832155739544457096e-01
1.830686972167452353e-01
1.820383195013981492e-01
1.822435805511715967e-01
1.831917359446914584e-01
1.822852107978600311e-01
1.827064788786108562e-01
1.825427152801564756e-01
1.832184444719905381e-01
1.828213535696655567e-01
1.826901397544102024e-01
1.834729877024298683e-01
1.823327554394639227e-01
1.835516721914780824e-01
1.821612152608263757e-01
1.823956572989827163e-01
1.826418213650065070e-01
1.827942049060687912e-01
1.822362163168402827e-01
1.831591599429949202e-01
1.833795320455719469e-01
1.835765162531186045e-01
1.831901154542107946e-01
1.823310322863617716e-01
1.827476809215793918e-01
1.821736606894800714e-01
1.823164333252149105e-01
1.827610491877468823e-01
1.823587628506669334e-01
1.829748062681048060e-01
1.836465656452804796e-01
1.835804390359674354e-01
1.830653464623161475e-01
1.827611873129229569e-01
1.829817796166726962e-01
1.831712699412810785e-01
1.831970940297473205e-01
1.824067377958688285e-01
1.829774606551837768e-01
1.826714281012708496e-01
1.836292399417600585e-01
1.828643620581409668e-01
1.831762020778642253e-01
1.843279752897380164e-01
1.820259177883159496e-01
1.830289580927870752e-01
1.827606927171142870e-01
1.835214255980360532e-01
1.823729621975172799e-01
1.837852836074657104e-01
1.827282703850615087e-01
1.826967210925442009e-01
1.821906484288614569e-01
1.833582312563702965e-01
1.830209286850276174e-01
1.840016084460651402e-01
1.831388679954130683e-01
1.823246967042201350e-01
1.828566651792203346e-01
1.838607381874641788e-01
1.817838577219076102e-01
1.823522777969313613e-01
1.821963397715739286e-01
1.832650813244220689e-01
1.829860999184399484e-01
1.817262607044319855e-01
1.829947320982019399e-01
1.821967886981694928e-01
1.834211761997426304e-01
1.828144426223544672e-01
1.821750451428140738e-01
1.833753294740005368e-01
