6.693232343801367445e-01
6.719709969146095974e-01
6.715101013820125031e-01
6.714393686006835393e-01
6.699905239869843321e-01
6.715441339213417127e-01
6.727163494484155182e-01
6.700774974495953273e-01
6.705696797483662319e-01
6.716865826096182213e-01
6.724868623179740545e-01
6.711091514780221923e-01
6.713415163065397095e-01
6.712054939026688150e-01
6.728875915488097270e-01
6.700881610399072041e-01
6.714283036082946410e-01
6.717207222316390336e-01
6.717426337889611521e-01
6.721029726275355998e-01
6.719742838995628187e-01
6.714789688616139562e-01
6.712662097159397545e-01
6.715445125041490382e-01
6.710598282136204240e-01
6.716302485510243780e-01
6.713590009364147626e-01
6.708727058774031082e-01
6.715568082612215495e-01
6.709013051239094416e-01
6.723688626974488880e-01
6.710513887598249516e-01
6.699549758461429416e-01
6.711591725533044839e-01
6.718542067149690933e-01
6.709373950886383664e-01
6.715658671773206967e-01
6.722656739181278596e-01
6.716728889640046773e-01
6.712807236446896031e-01
6.718155417996265477e-01
6.712812001169132792e-01
6.709603560694534785e-01
6.716755660896778224e-01
6.721742192266404459e-01
6.717258405256663067e-01
6.717922974396091096e-01
6.724500041127663419e-01
6.721120299647717067e-01
6.715050204290792246e-01
6.707917335552822102e-01
6.715637549215081048e-01
6.711067270850240574e-01
6.714312730239986315e-01
6.717986516187840484e-01
6.726872529689922331e-01
6.718765871583685101e-01
6.722937034607876505e-01
6.713547297420958682e-01
6.719785718095927507e-01
6.714764973271666326e-01
6.716718980802054428e-01
6.711773257677366988e-01
6.711751955596880759e-01
6.713582510744774412e-01
6.705075022844233512e-01
6.707751833828600185e-01
6.717603702124603782e-01
6.715936967463899121e-01
6.708792614112725206e-01
6.720073068051459764e-01
6.709646959441906144e-01
6.710988508848930723e-01
6.715361647222530816e-01
6.722739121656990946e-01
6.727842320012501487e-01
6.718178713920168743e-01
6.715333834314981543e-01
6.715931512965420680e-01
6.718910977882928126e-01
6.719091671714507719e-01
6.721128226247496951e-01
6.715556474157389211e-01
6.703183918637080074e-01
6.723542671567970253e-01
6.724740039927374902e-01
6.719914349100788442e-01
6.718015249044453352e-01
6.707440141354086283e-01
6.710275749165990344e-01
6.720550949422126052e-01
6.714160671467235275e-01
6.709699948639136213e-01
6.712995590101993315e-01
6.712457089598387050e-01
6.714698758347866780e-01
6.711169316635328119e-01
6.716795192064053399e-01
6.712893284107775971e-01
6.712343736376988890e-01
