4.854183729355907584e-01
4.869168582668328971e-01
4.858317247646383730e-01
4.854687348753093934e-01
4.860228599958230089e-01
4.863778389189403195e-01
4.856041720378658777e-01
4.861724600594787837e-01
4.866867310279562320e-01
4.865602522526770723e-01
4.869560627002467168e-01
4.852661873275851967e-01
4.867697164801060294e-01
4.867501882107113653e-01
4.858269997481394764e-01
4.856547038244485859e-01
4.858478247196479360e-01
4.864437698049555170e-01
4.857200593005409628e-01
4.876450519497612657e-01
4.854987502954115075e-01
4.870581994093422518e-01
4.854662847469978781e-01
4.865630118097651891e-01
4.870020903508488486e-01
4.865141838376630945e-01
4.871632817195319931e-01
4.878320546910221989e-01
4.857117414728852611e-01
4.857757902023527308e-01
4.866712042588781650e-01
4.859388868791890692e-01
4.873842166904661100e-01
4.860270487230755609e-01
4.871331809740815366e-01
4.871166723352596817e-01
4.869961269242801816e-01
4.866583861034015634e-01
4.874481916428934358e-01
4.875146380153810854e-01
4.866150344054556154e-01
4.867656153477159520e-01
4.859763728178930764e-01
4.855741340723181976e-01
4.867822116555991507e-01
4.856681162242349470e-01
4.865758656607892529e-01
4.865245720222157733e-01
4.870153983779537121e-01
4.863130927352441457e-01
4.853856205277004565e-01
4.874863467159468167e-01
4.865914368808729185e-01
4.869930258437211723e-01
4.861290857955458122e-01
4.864206277441853188e-01
4.864153529920290930e-01
4.870454980277439949e-01
4.849099480652852012e-01
4.859675109210952471e-01
4.863119515750248256e-01
4.865604563226354484e-01
4.865691375441438815e-01
4.858378571819581548e-01
4.864730312311206228e-01
4.862264320266913020e-01
4.857330649380195986e-01
4.863662169122558443e-01
4.864709457345718358e-01
4.858919688037877105e-01
4.870854665561120123e-01
4.877140174228660752e-01
4.870308525831454349e-01
4.861049374908791298e-01
4.867538810866804400e-01
4.874789884668846995e-01
4.876360760764020252e-01
4.865758351842418006e-01
4.863101869937883071e-01
4.867284068234262739e-01
4.863097954844996518e-01
4.864639183733409644e-01
4.852865616720269948e-01
4.867487571440926031e-01
4.866642887552731223e-01
4.869431232217552585e-01
4.869562256298743952e-01
4.866841557045001321e-01
4.870416093224411713e-01
4.864671390832305820e-01
4.864377845407718004e-01
4.865158299951049536e-01
4.869194112906755079e-01
4.862460947409331657e-01
4.860414539449428029e-01
4.867846534550738236e-01
4.864032250147968250e-01
4.870171265316465270e-01
4.863557495598637148e-01
4.865136466769507395e-01
