8.977732247178004110e-01
8.994897919553644927e-01
8.996094688765499114e-01
8.996105602546936586e-01
8.997062158768870388e-01
8.994804269028148225e-01
8.991662529523543057e-01
8.997309920985687715e-01
8.990469159427154633e-01
8.998320807065687266e-01
8.988233824390939875e-01
8.995238352011546423e-01
9.001525316948663091e-01
8.992279806052903002e-01
8.997066558221972210e-01
8.986515825574992178e-01
8.999249543520861927e-01
8.978813041915154614e-01
8.988771684165897113e-01
8.991072038168310687e-01
8.988346681202029620e-01
8.988771700268597398e-01
8.986860408077721463e-01
9.001179149929650070e-01
8.990752840454598882e-01
9.004169122902694333e-01
8.990730821501229375e-01
8.996082645534957400e-01
9.008102930180320600e-01
9.003653288589219539e-01
8.994375011608584103e-01
8.992908730637307890e-01
8.989679044804841368e-01
8.996894868027889292e-01
8.998311684490127860e-01
8.991057219515250498e-01
8.991966541211661168e-01
8.994796341962305597e-01
8.995216740378437770e-01
8.999845707130966765e-01
8.997451541840010281e-01
8.993816689621703109e-01
8.992303142686212114e-01
8.995538506799067857e-01
8.992304990208669357e-01
8.990929412184920366e-01
8.987931081399893607e-01
8.992406975844740025e-01
8.998713722490528921e-01
8.992404333139190076e-01
8.992815214252788403e-01
8.984538814573186372e-01
9.002710059694272182e-01
8.991650301143424562e-01
8.986149327172014978e-01
8.997469801577147042e-01
8.988107097803114121e-01
8.987263064731458861e-01
8.987573126915940902e-01
8.993977917473729988e-01
8.999144048023165476e-01
8.990344543042946279e-01
8.997997623941467182e-01
8.997668670418219605e-01
9.000138960715367009e-01
8.988987147535464350e-01
8.988513720645276983e-01
8.994323769880523400e-01
8.987001836299873814e-01
8.992138930292588039e-01
8.982729552753192515e-01
8.987277594494453847e-01
8.987233533791887385e-01
8.998664574814498884e-01
8.974430941631883485e-01
8.986261617952115976e-01
8.989333873511884399e-01
8.994623608750336174e-01
8.986830450265368420e-01
8.998793457839382448e-01
9.007571483836451787e-01
8.983933138787703054e-01
8.997387852233167393e-01
8.989177922753041061e-01
8.989871679282402939e-01
8.998213892257083124e-01
8.998683947309499276e-01
8.988390953386483639e-01
9.004034836375494066e-01
8.991298245412502332e-01
8.988649200071484602e-01
9.005363502063592485e-01
8.989165451286367237e-01
8.996322384247510406e-01
9.000892456326102797e-01
8.996148997417331428e-01
8.998582772165645283e-01
8.996122292579837865e-01
9.005801375764086458e-01
9.005224317955666802e-01
