2.966929854070051165e-01
2.982836287989663604e-01
2.969653407943300127e-01
2.973997012262064032e-01
2.962015274851879099e-01
2.976684326241882395e-01
2.986375239554316940e-01
2.961689581971665430e-01
2.972788826211912871e-01
2.962656725626462983e-01
2.966026665446164778e-01
2.967964670259702342e-01
2.967276060770281942e-01
2.974663735002369691e-01
2.971973002160872568e-01
2.976974267662985674e-01
2.974174684071330121e-01
2.971187955484670407e-01
2.962526891052915112e-01
2.975492446528668067e-01
2.981838229899247961e-01
2.982602795056883971e-01
2.970747595851048750e-01
2.983855805994614085e-01
2.979435209667883333e-01
2.978275540494243478e-01
2.989326810697680581e-01
2.969491501312838677e-01
2.967001803704968355e-01
2.976619196443968107e-01
2.974804058386866235e-01
2.970983309731211053e-01
2.971072146215879561e-01
2.967114997214722605e-01
2.974850330472580962e-01
2.974839614780896979e-01
2.972302452793745831e-01
2.978395440511826808e-01
2.963947922183629013e-01
2.979959387911038649e-01
2.979880830845209050e-01
2.972906570155064987e-01
2.966440397678752339e-01
2.969588359349680795e-01
2.975138687215047040e-01
2.971298024281021077e-01
2.972130958177120474e-01
2.972780189307712151e-01
2.971858214356184469e-01
2.973541209974418509e-01
2.970943488648426500e-01
2.970237723450485645e-01
2.960493299432701009e-01
2.969693349448210840e-01
2.966750875548618827e-01
2.961405047233772736e-01
2.969363523603969490e-01
2.968906635408834482e-01
2.976096912317636178e-01
2.977614052902473607e-01
2.978613996075412107e-01
2.962773618195958525e-01
2.965546962911633777e-01
2.975410048134135566e-01
2.968189716633298780e-01
2.985922265309680634e-01
2.973264896366457632e-01
2.975834179334916896e-01
2.977351903648273734e-01
2.982769498160061650e-01
2.978945625015323451e-01
2.969631386341349266e-01
2.973422398581329062e-01
2.977610922209810163e-01
2.976840719460198681e-01
2.978597743469313941e-01
2.966011226044035776e-01
2.970905863669917046e-01
2.982696841040327618e-01
2.964601591092378974e-01
2.969897593942065761e-01
2.974182701554354269e-01
2.975210717505456515e-01
2.972729298665160447e-01
2.973660080815468398e-01
2.968883855395840765e-01
2.971785205035460953e-01
2.973145723709900157e-01
2.972647779034284232e-01
2.969943312697659321e-01
2.975051270003421511e-01
2.967411938987850051e-01
2.970222175247164698e-01
2.972231187612248693e-01
2.959577612981358352e-01
2.969438453818975532e-01
2.973780744052866298e-01
2.981608093459813813e-01
2.977166804387743060e-01
2.976618110082893676e-01
