9.478950591837329576e-01
9.492212178105416953e-01
9.483704350132882155e-01
9.494115352747435344e-01
9.486921518768657302e-01
9.493546041399776314e-01
9.495929713978279452e-01
9.499724014751043111e-01
9.493370129256377687e-01
9.502959418363164934e-01
9.488073088078812223e-01
9.494226670008814040e-01
9.485322299995987416e-01
9.492883925981523419e-01
9.505269832666092267e-01
9.490005006758437389e-01
9.491759972972951820e-01
9.478573655430022615e-01
9.488654458326185592e-01
9.494823261836330408e-01
9.487974813908364169e-01
9.499206620165417947e-01
9.490027939389715783e-01
9.503572276571216060e-01
9.489632969660077855e-01
9.494880658323453515e-01
9.480979520637228264e-01
9.489847214489404159e-01
9.487183163669450359e-01
9.495063139271959773e-01
9.476139746167832056e-01
9.487632614891454708e-01
9.495544546206579062e-01
9.494440660332842397e-01
9.485854652597893732e-01
9.481951331056348575e-01
9.492456203094373768e-01
9.491845808300891640e-01
9.482441767457288062e-01
9.490355775518726222e-01
9.490372121503660718e-01
9.494439568721121381e-01
9.490726573218084550e-01
9.494509148180705349e-01
9.489923056662261658e-01
9.486048993758351422e-01
9.493417446502366852e-01
9.483464970716433129e-01
9.497703590972321752e-01
9.484858401644122861e-01
9.499271825689041826e-01
9.486900454649830339e-01
9.487715540771693989e-01
9.495934661601621585e-01
9.489347407949110247e-01
9.499629723485247812e-01
9.487026797417459356e-01
9.490719388765905817e-01
9.495324742927151451e-01
9.489605825241852477e-01
9.490384005929299871e-01
9.480841268535236122e-01
9.495098297777815333e-01
9.502084093974100254e-01
9.488490969054304003e-01
9.500943854085504015e-01
9.488286777053005494e-01
9.497198998733977771e-01
9.497500496407673687e-01
9.494845984574840081e-01
9.492912324530354828e-01
9.493774252741151720e-01
9.491499245758809877e-01
9.493505540404351128e-01
9.486737633096535838e-01
9.481930576878105921e-01
9.488971665562879743e-01
9.496633158286171827e-01
9.491033621580555746e-01
9.494439442022871711e-01
9.492075478365493701e-01
9.479920110015997992e-01
9.484315968292262866e-01
9.481774436618591873e-01
9.486511449051268086e-01
9.498970731715321580e-01
9.485814030564161392e-01
9.485675317226178738e-01
9.493808151572302734e-01
9.494633413491164742e-01
9.494967357247396933e-01
9.497468314797836708e-01
9.478494284570976314e-01
9.493706724453946366e-01
9.497187046585259251e-01
9.491078705071929189e-01
9.489531981437353547e-01
9.488516622962226421e-01
9.498504960501135130e-01
9.488742863032926245e-01
