6.047353022251178434e-01
6.057899670191588815e-01
6.051323632051379686e-01
6.053512024863885177e-01
6.062630485777038558e-01
6.056803522057311318e-01
6.057573333532131343e-01
6.064477266943475442e-01
6.046305500637625396e-01
6.051165753483168652e-01
6.058938635737414202e-01
6.052102363827750464e-01
6.041113175567103255e-01
6.062247624709733440e-01
6.047000291574440300e-01
6.067915589130615794e-01
6.053820406550620703e-01
6.060207097573966362e-01
6.061095044428405076e-01
6.057579651272471111e-01
6.059449550942954676e-01
6.066608747832904491e-01
6.051372014078992834e-01
6.049679511688130784e-01
6.052538138635978893e-01
6.055360120952316683e-01
6.055845239194763696e-01
6.046226105042815657e-01
6.057161758414082442e-01
6.057433494284208964e-01
6.054839989436818781e-01
6.050875303819631679e-01
6.053646610150114071e-01
6.056003744184867976e-01
6.062402950136487334e-01
6.049561718110250119e-01
6.061431375125234666e-01
6.063977137033507159e-01
6.064066914676646824e-01
6.062222663914137444e-01
6.062263968914320955e-01
6.051512142883960221e-01
6.057826958842971177e-01
6.060781388026617034e-01
6.057779297291769893e-01
6.059311732007930384e-01
6.061050385798556484e-01
6.048362031952350115e-01
6.053706636339803993e-01
6.050432709546182952e-01
6.040642095003081469e-01
6.052454926705665983e-01
6.055004799242339475e-01
6.059128220723288827e-01
6.051551241457266972e-01
6.061565004840361315e-01
6.053534749203723919e-01
6.057067201825578895e-01
6.058139384853726828e-01
6.057254461428900338e-01
6.056309532080592639e-01
6.059766421398060654e-01
6.048054989467178677e-01
6.064296169596121722e-01
6.044701473561093774e-01
6.047056559283245925e-01
6.057417504435427258e-01
6.052812178418716105e-01
6.058088471978408940e-01
6.051880926397430471e-01
6.051712161676432444e-01
6.056409058592746586e-01
6.055947624577849853e-01
6.053654600109950046e-01
6.050269163762092006e-01
6.049933735652910372e-01
6.044027658200256115e-01
6.050481101885470947e-01
6.059026219234540100e-01
6.057645287958726144e-01
6.054131628128882614e-01
6.039852901463520496e-01
6.047361988981733161e-01
6.054422476693837041e-01
6.039502475673310666e-01
6.056444577342798841e-01
6.057802933646305732e-01
6.067501907451616772e-01
6.048583217628917819e-01
6.049672331542016446e-01
6.063264519249463858e-01
6.050284354439015022e-01
6.058274323462780053e-01
6.048424914190646540e-01
6.051768111731639088e-01
6.048898268170695980e-01
6.052864047853064866e-01
6.046839332159896774e-01
6.057470491603542673e-01
6.042548682911504931e-01
