2.937044209611248680e-01
2.931965063336684496e-01
2.934356628190780136e-01
2.932312365537595999e-01
2.936523794906318874e-01
2.936989762849332442e-01
2.933626117823521229e-01
2.943942370521692720e-01
2.935946048731357672e-01
2.928489282564462615e-01
2.935842970410942332e-01
2.930323638926029539e-01
2.935456376267571166e-01
2.935397173821729377e-01
2.941212772677210263e-01
2.940582383528017041e-01
2.929975878246839915e-01
2.940347987716037670e-01
2.928544977214371237e-01
2.923778847036568873e-01
2.940807298701971773e-01
2.942358503292604177e-01
2.932066933072406956e-01
2.926460219113672379e-01
2.942372653244780256e-01
2.932717712316287861e-01
2.924939669824287991e-01
2.923974464682270735e-01
2.927244511028700980e-01
2.931041801921628331e-01
2.932467694391037716e-01
2.939025497342096505e-01
2.940780251833168824e-01
2.930585037472175358e-01
2.927284404656206318e-01
2.931446884744020043e-01
2.925490985707761560e-01
2.937648781226108174e-01
2.935437333279177219e-01
2.940056320330839412e-01
2.936820929761327914e-01
2.929851895794923777e-01
2.926316036181237368e-01
2.924515428104035863e-01
2.934123010474317672e-01
2.936921382842619943e-01
2.940954307600079365e-01
2.931169940741950586e-01
2.945214596658902173e-01
2.927807635669783526e-01
2.936428210251108561e-01
2.938368670158557627e-01
2.947048128325737704e-01
2.931578763969018842e-01
2.940095042499333289e-01
2.930218142515689794e-01
2.948163809274338965e-01
2.933600495860435031e-01
2.931363918161114523e-01
2.926911201028056242e-01
2.930994449775214949e-01
2.929523365144805491e-01
2.920693494276673241e-01
2.935767568399291205e-01
2.933132765948616161e-01
2.928233001766151755e-01
2.932468004179565879e-01
2.938787050098914388e-01
2.929198427307241337e-01
2.931830133532842830e-01
2.935646703780518951e-01
2.938509383617988191e-01
2.910111444667542457e-01
2.953522616111660670e-01
2.938431963846113715e-01
2.940037781152699536e-01
2.932417350333731965e-01
2.928852020934598066e-01
2.930699327674400334e-01
2.932195881647620128e-01
2.937614565622395646e-01
2.938635633618014720e-01
2.933031671627640558e-01
2.943791522220452483e-01
2.940740127802839443e-01
2.936931414273378227e-01
2.926724573403596819e-01
2.937836959246593604e-01
2.930428322406901653e-01
2.931444935540967189e-01
2.927008334048551985e-01
2.936023933751173987e-01
2.934198187864887064e-01
2.915259310444615615e-01
2.926768576834332114e-01
2.933155694139109038e-01
2.941669573636528368e-01
2.934568684413265127e-01
2.938241608284992701e-01
2.929156621166245644e-01
