8.311062049791209105e-01
8.325528927774097365e-01
8.309758560124389515e-01
8.315768394608855640e-01
8.314003081461520672e-01
8.327160763023554457e-01
8.320956871792690723e-01
8.336169469828493828e-01
8.320641206745781338e-01
8.326492172480826071e-01
8.323540286748403183e-01
8.324957086749731339e-01
8.326024351816410096e-01
8.314794027063157067e-01
8.314723173982816462e-01
8.322893209289089489e-01
8.316926767486614303e-01
8.323667571479309579e-01
8.333178734142545618e-01
8.329266054203132708e-01
8.326623967341821864e-01
8.310633151752613301e-01
8.313888630449807193e-01
8.327367761017167025e-01
8.312156288100875923e-01
8.329872106207896199e-01
8.312137205078293789e-01
8.327220155536356749e-01
8.314743778584234857e-01
8.326105544412143455e-01
8.322302369268705924e-01
8.318972677522561421e-01
8.321523421471999082e-01
8.329322587277436796e-01
8.332076666088820138e-01
8.329419719061614824e-01
8.320258526832779999e-01
8.318643295535623761e-01
8.324150464064334898e-01
8.323892190550502557e-01
8.319490133281528532e-01
8.331015227987346172e-01
8.327654250440503780e-01
8.323432917095702210e-01
8.322089246006092456e-01
8.328018344243746096e-01
8.318682803605351728e-01
8.322722737685366301e-01
8.334801182364688366e-01
8.319699637489679223e-01
8.322540110248877188e-01
8.321940584466471780e-01
8.322631365480166465e-01
8.321367225671186807e-01
8.320637383085960348e-01
8.318646992089079317e-01
8.314581697983491893e-01
8.322845434881476212e-01
8.319864627975699367e-01
8.320894549272161989e-01
8.307542911263089414e-01
8.321528360152417036e-01
8.321531094942217210e-01
8.315615558570200738e-01
8.326366850748276871e-01
8.325502445684120900e-01
8.319159108160050220e-01
8.311167941554982175e-01
8.322799681481025669e-01
8.320223721368469327e-01
8.326720146173134385e-01
8.328187424627858659e-01
8.329728300896783733e-01
8.328296067488252241e-01
8.315370217118507323e-01
8.325861160290379814e-01
8.330323077192904879e-01
8.318417449138713060e-01
8.314700588664623027e-01
8.318941689551622165e-01
8.317329534018920167e-01
8.322607807344392095e-01
8.324222920797119674e-01
8.316274801981662357e-01
8.310215761397657941e-01
8.323610851138544264e-01
8.308856300789062566e-01
8.327096350766912680e-01
8.323226387971626172e-01
8.334565336427903759e-01
8.317622558720347836e-01
8.324074625199395783e-01
8.327795565765584440e-01
8.325327489752153420e-01
8.323792055478350660e-01
8.331579203040971882e-01
8.326720548023548440e-01
8.316112363819303521e-01
8.324927714698653336e-01
8.322301791243642555e-01
