7.424753043572220879e-01
7.437676064105818163e-01
7.448255143196120809e-01
7.443168995142803723e-01
7.436077762479964548e-01
7.428115719878589651e-01
7.440199237977744851e-01
7.441602650264453889e-01
7.441796834315972387e-01
7.437429939502375742e-01
7.429397289964887463e-01
7.444341701461208993e-01
7.438651693553743893e-01
7.429689406668555929e-01
7.450895333009652788e-01
7.446931051246425959e-01
7.450338812137220490e-01
7.433122211435262416e-01
7.438854729814475819e-01
7.429725249495260364e-01
7.423532873024955014e-01
7.419061495124458228e-01
7.441786484898357257e-01
7.436166316690890898e-01
7.444049568148265461e-01
7.430583003192412495e-01
7.414434506208291698e-01
7.429725479778820363e-01
7.432280953992074224e-01
7.436489168052564658e-01
7.444554736797897032e-01
7.438662511361857632e-01
7.436177049747625389e-01
7.437629817115392061e-01
7.434552806523329060e-01
7.439372015426657381e-01
7.435724146945850155e-01
7.429478851678669171e-01
7.429781153837986540e-01
7.430354965394267985e-01
7.441589182527255097e-01
7.419345022235027676e-01
7.434345153504398063e-01
7.441182761295305204e-01
7.424890318912530374e-01
7.444917261765807703e-01
7.445682746517963135e-01
7.430122702592718564e-01
7.429247012735650246e-01
7.434619236417602250e-01
7.440508228509834510e-01
7.430039225526641200e-01
7.422784784242071332e-01
7.448302462363864951e-01
7.429303364229087325e-01
7.428770185506742285e-01
7.435596668762674000e-01
7.436447614228803848e-01
7.431954520360843919e-01
7.438248709344762455e-01
7.434872493482960198e-01
7.424376834286696702e-01
7.428579169191384945e-01
7.431796560151200381e-01
7.433217928327819912e-01
7.434323892089641506e-01
7.438987999911929050e-01
7.439173161717568261e-01
7.435377426174734072e-01
7.422924295171722253e-01
7.432768514842369445e-01
7.451585150527765267e-01
7.442538133318270521e-01
7.433587790190744338e-01
7.432495510186827303e-01
7.431437276566468242e-01
7.434189284710244205e-01
7.430167774035045802e-01
7.426990288051737998e-01
7.446612307246872620e-01
7.445590438542353251e-01
7.441762057867601365e-01
7.437049133140412049e-01
7.429107187930248379e-01
7.443584395879566662e-01
7.429955497526554709e-01
7.428624562450723001e-01
7.436838184303513621e-01
7.440478214521836220e-01
7.435030426570592432e-01
7.447471667235719961e-01
7.439448032249995624e-01
7.431387566259548549e-01
7.424209400142061099e-01
7.432434034518323740e-01
7.431194531004532422e-01
7.436281851774564355e-01
7.427163419536324529e-01
7.440670060043961254e-01
7.435585875704449066e-01
