4.115594728655851409e-01
4.120149711130363657e-01
4.123513646540923339e-01
4.117608552327834959e-01
4.125829642596570146e-01
4.119071865799060483e-01
4.118367340876419869e-01
4.129866227970078740e-01
4.134600110759858449e-01
4.117136418502410633e-01
4.112983713242250872e-01
4.130542539266522928e-01
4.127338107934298561e-01
4.121349279443962121e-01
4.136641519908093034e-01
4.121772545709720958e-01
4.126257504992305591e-01
4.126752363560888259e-01
4.134049886416567565e-01
4.123722087123992130e-01
4.128307110212688369e-01
4.116426046671604055e-01
4.130286425177327470e-01
4.123107596225579208e-01
4.122524618898515958e-01
4.124264871140025379e-01
4.123350809624596325e-01
4.113698997248871336e-01
4.114620650082815301e-01
4.120836158645442837e-01
4.130349464523481728e-01
4.113947190491508143e-01
4.120414007122966127e-01
4.127783226757141266e-01
4.132572978211432879e-01
4.110568479253650653e-01
4.114586882663799350e-01
4.131471275498410090e-01
4.128477224642188581e-01
4.123275117812344459e-01
4.120940778313381680e-01
4.122476286189418193e-01
4.116322387154200957e-01
4.126308141394262607e-01
4.128751180884496219e-01
4.123041998059686630e-01
4.131542667039518335e-01
4.118695119645629510e-01
4.123098188975463652e-01
4.120396518232748440e-01
4.115503244810837513e-01
4.130841639261864096e-01
4.123081200858567108e-01
4.129459685953628112e-01
4.129924053211295742e-01
4.127169660664677941e-01
4.121650810959578415e-01
4.130348175668306920e-01
4.114654290783120172e-01
4.122648910596318217e-01
4.127376763240060420e-01
4.128539677596623214e-01
4.128408919474712002e-01
4.125053313165740199e-01
4.123378422794087284e-01
4.130253555095005358e-01
4.118211042714852166e-01
4.122949862488290984e-01
4.126840157527724151e-01
4.138116610690264485e-01
4.130891910697023217e-01
4.122417788394547866e-01
4.129691557370866462e-01
4.121854887975831550e-01
4.125578959493497733e-01
4.119199681072093222e-01
4.121572669164610403e-01
4.138317202936522832e-01
4.127078539876600782e-01
4.121822075944613362e-01
4.127497897811066019e-01
4.113799343886553328e-01
4.122010562326570704e-01
4.120449898757114759e-01
4.133139538479609909e-01
4.121357168782483482e-01
4.113835812637983702e-01
4.128345653728056619e-01
4.146022858918614329e-01
4.126954054391787086e-01
4.133647455104174639e-01
4.126159964922581636e-01
4.127586249687403841e-01
4.126884791331348334e-01
4.121503762514713287e-01
4.128116169310199757e-01
4.132474969830347011e-01
4.133302756805558031e-01
4.123328003407517039e-01
4.138038758251897375e-01
