8.776992899160772632e-01
8.789963083317325898e-01
8.792117289813828895e-01
8.780249026692601433e-01
8.799961547604151502e-01
8.793430685485190690e-01
8.787415419323303389e-01
8.795030019765028850e-01
8.787624993791136596e-01
8.783690805449984040e-01
8.798507473945295088e-01
8.785996358147042384e-01
8.793506499695168399e-01
8.798561722012074870e-01
8.791699169687154924e-01
8.792379754056743879e-01
8.785515797224479062e-01
8.773114164594888464e-01
8.774118437784983460e-01
8.788594219619916270e-01
8.784404100339262556e-01
8.777289452522254454e-01
8.786087142653494775e-01
8.783362807553527496e-01
8.780811574935551977e-01
8.775214518386161844e-01
8.791073824441484330e-01
8.783022681078749283e-01
8.795075381274326531e-01
8.787718796325337811e-01
8.792831445370336008e-01
8.782651561438640231e-01
8.791756516009420208e-01
8.785955417980393367e-01
8.786707462757203935e-01
8.794521806523587504e-01
8.806921051136995526e-01
8.795328961568602555e-01
8.793477680783815531e-01
8.796914774908939361e-01
8.795278547037289618e-01
8.790684806571640308e-01
8.795498602037478131e-01
8.789143195401232234e-01
8.796386970142420214e-01
8.789642506326533766e-01
8.793057867610759581e-01
8.789405837239174790e-01
8.788252721224013575e-01
8.786707500441454100e-01
8.791460134990516373e-01
8.796250847573315879e-01
8.784371899883434143e-01
8.784972541806715940e-01
8.778813352652050650e-01
8.792385455809068606e-01
8.788694014385096676e-01
8.802008014699085336e-01
8.786474400276156338e-01
8.784973223762762018e-01
8.784629937851470283e-01
8.787862592829247532e-01
8.788508664680858562e-01
8.780716759508773173e-01
8.787967838386552266e-01
8.792820953122375549e-01
8.789249920742325806e-01
8.790237040247079747e-01
8.797884011602494780e-01
8.800038935945982965e-01
8.789986989690342645e-01
8.785696549269197408e-01
8.778347561309178815e-01
8.791876783496368475e-01
8.788143693713086346e-01
8.781027805945069709e-01
8.786193576729011134e-01
8.782312103655001145e-01
8.790685230110297788e-01
8.794344379573832970e-01
8.788089461646875211e-01
8.795529464691405064e-01
8.788859476139039284e-01
8.783347833262387105e-01
8.794336268628171194e-01
8.791770964593369486e-01
8.774043663755163314e-01
8.790289743019741309e-01
8.791785756853629508e-01
8.788046160840032872e-01
8.774440896781501298e-01
8.800842962858201890e-01
8.793431717089283950e-01
8.786376517005085596e-01
8.792771926961872042e-01
8.783086546619147672e-01
8.799466483149878115e-01
8.794754693229939191e-01
8.788567982580299809e-01
8.794026349833009570e-01
