7.635121642983062895e-02
7.702316412262159850e-02
7.878120652794753931e-02
7.710854798230792895e-02
7.760162366207867812e-02
7.666790900176843893e-02
7.684722489765993814e-02
7.736508125574376171e-02
7.748422410001973293e-02
7.716043967752107824e-02
7.639670063680958911e-02
7.713503732883714159e-02
7.729676518487139936e-02
7.727767384782217863e-02
7.667466662849142800e-02
7.761985990252973089e-02
7.736852635075265605e-02
7.798840356122849204e-02
7.650300073584165306e-02
7.815403232221332375e-02
7.586846646907727254e-02
7.677055361959582436e-02
7.761041963974134317e-02
7.693308318499877951e-02
7.765855464250813467e-02
7.718196969558570320e-02
7.671284472659137266e-02
7.807046343597584537e-02
7.736973456853042663e-02
7.643967975505330803e-02
7.691923670191186391e-02
7.764944803375434246e-02
7.681747467911051452e-02
7.750515604376173595e-02
7.764822293712470014e-02
7.591240167476659417e-02
7.688334440679636672e-02
7.698005590001411047e-02
7.678645434746338150e-02
7.764230292165238967e-02
7.792074135953007408e-02
7.717071576965635338e-02
7.777771232681957025e-02
7.840987523095971357e-02
7.650278791233121323e-02
7.669057172489132657e-02
7.707250110421827449e-02
7.816543804709197296e-02
7.700987243928296422e-02
7.603023643790020325e-02
7.706674879151553803e-02
7.576015661751298036e-02
7.676338359986467630e-02
7.784749658426748375e-02
7.691101146591537707e-02
7.644071094807866618e-02
7.679829954090061639e-02
7.767308736194646068e-02
7.670424638805083128e-02
7.755798034779463890e-02
7.747400150376948513e-02
7.735149433126392582e-02
7.643201766608791192e-02
7.688733409682124709e-02
7.803264764520145835e-02
7.638995091157159412e-02
7.639592844620575474e-02
7.678190028846355875e-02
7.790803562645279290e-02
7.755893578867066596e-02
7.717942924009253691e-02
7.745122226719282355e-02
7.642539365230838211e-02
7.673201538230225993e-02
7.816362413128524755e-02
7.670085650479702144e-02
7.753935525770494497e-02
7.804227858863921341e-02
7.673366350773004607e-02
7.756313010282285536e-02
7.766317911171627397e-02
7.776840312145427703e-02
7.698353921784148457e-02
7.622861056965525572e-02
7.707657102886025791e-02
7.705221381810592463e-02
7.740441694248910431e-02
7.757293828831815508e-02
7.758608241898409807e-02
7.683618386333057604e-02
7.634459839727708585e-02
7.666815659509138015e-02
7.837412411530685075e-02
7.649962774883262151e-02
7.627398018236936084e-02
7.699590448565632461e-02
7.746290820264703503e-02
7.763845139126912542e-02
7.712361999641603738e-02
7.697009794065580446e-02
