5.861786287464519907e-01
5.877292178659780930e-01
5.874025720968075737e-01
5.876993155403870128e-01
5.875366344291892418e-01
5.878907294473826317e-01
5.880587002580691669e-01
5.876896574959745712e-01
5.877992897573020015e-01
5.873703950923774286e-01
5.880123325950141755e-01
5.878659394670322502e-01
5.872692163690178546e-01
5.871796490109080224e-01
5.870329706106355294e-01
5.872568850875918844e-01
5.870736411580559366e-01
5.874566210583499482e-01
5.883907928823490785e-01
5.885215109865535865e-01
5.868495408172242911e-01
5.879644903996816829e-01
5.882966153244175711e-01
5.866771112406197197e-01
5.883041995665949653e-01
5.878330749654728793e-01
5.879508712155657735e-01
5.876491700050845424e-01
5.875907187387642283e-01
5.872607551167756679e-01
5.869168789223021543e-01
5.872504727144021164e-01
5.867773170892018886e-01
5.873727682438727449e-01
5.870412656670781493e-01
5.878408446395066989e-01
5.882273401006861135e-01
5.881932932228233213e-01
5.874695349032335034e-01
5.866332168648291656e-01
5.867722668380990214e-01
5.872621819477128469e-01
5.873798948256427899e-01
5.875926961892048439e-01
5.884842275443127324e-01
5.875062220674588387e-01
5.870738765241859669e-01
5.877713076212511822e-01
5.881802319497715370e-01
5.879228932878026725e-01
5.866126094663954849e-01
5.870601029129323134e-01
5.876146001248219175e-01
5.866068993905900752e-01
5.882692663855833004e-01
5.874410940816039428e-01
5.875393681160809844e-01
5.872000204965101000e-01
5.872856795339906899e-01
5.885466623992411384e-01
5.879656686744079153e-01
5.878326841487946375e-01
5.878392928472028212e-01
5.885180754751224708e-01
5.880914452406590387e-01
5.875851026546370370e-01
5.879847825080305457e-01
5.871733086478496677e-01
5.874714953489252878e-01
5.876763660478918627e-01
5.871281324897159593e-01
5.875439553711916396e-01
5.870044204475255434e-01
5.875011350424768075e-01
5.879575594633300595e-01
5.872440172051995866e-01
5.874013659993233549e-01
5.881999890713534018e-01
5.877438881900809431e-01
5.879707138109883102e-01
5.865054143975773071e-01
5.876747918081778321e-01
5.874611493749885005e-01
5.867556628591216183e-01
5.869653070099870584e-01
5.869446769681995191e-01
5.869161859314313556e-01
5.874575542293779540e-01
5.882093667664187731e-01
5.871294875882789865e-01
5.871661516207162812e-01
5.878284660330150846e-01
5.873948778557431805e-01
5.885217516571723539e-01
5.875189213229623508e-01
5.876079257582418336e-01
5.870484719749189395e-01
5.875610264071919886e-01
5.879875097773008541e-01
5.879300617450753386e-01
