2.996636674783945131e-01
2.999872296129922344e-01
2.995473950924932849e-01
3.007951408964218420e-01
3.019384062606480512e-01
2.994101317686164165e-01
3.017240029342796448e-01
3.008594846885705998e-01
3.006194709282645205e-01
3.014815152592222325e-01
3.003332128604532247e-01
2.998213413052036591e-01
3.003312653510378238e-01
2.999286681831576651e-01
3.007098367465078637e-01
3.000486448846758081e-01
3.005229893199425906e-01
3.016551245779495738e-01
3.010086147879029173e-01
3.002904383957580858e-01
2.996077884649379630e-01
3.000323995135611987e-01
3.014884666220502552e-01
2.994096524194639897e-01
3.000640887282902125e-01
3.009122467338444240e-01
3.009114544458375007e-01
3.008949128949793828e-01
3.001583940619328428e-01
3.005430944916003266e-01
2.996043645457514004e-01
3.010338508916974298e-01
2.995207795410028684e-01
2.986948186223088442e-01
2.999636449428938478e-01
2.982986271813752310e-01
3.006372367043487759e-01
3.000614078756840275e-01
3.005546361044033055e-01
3.003554671586730063e-01
3.003358437124054592e-01
3.011173477132496057e-01
3.008084337164571576e-01
3.003687028436857753e-01
3.004385339563614421e-01
2.998157145871843121e-01
3.000548470017804781e-01
3.007223103879205217e-01
3.014365399513009303e-01
3.010895896532451710e-01
3.006205509403416798e-01
3.002152904560477786e-01
3.014008188453796144e-01
3.014666940830683095e-01
3.016507524019971243e-01
3.010052546477585689e-01
3.001602122428259634e-01
2.997418267296362293e-01
3.002832770004428831e-01
3.008128370223540626e-01
3.006722918069139050e-01
3.009642760235585746e-01
3.000951551771123271e-01
3.007881767737310419e-01
3.008678996753257895e-01
3.016535509131604842e-01
3.007028399581791467e-01
3.005781153966221031e-01
3.004257311918443474e-01
3.006412519839720132e-01
3.005306708379474889e-01
3.006453392426934879e-01
2.991988284707169377e-01
3.000193143390405548e-01
2.998991411918604522e-01
3.001030669346420598e-01
3.006414631038016316e-01
2.997206273732831994e-01
3.010634795135304076e-01
3.007846217552748724e-01
3.003792877305451747e-01
3.016454609397708486e-01
3.007990491420965418e-01
3.006229728747319974e-01
3.010578761755165478e-01
3.005837023498656446e-01
3.003034078476136681e-01
3.007861062102980543e-01
3.002820271767812077e-01
3.002930294930323818e-01
2.992816367072150263e-01
2.994565672689839531e-01
3.004401681773009591e-01
2.997752903050571183e-01
3.003359746511112816e-01
3.014633531693009516e-01
3.000960786423800264e-01
3.002471519629360541e-01
3.005235994549819711e-01
2.995378312966705536e-01
