9.908045816756744228e-01
9.915233994684815588e-01
9.916511699560721649e-01
9.905112032792517951e-01
9.923754381260410096e-01
9.920226585578525436e-01
9.913433252164429721e-01
9.918344249121348044e-01
9.921898798734065661e-01
9.920524784926572082e-01
9.911219643572801719e-01
9.908066072130237156e-01
9.910365727098342514e-01
9.915185549672982379e-01
9.913138035642219403e-01
9.912098910164883758e-01
9.914139672662845015e-01
9.921125876500291874e-01
9.926329752180866883e-01
9.915910412503192717e-01
9.913378684324585244e-01
9.902734121933792766e-01
9.920092636904637162e-01
9.915283733359067098e-01
9.909603622077840512e-01
9.916638418605810967e-01
9.904267030926243720e-01
9.914569884373993780e-01
9.918780565021536599e-01
9.906203007744427413e-01
9.920037714736779089e-01
9.918140316190202643e-01
9.911477367781595937e-01
9.912784909375261799e-01
9.910357994044549645e-01
9.912502342608221495e-01
9.920037451973127141e-01
9.920349833693115071e-01
9.915159013156076284e-01
9.913068572948857682e-01
9.917412319358749340e-01
9.923856815911542562e-01
9.914527015727612191e-01
9.925537545372551396e-01
9.911874032287733005e-01
9.915279575913680254e-01
9.911958731543145662e-01
9.924100636885502258e-01
9.921458790731052524e-01
9.918695279240556939e-01
9.920832012265183852e-01
9.918201241601194429e-01
9.916360532174286480e-01
9.916290400286635887e-01
9.918138570220520478e-01
9.914245351681583163e-01
9.920832434747862694e-01
9.908298935710841970e-01
9.913492454444878810e-01
9.906659171186988910e-01
9.917991770863646694e-01
9.900613463355110166e-01
9.915535527044456732e-01
9.910744342870214663e-01
9.926471609150071540e-01
9.917633131388896572e-01
9.917899880680227653e-01
9.904654093579038365e-01
9.908135825047772460e-01
9.911701741023601908e-01
9.915543459769893264e-01
9.906955916695997511e-01
9.924938085334822357e-01
9.922386212960618845e-01
9.920309359429915208e-01
9.914059309588589830e-01
9.910230446400676296e-01
9.923066381274232572e-01
9.914020919771866502e-01
9.925798342496116033e-01
9.920948013323718229e-01
9.911614907618249148e-01
9.916103508862922356e-01
9.925342400369080442e-01
9.912983664078448554e-01
9.913936724361814834e-01
9.908033075447029159e-01
9.909335769584187714e-01
9.920294799604176816e-01
9.906162514487475423e-01
9.922215159610869861e-01
9.926257562393299150e-01
9.905907324897748056e-01
9.915384638051613075e-01
9.914647175707766991e-01
9.916464875346102659e-01
9.919735318224424114e-01
9.918201922739287024e-01
9.917789964626372301e-01
9.920409082035162029e-01
