4.583645307421659043e-02
4.639169480669880219e-02
4.608011182556426971e-02
4.637390731396102972e-02
4.597943748624534754e-02
4.397663094688326890e-02
4.550785630694426098e-02
4.522260396877761379e-02
4.572060877558722924e-02
4.568547551644594473e-02
4.530004023357175891e-02
4.606221549080347089e-02
4.599084595695433764e-02
4.519000824399105332e-02
4.481799398601148121e-02
4.627689550954207365e-02
4.605718934972406753e-02
4.657333828864809733e-02
4.676571869484563715e-02
4.493260278069383107e-02
4.617776491367173164e-02
4.468884953230541079e-02
4.561762143167525513e-02
4.527076429704156302e-02
4.653631064110826110e-02
4.647392850638409900e-02
4.495725079248028000e-02
4.571825344357294263e-02
4.527131699699430550e-02
4.525557170404782142e-02
4.593457955083780908e-02
4.481785450414388361e-02
4.638301658674894717e-02
4.527289607752902484e-02
4.570345173982184178e-02
4.509286101538963198e-02
4.521214175059237728e-02
4.596454533577097601e-02
4.761975689577185866e-02
4.498759161655686845e-02
4.520740345038574276e-02
4.466103860689116939e-02
4.524669072317996643e-02
4.571275961056381343e-02
4.516919692830773797e-02
4.614505567512749984e-02
4.635741745698114535e-02
4.481262166673348479e-02
4.603096424725263563e-02
4.512513465231188931e-02
4.576561788196270575e-02
4.494260883102429993e-02
4.532791408332087491e-02
4.530618793798486116e-02
4.624890445761328100e-02
4.543073661679736946e-02
4.454499903071923450e-02
4.564214027380651684e-02
4.634526736967639615e-02
4.530322878311866808e-02
4.625614753780304955e-02
4.586475224287307750e-02
4.506981737372312002e-02
4.507469619136465766e-02
4.604142717601177742e-02
4.476566691861157132e-02
4.614306115650609885e-02
4.483955510486532792e-02
4.546026190390532046e-02
4.640691735090898828e-02
4.578598170622673325e-02
4.484187942365522317e-02
4.630350778035974973e-02
4.658659766637600341e-02
4.605039589711212855e-02
4.582273680879629663e-02
4.506370875291072775e-02
4.569980105488878619e-02
4.617131563866939958e-02
4.487582789581265330e-02
4.596758941884238753e-02
4.539109893797323159e-02
4.545734529920775202e-02
4.545670618013026437e-02
4.577779050239670633e-02
4.616543112521682285e-02
4.586953145358065725e-02
4.626008803218452370e-02
4.726211962073174205e-02
4.465829585212836850e-02
4.544678691706104112e-02
4.591629479344500053e-02
4.635480937834354775e-02
4.500837336158668156e-02
4.588151464971056137e-02
4.619238461308902699e-02
4.607964674126104054e-02
4.516956988999861616e-02
4.566142537937722956e-02
4.593905076993913539e-02
