9.846081065359530982e-01
9.846549753004363303e-01
9.854224133375084627e-01
9.859146572934440744e-01
9.847305927739118392e-01
9.863530596281524510e-01
9.854981248470937594e-01
9.853719405415386490e-01
9.848055674300078000e-01
9.864094797190797737e-01
9.853594078389501520e-01
9.862017256648619723e-01
9.855812062201065871e-01
9.856741828993578203e-01
9.853930813742337591e-01
9.860326692129260939e-01
9.855190503405278912e-01
9.854691011370733111e-01
9.859535703483615077e-01
9.850528841027621496e-01
9.859067942280005381e-01
9.850890727058426721e-01
9.862431225156252923e-01
9.850070680699802850e-01
9.850055417796156343e-01
9.851132496512622350e-01
9.847079460885298507e-01
9.858932652456290358e-01
9.849919540633902404e-01
9.872523221088588263e-01
9.856947148546451043e-01
9.859571826129381877e-01
9.857734354404983357e-01
9.862876575320143058e-01
9.853670883739074071e-01
9.849338788970800618e-01
9.857748999727170558e-01
9.854203796274069171e-01
9.854166172287633918e-01
9.864579582025946314e-01
9.858894007852195829e-01
9.845039692565028533e-01
9.862401945336667364e-01
9.855560329506389827e-01
9.856541955718909342e-01
9.851538784239681767e-01
9.850632863555690566e-01
9.851994337729055307e-01
9.847780674003839829e-01
9.851940245991991363e-01
9.853658772166884461e-01
9.854230298702048030e-01
9.860381523378989321e-01
9.851505559659416988e-01
9.874620609164422858e-01
9.851833116655686062e-01
9.857669914492852570e-01
9.856175739827249815e-01
9.849805571142239424e-01
9.862055490424113113e-01
9.860659441628185640e-01
9.845108105160422785e-01
9.861141682582642565e-01
9.862057536117720957e-01
9.855448634451013934e-01
9.857290593558507563e-01
9.852246816140601826e-01
9.855283200246640618e-01
9.852924653666603749e-01
9.859870495479228225e-01
9.862037501864300282e-01
9.850676384274401620e-01
9.849493324617124568e-01
9.858287569445693954e-01
9.864882135863149992e-01
9.858255224452302512e-01
9.866615299510603787e-01
9.861530237968767487e-01
9.850792314411156436e-01
9.852290975275079798e-01
9.854608328112670623e-01
9.855472758256240695e-01
9.852285671393045119e-01
9.844290280345755484e-01
9.847937938997651797e-01
9.850557566778556096e-01
9.853965648462810201e-01
9.860755052552723221e-01
9.859407705487197582e-01
9.858086260645584353e-01
9.852956912684064372e-01
9.852458291364210030e-01
9.849695249996911484e-01
9.853307492627767505e-01
9.841879836517319902e-01
9.863373729881259599e-01
9.853219818413379016e-01
9.860965855375332101e-01
9.858100063481072262e-01
9.844150173259227365e-01
