2.655315322564251804e-02
2.788026275285687000e-02
2.787802156657564340e-02
2.845772300893732037e-02
2.806336671558379292e-02
2.796758484917793997e-02
2.761590486963616531e-02
2.772943502000362048e-02
2.795203557699814031e-02
2.758525887116012459e-02
2.695675236438416222e-02
2.675242978007313921e-02
2.690969190932812616e-02
2.663433451276568317e-02
2.802510627843326010e-02
2.785950969231606664e-02
2.864061270025992229e-02
2.804485792612547435e-02
2.845023058804653504e-02
2.810652269618076765e-02
2.801667105014719883e-02
2.843941079380406939e-02
2.866150436827839126e-02
2.754128339741258175e-02
2.821776570730898104e-02
2.567196011144617582e-02
2.698994899812711540e-02
2.741555395859664526e-02
2.724365051120492681e-02
2.802066266932033353e-02
2.729512612969944851e-02
2.652518179384378769e-02
2.690839950855445153e-02
2.686764472997563852e-02
2.733049976501943090e-02
2.737799117862055667e-02
2.819135004597830840e-02
2.807452534882955847e-02
2.812243859019998224e-02
2.791209353358381148e-02
2.799282827908168569e-02
2.726557835012127784e-02
2.734156196074123343e-02
2.636369878875868822e-02
2.746535994044635443e-02
2.629204893961357287e-02
2.692103380172269564e-02
2.707915990209296131e-02
2.836839767440783172e-02
2.890172523795030146e-02
2.744842522361209264e-02
2.808802108685342150e-02
2.735073909306790299e-02
2.620610609744217570e-02
2.796630756494303954e-02
2.825488831477166937e-02
2.819806208199602399e-02
2.648397829146151294e-02
2.735255111009759002e-02
2.759185292932807287e-02
2.790972452523430083e-02
2.764310527451342009e-02
2.865603509729986592e-02
2.700226405459995455e-02
2.867021118688545603e-02
2.723613907591060021e-02
2.705791633519850220e-02
2.912680857072242127e-02
2.888402971958176427e-02
2.696752200896476367e-02
2.722702917483779683e-02
2.827521754096280759e-02
2.691369132398639327e-02
2.730151524935347379e-02
2.661533179935186150e-02
2.714705434661307884e-02
2.816333318666114360e-02
2.738470534008977109e-02
2.757822944807673121e-02
2.741348342846047434e-02
2.724098156365047790e-02
2.761170971492757711e-02
2.811273252739907719e-02
2.740115799718986084e-02
2.721362326996623615e-02
2.642357497052395809e-02
2.755385317880415519e-02
2.812946675053824147e-02
2.748028813827530642e-02
2.736570973627188569e-02
2.718406472383922551e-02
2.739766253255459735e-02
2.762006006704207511e-02
2.688252618240242683e-02
2.692194895248919279e-02
2.788085167028474254e-02
2.654621386184808848e-02
2.820794194440488789e-02
2.732519047261938727e-02
2.718193851767309807e-02
