1.135577409935504545e-01
1.139185016107671922e-01
1.142976606504853831e-01
1.141969766330620251e-01
1.139835312742346340e-01
1.144417957399828101e-01
1.135951121404664282e-01
1.142336975982178038e-01
1.138814194274533620e-01
1.146411003981355620e-01
1.139125800442792324e-01
1.145018929571408883e-01
1.146469260574493887e-01
1.144614394941119162e-01
1.145237627487166732e-01
1.147091162005125509e-01
1.135308105927596012e-01
1.140479372484762277e-01
1.138741742427019782e-01
1.150223266201059746e-01
1.130691960382512740e-01
1.143462104855415273e-01
1.136354570562792266e-01
1.136343618989078541e-01
1.143075283227814876e-01
1.146563140824701510e-01
1.159663314213283530e-01
1.138880387725390297e-01
1.152568546086193274e-01
1.145548168100390812e-01
1.134937523079879440e-01
1.140724098244238205e-01
1.142472834531986364e-01
1.128340715787220228e-01
1.148549110227864156e-01
1.125791061406946625e-01
1.137582741409253195e-01
1.142514010679741010e-01
1.133338286861452771e-01
1.144584579735875574e-01
1.148763166788525913e-01
1.133567900179283244e-01
1.146036280709676197e-01
1.137524977094568623e-01
1.155855645993758563e-01
1.131796547709052470e-01
1.142594455434354506e-01
1.141090399237854325e-01
1.130503410355257476e-01
1.146621495073699704e-01
1.145092034254282937e-01
1.141156003954171688e-01
1.133313424007681980e-01
1.148574238292887073e-01
1.145150557868096081e-01
1.150114070602924754e-01
1.141509510656371629e-01
1.125411107528627302e-01
1.142930535290872934e-01
1.141850919450046742e-01
1.134996233541052113e-01
1.132040253808458824e-01
1.147714731930660481e-01
1.142515429213975253e-01
1.144575685276447152e-01
1.145479003224020853e-01
1.128941482721848577e-01
1.146464735419964465e-01
1.131703253888809296e-01
1.140223058789393978e-01
1.142654881605277839e-01
1.138904670831572957e-01
1.138777613923379478e-01
1.141480281294873222e-01
1.132663573061837292e-01
1.142761621865098637e-01
1.133679164460245359e-01
1.140089235402741014e-01
1.138501816458926258e-01
1.142425510904558628e-01
1.134272786758518670e-01
1.151109354829675246e-01
1.139345769837946387e-01
1.138486039259456184e-01
1.131051197545010489e-01
1.144550787141514203e-01
1.142425840100081552e-01
1.138034592844609227e-01
1.143092007388311210e-01
1.128141570131664106e-01
1.132223021912931449e-01
1.142069579142798996e-01
1.138081136333698035e-01
1.145782416328925413e-01
1.151357806544903301e-01
1.140810281707951568e-01
1.147099043347375169e-01
1.136308249446272844e-01
1.155057795343306798e-01
1.134162894720104758e-01
