1.427867309800468221e-01
1.431314254498008420e-01
1.424289859925493285e-01
1.443785260590694230e-01
1.436157347179390920e-01
1.412317114653901529e-01
1.422614929272932316e-01
1.423135980773727050e-01
1.425700694443575167e-01
1.440668701965406306e-01
1.430254434106535411e-01
1.428458088855338870e-01
1.433650152811079548e-01
1.425888105517200133e-01
1.426671039492417858e-01
1.422706119884448728e-01
1.430272367450647897e-01
1.427443539098928738e-01
1.434432577307721002e-01
1.438820418873969775e-01
1.429769546199721186e-01
1.435325701831914325e-01
1.432973891960509505e-01
1.427464462001288292e-01
1.428081079835834821e-01
1.437628764025614680e-01
1.430196150862026450e-01
1.421777121742428263e-01
1.436415988363817231e-01
1.423220952375578996e-01
1.417174520787249647e-01
1.434653205342108495e-01
1.432743233170689356e-01
1.430985253600314533e-01
1.432021464602303285e-01
1.425844764310324198e-01
1.423651795421146393e-01
1.430056349797619586e-01
1.429651723093867122e-01
1.438640209007918114e-01
1.427916868528898986e-01
1.427310543781149521e-01
1.425069118311026728e-01
1.430443582443270412e-01
1.422207505845829723e-01
1.434905059331898214e-01
1.439013067485307440e-01
1.427480032464861492e-01
1.437529282455817792e-01
1.424241027113690161e-01
1.434827381289407178e-01
1.442243471249140818e-01
1.441571099833634517e-01
1.429804701468273542e-01
1.428273941744081788e-01
1.424846533532933557e-01
1.422362837899923960e-01
1.432437491821394460e-01
1.436287831785719449e-01
1.425343652744551215e-01
1.438314658105849242e-01
1.420964914559832148e-01
1.442196030866879641e-01
1.427218542656002176e-01
1.430613793873514727e-01
1.424429690270486160e-01
1.434285852428761610e-01
1.437305900978336770e-01
1.433716060182675944e-01
1.426082008084176844e-01
1.426997050499674291e-01
1.427214754524596951e-01
1.445851445208735653e-01
1.424838231184467341e-01
1.435549759231118938e-01
1.435556767108339682e-01
1.422191141980567175e-01
1.426275780080082933e-01
1.435523954256019974e-01
1.433969701756870607e-01
1.428394674204577774e-01
1.426326555552765996e-01
1.436769650809412990e-01
1.429484038465596851e-01
1.429541270427565625e-01
1.421522710883886265e-01
1.437768703390286396e-01
1.430578459698149396e-01
1.427079279832059178e-01
1.433223409202041276e-01
1.432608776755530666e-01
1.430964649541817679e-01
1.429549124816920092e-01
1.424903222834819350e-01
1.433837871223469507e-01
1.427361682572862445e-01
1.425966510870646520e-01
1.433341724534352435e-01
1.428327403869908141e-01
1.419977718860881977e-01
