8.089804496389007005e-01
8.112994053533122418e-01
8.120363037223650160e-01
8.109171520052250726e-01
8.111996888588676180e-01
8.110675107802620687e-01
8.108991795140239045e-01
8.118384082192861007e-01
8.122252080109763073e-01
8.123616566592839483e-01
8.118101067664045267e-01
8.112337678508665384e-01
8.106770845123020264e-01
8.107223207771924178e-01
8.113197265548670600e-01
8.114073561315777727e-01
8.119099449869002783e-01
8.117193139504551569e-01
8.109250978387793074e-01
8.118663778538470766e-01
8.101268696730838936e-01
8.122112187551664420e-01
8.116294655494883381e-01
8.125078711079435356e-01
8.111510178464311771e-01
8.112105893987529015e-01
8.117544602182212854e-01
8.109546488651705465e-01
8.105597467052463312e-01
8.114694857210136281e-01
8.125642536172235086e-01
8.110134659829298931e-01
8.116619874894377418e-01
8.114051254661809320e-01
8.125467450007568537e-01
8.115644958198158232e-01
8.115017985302183101e-01
8.115357452933957827e-01
8.111498556095153578e-01
8.110591420297670329e-01
8.105637297620660320e-01
8.120612373409579199e-01
8.110468015994055646e-01
8.120104710133444481e-01
8.109718624945059240e-01
8.113701296428569298e-01
8.116755392888143072e-01
8.110626588378998525e-01
8.106823565330565362e-01
8.114980300098431076e-01
8.118849974958421978e-01
8.116668610599228062e-01
8.115912440758803470e-01
8.121803255511208519e-01
8.110436791556336900e-01
8.115256482665587079e-01
8.113004829519491201e-01
8.104107104600337674e-01
8.119264003912216587e-01
8.119474482271127336e-01
8.119585546094469919e-01
8.113687595530507668e-01
8.107448423888471423e-01
8.114172020014323028e-01
8.110433388020998891e-01
8.117589309903294748e-01
8.117089977132326828e-01
8.117160590794461061e-01
8.116630365717425466e-01
8.104873640739840290e-01
8.119922782498744107e-01
8.107163634318745871e-01
8.122953162747768019e-01
8.113211990240369875e-01
8.110218035505056822e-01
8.123830982865137829e-01
8.110877772956996967e-01
8.110342501190727083e-01
8.134555771166629423e-01
8.121144849971198010e-01
8.122043016622635392e-01
8.122830106105893844e-01
8.110668918210340861e-01
8.112673288160885399e-01
8.117105627305909454e-01
8.121673634696060518e-01
8.117006206162297177e-01
8.107715835661886139e-01
8.125054425212490106e-01
8.109331652501303722e-01
8.109732426659230775e-01
8.116377445452461759e-01
8.123195482060974193e-01
8.115911372920551203e-01
8.117086969796303286e-01
8.121355326297139410e-01
8.107274139272400149e-01
8.123067918593760428e-01
8.113295848642934072e-01
8.103792873557953413e-01
