8.261280975098265200e-01
8.263124745347402156e-01
8.270356217791086095e-01
8.278660601917919859e-01
8.268036570326489088e-01
8.270850681107058122e-01
8.278648646666779687e-01
8.283906344443996428e-01
8.265646313133555578e-01
8.270662589562538525e-01
8.279936504367690908e-01
8.275280713032270308e-01
8.272237468980760955e-01
8.272725863694394555e-01
8.273003506606734225e-01
8.280407507806586409e-01
8.263925543771784010e-01
8.276559412932312787e-01
8.285638580875498427e-01
8.272222872447966280e-01
8.269118770934953400e-01
8.276572913440547463e-01
8.279306990039883019e-01
8.281632957285525176e-01
8.276195585277182909e-01
8.265302578192509353e-01
8.276684506114103668e-01
8.284792818207094012e-01
8.279287928446794620e-01
8.277286640700259879e-01
8.274118727062064194e-01
8.287233699826938027e-01
8.281377692224078935e-01
8.272657166371633064e-01
8.277468346631584595e-01
8.265539471285663353e-01
8.274793341047221862e-01
8.274137834678735315e-01
8.267476778348196165e-01
8.283620729521397053e-01
8.276384547956676663e-01
8.274926169162699630e-01
8.277527608973522799e-01
8.270794870329232218e-01
8.273423584215906512e-01
8.278965904130406450e-01
8.264702377008232848e-01
8.282692099723585333e-01
8.257258153220555785e-01
8.266840373210719850e-01
8.261530717982721317e-01
8.270882144499547284e-01
8.265466284736527891e-01
8.276636599624245250e-01
8.271586389590482868e-01
8.273263905567644905e-01
8.270316867928231286e-01
8.270179293408403964e-01
8.278344771643459943e-01
8.273057778361181391e-01
8.289617655956333930e-01
8.263797380138969695e-01
8.279308771239864972e-01
8.275136487334143753e-01
8.277892028872373409e-01
8.271223094908837226e-01
8.268292430888841693e-01
8.268072424163649403e-01
8.279938518450735696e-01
8.261394882059889255e-01
8.274749586664852385e-01
8.273083954369397919e-01
8.260590404926921870e-01
8.273706347121414506e-01
8.277737955875696940e-01
8.269010671865251183e-01
8.280615201105694378e-01
8.272892507476428126e-01
8.282948504622887897e-01
8.274312295837864539e-01
8.281803109424167308e-01
8.285060002472733887e-01
8.274377161081272192e-01
8.272142065661081123e-01
8.265269421088556889e-01
8.281289571906553793e-01
8.265820484729655693e-01
8.273800803890967170e-01
8.270613122970957853e-01
8.275875674119759218e-01
8.283475300973432986e-01
8.270814083193717137e-01
8.284289271254028364e-01
8.266788922561365549e-01
8.270768745249037490e-01
8.258264036265955399e-01
8.273576905621844446e-01
8.252139421053508173e-01
8.270073435858572575e-01
8.276028582495551511e-01
