2.548458609899220684e-01
2.567443414663406198e-01
2.560571115171015877e-01
2.562797363644005455e-01
2.566833808852478360e-01
2.568890821141140979e-01
2.547379887653332675e-01
2.558148697376703695e-01
2.553657808318438582e-01
2.549363713088542149e-01
2.562478961631369789e-01
2.557393951211964778e-01
2.553511056375623034e-01
2.562004221138100002e-01
2.569162420719781625e-01
2.551252976733237587e-01
2.569555703660839630e-01
2.559855711204061524e-01
2.555638319816375681e-01
2.566061112729818849e-01
2.566111258121251959e-01
2.566269944150372795e-01
2.566333949637538137e-01
2.571630377773064247e-01
2.569178760493771030e-01
2.552373116016327659e-01
2.556053145204930654e-01
2.551917102231304746e-01
2.562401554680353577e-01
2.558433136057902679e-01
2.557244793567608476e-01
2.557686371093017552e-01
2.566993238396330090e-01
2.561364061064553277e-01
2.564484664996091734e-01
2.569333489504232459e-01
2.569988686705312886e-01
2.552999972262953166e-01
2.565263932842918315e-01
2.567363837423823902e-01
2.574314013243642618e-01
2.565477819262492742e-01
2.564046242228238404e-01
2.558841908142048815e-01
2.547841334371682143e-01
2.572155199041983309e-01
2.569863785528988531e-01
2.555663676377872284e-01
2.566484630352477425e-01
2.564107783043215738e-01
2.550593863357594193e-01
2.556858835443983069e-01
2.566710878069441426e-01
2.567764314368720102e-01
2.557119738419994515e-01
2.564305237207836208e-01
2.572129670309865612e-01
2.561375717534081775e-01
2.566325819567527033e-01
2.561080189958986342e-01
2.586235536133670854e-01
2.557127344933644020e-01
2.573260296810071512e-01
2.565067395256408478e-01
2.562519209690224953e-01
2.562473354246838086e-01
2.557941640739232469e-01
2.562648516711912849e-01
2.555662710758720979e-01
2.568543148030426604e-01
2.558440226493468028e-01
2.567743381041188155e-01
2.562806359510868548e-01
2.566197341451621483e-01
2.555163096707995241e-01
2.546512664893650912e-01
2.558246192413763387e-01
2.559422904442666957e-01
2.562630603207980418e-01
2.563100939480961737e-01
2.560166469469145611e-01
2.564664514595311195e-01
2.564909440185577649e-01
2.557083137942368634e-01
2.561739386304200949e-01
2.547907213069703358e-01
2.568472506623852292e-01
2.561550624672842003e-01
2.556752209575862689e-01
2.563872777867753361e-01
2.567960682515983417e-01
2.567441704177838013e-01
2.549276430139679750e-01
2.554879940035565955e-01
2.561374082864497637e-01
2.559024783521797741e-01
2.558670380679220480e-01
2.554265934732251608e-01
2.570185563978644727e-01
2.570541883780525505e-01
