5.646913585154972326e-01
5.657262699140789275e-01
5.684473907330245268e-01
5.660191123305597927e-01
5.670201418712466079e-01
5.681051656842963649e-01
5.666955118889381859e-01
5.655867003983930941e-01
5.662755342712606499e-01
5.663122177275239366e-01
5.665745022815646958e-01
5.668723834829770825e-01
5.657706518490668302e-01
5.666051194065970797e-01
5.668217865904086050e-01
5.655105386100687248e-01
5.654771253422217203e-01
5.663983661780009893e-01
5.662937878046555573e-01
5.673839408794996153e-01
5.660928437138919023e-01
5.662877927766831743e-01
5.671949261424558131e-01
5.667282775454801635e-01
5.657717233236461141e-01
5.658435181159587879e-01
5.670848394603860143e-01
5.671062611506827444e-01
5.666527101011393786e-01
5.672963932582364421e-01
5.662461385265550318e-01
5.671706038727304389e-01
5.644899852184014355e-01
5.666186722607933213e-01
5.683647224645370644e-01
5.669444452302743187e-01
5.659322556696219086e-01
5.665501101951929686e-01
5.665145457475424529e-01
5.665811636586335354e-01
5.660723284023031487e-01
5.658716729912148802e-01
5.659586861180266881e-01
5.668134852461057527e-01
5.663281185633570747e-01
5.667296072180760813e-01
5.659357958220198048e-01
5.679305090855388816e-01
5.667096700893787808e-01
5.660802488938583288e-01
5.663427438011310322e-01
5.665181749605834316e-01
5.658537243719141685e-01
5.656040256337431238e-01
5.658207923359589442e-01
5.673577630968691388e-01
5.668754821404146105e-01
5.671853812961766828e-01
5.664901127565199479e-01
5.665124542577011368e-01
5.664446613036605571e-01
5.666962468369376449e-01
5.653304423642592225e-01
5.657873428537392169e-01
5.671873597728764871e-01
5.656376852120394982e-01
5.669668371849276856e-01
5.663419001896218274e-01
5.674208529308268911e-01
5.668540251495975957e-01
5.669004775707224830e-01
5.660683983638190586e-01
5.670893370380076792e-01
5.661021646004523733e-01
5.655161344266083079e-01
5.656768168651751250e-01
5.663441986895035862e-01
5.658060954884494009e-01
5.655135203895030882e-01
5.668702297001970702e-01
5.662109093203332444e-01
5.666737372168552112e-01
5.655960619619225804e-01
5.668423751563673729e-01
5.656489330947860328e-01
5.669097134664826676e-01
5.657053751438290146e-01
5.651417710100473668e-01
5.661794325546410933e-01
5.663824596218531848e-01
5.665801004372896799e-01
5.657677897703209391e-01
5.657418780538895353e-01
5.648145710632660466e-01
5.659347553526821173e-01
5.667077514089376988e-01
5.663675787565410902e-01
5.677276509475865929e-01
5.662687857213389853e-01
5.676173943163129731e-01
