3.523673256546162036e-01
3.537719178094078654e-01
3.530978158366700481e-01
3.525062999143409037e-01
3.525789656015831386e-01
3.531200582808907140e-01
3.533105818165080403e-01
3.534775733735072145e-01
3.539867270912410158e-01
3.540429072969443203e-01
3.530034775971447325e-01
3.535080745817594794e-01
3.531588088639256440e-01
3.540397209001610590e-01
3.530582299155349268e-01
3.534060472987408108e-01
3.536944448297709709e-01
3.531047625711771776e-01
3.535391433045461662e-01
3.541073116978766810e-01
3.533433877227538655e-01
3.534600233144389314e-01
3.527042252498487906e-01
3.530090648758467120e-01
3.524328464193936528e-01
3.536893426936732476e-01
3.548585189243341764e-01
3.529709490075532696e-01
3.538773452399872621e-01
3.537274742753616086e-01
3.536943722420055614e-01
3.534230603558088935e-01
3.535452384780815582e-01
3.533388135574400124e-01
3.529390621524352567e-01
3.527732780179569927e-01
3.534415727006397501e-01
3.528697041110345767e-01
3.541581702781039231e-01
3.540161908044851535e-01
3.533743407421923166e-01
3.531786578715933045e-01
3.539418427401416212e-01
3.532240597327528930e-01
3.524741386784419062e-01
3.534750162821344577e-01
3.523445135487421331e-01
3.534256658549069785e-01
3.537323522020955346e-01
3.536540838978492474e-01
3.541069634038905845e-01
3.534948286527469508e-01
3.532403449174845722e-01
3.541766730965847931e-01
3.548423413457079123e-01
3.538298636788768103e-01
3.536946465664909667e-01
3.539609005577529222e-01
3.524262477523174009e-01
3.538786758668902022e-01
3.531723497455244720e-01
3.530490988900301108e-01
3.531705196113787970e-01
3.527231055176511254e-01
3.537183606671754910e-01
3.531583910270253979e-01
3.539202751540604930e-01
3.537092450180763792e-01
3.530810164646552840e-01
3.526451838018559437e-01
3.532533240464782454e-01
3.540284633037819040e-01
3.537112059502016681e-01
3.530682571493485855e-01
3.527049966710604223e-01
3.538226786951833569e-01
3.532580859948449281e-01
3.549675950451595674e-01
3.540332598635682060e-01
3.533468680806448048e-01
3.518217601351359969e-01
3.527378619528925840e-01
3.533152909299663857e-01
3.536923003494858442e-01
3.539984745170433600e-01
3.541256825710435985e-01
3.525018969673797131e-01
3.529103619574073814e-01
3.531985616806070927e-01
3.537036732568897279e-01
3.519113630107818524e-01
3.531733658132728548e-01
3.548306021762039908e-01
3.537329474922259465e-01
3.533956392170563565e-01
3.536788951497138456e-01
3.521792625986689407e-01
3.526403574554671239e-01
3.539427598395263330e-01
3.530077615026309124e-01
