1.965965059926314540e-01
1.983136889999242980e-01
1.981166982808869603e-01
1.980411347307753367e-01
1.982666858603281956e-01
1.984797219397798629e-01
1.978060376237664453e-01
1.984437790562314230e-01
1.975919128828628191e-01
1.984473713365036418e-01
1.985525067301669999e-01
1.980848967026259122e-01
1.979933021598122567e-01
1.984597834890291790e-01
1.987584740042485087e-01
1.972262880330934998e-01
1.982174482640819690e-01
1.996125045506344509e-01
1.983041181076579118e-01
1.989848609542323177e-01
1.974802457431542035e-01
1.985075020274294499e-01
1.977841042515028902e-01
1.976670971948551458e-01
1.987742279368817644e-01
1.986492552799499489e-01
1.979511114784854309e-01
1.977028730006152868e-01
1.980502892685177541e-01
1.972952829735063751e-01
1.976213513806436006e-01
1.975208753667054840e-01
1.985086285172919518e-01
1.978762839014071573e-01
1.980940952796311216e-01
1.985050216861267425e-01
1.987443216412133062e-01
1.976850295737288543e-01
1.979008859498662953e-01
1.979374361345987432e-01
1.987292353420169189e-01
1.985225601231851988e-01
1.975039921463378756e-01
1.982147703104255032e-01
1.984392294670978552e-01
1.987219267612634621e-01
1.986201980651439714e-01
1.981008120898448688e-01
1.984354980507685995e-01
1.985394019628818896e-01
1.981223168777764276e-01
1.976957600136968751e-01
1.966291676145479617e-01
1.978803404802145782e-01
1.979051994030570361e-01
1.981643924579691851e-01
1.971629119671727826e-01
1.966535308539659743e-01
1.989714290494993543e-01
1.972988307347234294e-01
1.973485497810255618e-01
1.970414922850954875e-01
1.980080877728375155e-01
1.995359207650356792e-01
1.976573114658221331e-01
1.966834388113107290e-01
1.985455572499002785e-01
1.982501692669099147e-01
1.983542744377979894e-01
1.982555355328723679e-01
1.980596318619209373e-01
1.975909733805724655e-01
1.981847249919273246e-01
1.972177941850362659e-01
1.979635202698677987e-01
1.983496666868086455e-01
1.984616790996572289e-01
1.975300631171795496e-01
1.974818032406414348e-01
1.971354512757115263e-01
1.975797073928449166e-01
1.985572797047758797e-01
1.988845281577222845e-01
1.988282504827545705e-01
1.976588802466276995e-01
1.977363962167030254e-01
1.976229551012317343e-01
1.978898885826156917e-01
1.988589983983682086e-01
1.988931171678558762e-01
1.964377643399868312e-01
1.969436238219696156e-01
1.972416169532172914e-01
1.989396677587266515e-01
1.997412720079876358e-01
1.974493183558309883e-01
1.985821137645685242e-01
1.982514228296534675e-01
1.991485250370432780e-01
1.981276478604727942e-01
