4.894259515488746382e-01
4.912598340302937183e-01
4.915346402740786713e-01
4.900943876097454410e-01
4.907152554618666174e-01
4.908323172516219079e-01
4.912272576750533748e-01
4.909439866063256552e-01
4.901550003183777759e-01
4.893960432738673205e-01
4.899575121243499032e-01
4.897532071578006851e-01
4.895547038442839005e-01
4.908041267108009253e-01
4.900987639923959915e-01
4.904084582548448035e-01
4.920836874013488904e-01
4.904088478065581902e-01
4.909958394241492607e-01
4.905497014132377265e-01
4.903982732579226234e-01
4.903244889359013037e-01
4.906186066678595026e-01
4.901479732097281383e-01
4.906436726744799470e-01
4.914745595811245149e-01
4.904533977250255528e-01
4.918155903954476438e-01
4.900776288618114984e-01
4.905504903661582761e-01
4.907664202171280743e-01
4.906477337437034070e-01
4.914915319875809985e-01
4.916285397694883930e-01
4.899100716464420691e-01
4.902399499383568449e-01
4.901745772979634319e-01
4.906358173701781400e-01
4.910097322755982985e-01
4.900902992714013529e-01
4.908710464369204218e-01
4.907247395636338272e-01
4.908048392659039028e-01
4.918265739700447003e-01
4.910168218044539956e-01
4.908912157072432558e-01
4.906319835179588362e-01
4.906896898031101184e-01
4.900254266559472827e-01
4.896315914674604919e-01
4.915587315554568182e-01
4.916865172736055722e-01
4.898378647660569518e-01
4.906012153315453261e-01
4.890433108213712021e-01
4.912915878782669887e-01
4.905231180515216005e-01
4.902533539871956614e-01
4.909532910035495634e-01
4.902469563637122940e-01
4.910496128593077048e-01
4.906694600345306023e-01
4.900953403684015774e-01
4.905505299252007623e-01
4.910803913611303528e-01
4.919740366037750334e-01
4.918549454547726518e-01
4.903615391465587781e-01
4.911620219394410292e-01
4.898960914915803655e-01
4.904822352330336366e-01
4.903646447073235493e-01
4.907344786377077495e-01
4.906184067546469629e-01
4.921282327278596602e-01
4.902348619549978248e-01
4.907782167156743980e-01
4.901118519828366882e-01
4.915828386319312515e-01
4.911520368975363926e-01
4.904611199831504509e-01
4.895708721682483500e-01
4.910863362452559944e-01
4.913889279087192419e-01
4.894772801882957824e-01
4.903969317082926827e-01
4.903098814064623112e-01
4.897095102137548617e-01
4.918000102967485798e-01
4.901136970726219788e-01
4.916971886263993841e-01
4.896501379808778642e-01
4.910097257159797279e-01
4.902530249321420674e-01
4.900999926211185853e-01
4.918348280729500366e-01
4.903940962951631732e-01
4.900052129286358027e-01
4.902605076425273767e-01
4.904616400888440197e-01
