3.711026067533723660e-01
3.723158038729256214e-01
3.721597409356754427e-01
3.721273630796307352e-01
3.729814640373024792e-01
3.733129498424693216e-01
3.733789395700811697e-01
3.714091850109066950e-01
3.716170529243428833e-01
3.713690945617151296e-01
3.712954312665860956e-01
3.714948820430893361e-01
3.730617076328892612e-01
3.728960608418314115e-01
3.718377376429998771e-01
3.723028510751033582e-01
3.729235586145597248e-01
3.724036094765233451e-01
3.716378725074889200e-01
3.737125100031315483e-01
3.728537679750533185e-01
3.721036724013501162e-01
3.727221175799770858e-01
3.722765403263236239e-01
3.721323325266415738e-01
3.727073318059886953e-01
3.709256398173484404e-01
3.722578709650785078e-01
3.732236181552535115e-01
3.726959594900821626e-01
3.734818656801648373e-01
3.715611673000178694e-01
3.728489612842872392e-01
3.725000917296562020e-01
3.715648722118777836e-01
3.723502120154992268e-01
3.731881357292231027e-01
3.725457446485412327e-01
3.730515972616814668e-01
3.719547952271462510e-01
3.715809354255747987e-01
3.719742854811238786e-01
3.731232617566606624e-01
3.713001200647381150e-01
3.725139591891065693e-01
3.721914582531753446e-01
3.720947992761932666e-01
3.732271433820925077e-01
3.720257323843719766e-01
3.715302891568435517e-01
3.724449932892023307e-01
3.717130028746731263e-01
3.718921177180016802e-01
3.718760945262493123e-01
3.721894260826116296e-01
3.727354020012649261e-01
3.722870491385110725e-01
3.723165955268221694e-01
3.718604203616672210e-01
3.731333050875662583e-01
3.725984838102751606e-01
3.723267883281756729e-01
3.729214765910940366e-01
3.730689784284392241e-01
3.720872247927076160e-01
3.723261159565343648e-01
3.737685612370503785e-01
3.732561407720139668e-01
3.730070164468997085e-01
3.724342487999477980e-01
3.711007829672640090e-01
3.734310145300532291e-01
3.720679380288652860e-01
3.726546113459219267e-01
3.732508166682843020e-01
3.728083498310604815e-01
3.724080522060354559e-01
3.724697783027095532e-01
3.736098477351742497e-01
3.714955203508794601e-01
3.718065174431307573e-01
3.719960041673167628e-01
3.731416431352897467e-01
3.727407681163633635e-01
3.723085708156744777e-01
3.728653117116089710e-01
3.722288051742895232e-01
3.722781107168486314e-01
3.717905028753101249e-01
3.723230906173025101e-01
3.728994395862828548e-01
3.720509251570360276e-01
3.741221552509393922e-01
3.730174735698126298e-01
3.729745998600466628e-01
3.721389427977305209e-01
3.736788619004803857e-01
3.728436305536135809e-01
3.718150521734534530e-01
3.723215101789577042e-01
