1.772741321679234539e-02
1.839990437979321242e-02
1.890986293679565097e-02
1.797284259449291599e-02
1.816656247610748745e-02
1.916683569083293612e-02
1.748616508204655848e-02
1.699537790582740515e-02
1.916066853887851348e-02
1.783531877519602127e-02
1.891487629203484483e-02
1.898527060139548056e-02
1.786102751481988965e-02
1.889649938972683824e-02
1.749828051686169728e-02
1.860141253550629328e-02
1.831281067041081595e-02
1.935669460707811415e-02
1.866734269029592802e-02
1.874154235742669233e-02
1.810896182849961594e-02
1.778819760225812396e-02
1.979031282671279979e-02
1.889486350624552946e-02
1.820352842142644589e-02
1.882594721382279193e-02
1.919510483524240058e-02
1.833651709907014107e-02
1.843922137361415914e-02
1.757125116477212604e-02
1.878553802385408977e-02
1.875001404650054881e-02
1.875871660582799361e-02
1.952381558553229965e-02
1.737589912805886233e-02
1.905550573805315714e-02
1.762920014089842252e-02
1.885372175248080373e-02
1.862596873557288701e-02
1.870550672434454637e-02
1.809773615823220133e-02
1.846894985942782938e-02
1.745422801407660318e-02
1.840078901272673706e-02
1.872457146766673408e-02
1.811729797662403607e-02
1.809416585737024658e-02
1.825579887660469525e-02
1.779368148371548997e-02
1.826455565966635802e-02
1.848154767511307056e-02
1.871948841965473398e-02
1.775703794338421432e-02
1.869554010079574335e-02
1.784125927150448029e-02
1.819304598711617149e-02
1.870679472148567557e-02
1.826324163797667793e-02
1.888215636110510132e-02
1.939537503092500503e-02
1.856661161170830923e-02
1.920326085974011915e-02
1.920260176036397981e-02
1.881152906405145209e-02
1.928578079675874121e-02
1.864698779090103939e-02
1.825007112080203123e-02
1.795593937915786892e-02
1.899331025249186011e-02
1.946130852510593451e-02
1.960211330170084920e-02
1.863681939197625939e-02
1.847976596540827632e-02
1.837856336127214468e-02
1.907028132037646984e-02
1.745536977037620910e-02
1.777438897604816798e-02
1.852772268483148313e-02
1.859914517668860567e-02
1.814415956238605784e-02
1.856478049851630063e-02
1.844057960053913786e-02
1.845610288224951157e-02
1.857345242479398195e-02
1.783638958502582403e-02
1.829552583456235323e-02
1.822919065685974643e-02
1.829746456491315731e-02
1.815837058253536723e-02
1.835555873220669904e-02
1.745367590887575079e-02
1.888317425616631642e-02
2.004990863981262472e-02
1.894789315086210790e-02
1.772338398051008859e-02
1.892492937691861443e-02
1.737632378159635615e-02
1.812426206348256852e-02
1.925841379492951311e-02
1.827012977259537957e-02
