7.947945391927388470e-02
8.091546043723520099e-02
7.979577091200103223e-02
8.146897654617668572e-02
8.065978161740527952e-02
8.162101074741248685e-02
8.203415608026527750e-02
7.996136425507846535e-02
8.020289363427825224e-02
8.042021235742242979e-02
8.170090412321774631e-02
8.069025992731398977e-02
8.006373892897619693e-02
8.127407885753668015e-02
8.061749355057709621e-02
8.080034724718784811e-02
8.059013710132256758e-02
8.100600603396573840e-02
7.938876928471508276e-02
8.241674629227098425e-02
8.239016807490262551e-02
8.092254338449043904e-02
8.140043777106653611e-02
8.249210770034248741e-02
8.127749430350078574e-02
8.058367487515245842e-02
8.171232098323703841e-02
8.076928162950529344e-02
8.030510532655057987e-02
8.054404448367799563e-02
8.070024753615714919e-02
8.137242859880197687e-02
8.110264915897574811e-02
8.020711952362413744e-02
8.160520986816868771e-02
8.118321849129464529e-02
8.132724072355462797e-02
8.015226009027709431e-02
8.092001581148229594e-02
7.971538991890031456e-02
8.187077135896762836e-02
7.971488150994400501e-02
8.244625910853919937e-02
8.008480439096177239e-02
8.018376099444955718e-02
8.124035263492580816e-02
8.096791432848826631e-02
8.014080615343449621e-02
8.083977899645188037e-02
8.089982891376540364e-02
8.069943272317738059e-02
7.995639896645409528e-02
8.118731185933844574e-02
8.097086624496724339e-02
8.186603259973564140e-02
8.069984748818009868e-02
8.079703872921810415e-02
8.195971265673204775e-02
8.107708048977961546e-02
8.076597621975614705e-02
8.180263785406727273e-02
8.085573826226200023e-02
8.072562765660386275e-02
8.184807374406223579e-02
8.042546958670507284e-02
8.149857593730031047e-02
8.146533416867111910e-02
8.096904333254234531e-02
8.104861926559731033e-02
8.205045137896654905e-02
7.999339678657803321e-02
8.041847429126959546e-02
8.046317889368045928e-02
8.069959107451488145e-02
8.027097379569438085e-02
8.106661196073748632e-02
8.051214061198519456e-02
8.008606953543326301e-02
8.097879455693823836e-02
8.130997707307284494e-02
8.075614857760363141e-02
8.148683492802233364e-02
8.219496970839751393e-02
8.106927500226213112e-02
8.144817538087842368e-02
8.091180987999296859e-02
8.125634316678555236e-02
7.999498830490825441e-02
8.079203353614020089e-02
8.164798866494606122e-02
8.071688976986492181e-02
8.104473185807845037e-02
8.132944584354967477e-02
7.990434897714407403e-02
8.076132159011385758e-02
8.192293213952808739e-02
8.047929706797138372e-02
8.055588805269806030e-02
8.073694210916049219e-02
8.096504868922223264e-02
