8.159660323012211114e-01
8.182360689131010778e-01
8.173955381984421287e-01
8.179264749211097030e-01
8.172690868265197750e-01
8.176603066353770322e-01
8.176761020592353546e-01
8.170734633946782344e-01
8.184846159392504816e-01
8.174880939550865921e-01
8.171684724571426361e-01
8.182852091333431277e-01
8.175999300150551541e-01
8.170220510907704181e-01
8.182212731890348145e-01
8.165987927685345316e-01
8.179616695106679547e-01
8.166557356489316799e-01
8.163388657853579700e-01
8.174607145790357965e-01
8.172164305688500718e-01
8.176333778233266791e-01
8.179930447192950149e-01
8.172306499116829270e-01
8.186974745734167946e-01
8.184802468711676049e-01
8.177949427825130790e-01
8.166268247803387670e-01
8.178874357987052646e-01
8.177328575120018650e-01
8.164787816549762267e-01
8.177486728901173230e-01
8.168936305621494753e-01
8.170668425296541137e-01
8.172841394198876452e-01
8.179062130605234682e-01
8.176820341219817045e-01
8.179231297294171643e-01
8.182291013260287738e-01
8.169256669861360010e-01
8.184808101396519042e-01
8.190798683812147152e-01
8.184649016664607979e-01
8.181263451263174336e-01
8.175961845717836241e-01
8.169695379379573463e-01
8.171731217923234869e-01
8.174087207659914700e-01
8.169414141247874905e-01
8.168027120199431446e-01
8.181412630417541632e-01
8.173138877456073148e-01
8.174553837456757233e-01
8.185710545076991806e-01
8.173096494367815268e-01
8.181675360521125651e-01
8.182428980193148238e-01
8.176119579917512370e-01
8.173302176678272080e-01
8.181764097626118559e-01
8.169055262718813992e-01
8.175709816741013602e-01
8.180889873536281165e-01
8.176440415797794348e-01
8.170792863295858188e-01
8.171958260543470409e-01
8.169623897337486840e-01
8.166984120996523266e-01
8.173177386654322252e-01
8.180661837193434760e-01
8.168810409672692119e-01
8.187216903490243114e-01
8.165499160086069352e-01
8.183981620560631942e-01
8.171480611238661762e-01
8.176224473714459595e-01
8.173659448946584138e-01
8.177840029642926556e-01
8.167684657131144554e-01
8.165742279259362579e-01
8.161708431913026196e-01
8.172240636538343761e-01
8.173005326733160381e-01
8.185694102292586649e-01
8.172801246101299988e-01
8.182185739881012720e-01
8.179515404992631078e-01
8.180313176277149712e-01
8.170780959467109916e-01
8.173043904665724391e-01
8.180367240011008345e-01
8.184747674185658406e-01
8.166250571467020825e-01
8.171741372634465650e-01
8.169242676001811088e-01
8.165251575860681399e-01
8.175603890350349179e-01
8.170487913853882178e-01
8.177950260465758348e-01
8.177153614955625649e-01
