2.283018530668896318e-01
2.288794269292653838e-01
2.293570741286392045e-01
2.278448640616808629e-01
2.299917570184378812e-01
2.283002150371417072e-01
2.296118920714002587e-01
2.295648516856773624e-01
2.301115249284043651e-01
2.288874173021017144e-01
2.287930502157987656e-01
2.290047196891497605e-01
2.296439862860527592e-01
2.301285836753813596e-01
2.302039954482346662e-01
2.279206658275139130e-01
2.294295976198665044e-01
2.293187684667263304e-01
2.294170038762173569e-01
2.290758944935322172e-01
2.294078754484896732e-01
2.284403789584951716e-01
2.291602386730263452e-01
2.286688926545417666e-01
2.289644787938895920e-01
2.290187552594890041e-01
2.286018702310564366e-01
2.290058380218417122e-01
2.296747769250063742e-01
2.296302733759126857e-01
2.296819870832156885e-01
2.281279980037068666e-01
2.297709146091352350e-01
2.281587822129347298e-01
2.284791131177701107e-01
2.289533934527920589e-01
2.280040962801955506e-01
2.291820634244072230e-01
2.295357974643479348e-01
2.301268443425274479e-01
2.287879782150315788e-01
2.289279615040519800e-01
2.274887005470045409e-01
2.286957608619574200e-01
2.298069719915531439e-01
2.286292638698330659e-01
2.293444797103035282e-01
2.289060591774156328e-01
2.291489279075221153e-01
2.295118320026539316e-01
2.289472154359364631e-01
2.281216298059345338e-01
2.284789462436936647e-01
2.290869079869208291e-01
2.296171688360058583e-01
2.301038484789039718e-01
2.303145249592364330e-01
2.293376566953292395e-01
2.279055276767834870e-01
2.287863574797826538e-01
2.291573079061572371e-01
2.283420895135916950e-01
2.290505504425769945e-01
2.297776313653195346e-01
2.285778662103647441e-01
2.288608045448503603e-01
2.295120444576572438e-01
2.294173158370464982e-01
2.285338755056486870e-01
2.296378907196651165e-01
2.289199184250521046e-01
2.292312080463308754e-01
2.286935163172976182e-01
2.295617987010228345e-01
2.291826575379372899e-01
2.287610045932924330e-01
2.309985407707244587e-01
2.293186248812313366e-01
2.295698367156479291e-01
2.302695488478371522e-01
2.293147587717715430e-01
2.287112556230193050e-01
2.289676535231143228e-01
2.293609209062750509e-01
2.295069047489550762e-01
2.292050388574833342e-01
2.295730973021105070e-01
2.279586394992647036e-01
2.294936936313683173e-01
2.278233882131912580e-01
2.284274813875691312e-01
2.296016582034589304e-01
2.299855800659720839e-01
2.295248573958038052e-01
2.292119212717029786e-01
2.278355971433952964e-01
2.297745919580772012e-01
2.292019963262864890e-01
2.289548997220899051e-01
2.289354228376597467e-01
