2.080500615163854428e-01
2.088268810727433866e-01
2.093606879835622214e-01
2.082402165272347339e-01
2.091170000090682157e-01
2.084957334134009965e-01
2.085460847037827470e-01
2.083393826917372404e-01
2.097746642827977293e-01
2.091149032629082694e-01
2.073925360723971600e-01
2.095477505277664187e-01
2.098078259386751965e-01
2.098713318267379502e-01
2.084695654274380527e-01
2.093977916797391536e-01
2.082070283422947643e-01
2.096293011540327211e-01
2.076214853176056863e-01
2.087950215994893721e-01
2.099988757198576195e-01
2.093641369950586528e-01
2.090748694015627240e-01
2.089472087534098854e-01
2.087297201107986833e-01
2.090035390328550680e-01
2.095500705428756105e-01
2.091676365352119205e-01
2.089344737353089898e-01
2.090103269055799129e-01
2.095879339492650317e-01
2.097706666349254401e-01
2.083490297688199155e-01
2.095816887951587049e-01
2.091849315893679617e-01
2.098492143441198499e-01
2.091385430887676700e-01
2.089336749806144367e-01
2.089283057505970098e-01
2.088157593417495628e-01
2.095055691780008389e-01
2.094345411400380663e-01
2.089531775503279953e-01
2.091702173742991111e-01
2.091919245803285365e-01
2.085486839000861015e-01
2.085855703582977783e-01
2.098953537771055533e-01
2.088680608532257899e-01
2.088304814941792098e-01
2.098209960221970871e-01
2.090114709396821424e-01
2.096386557037447917e-01
2.098195785719732531e-01
2.089119955651773664e-01
2.083889197177061781e-01
2.085834637338234709e-01
2.092187461380128344e-01
2.084577800271299464e-01
2.087899988448065070e-01
2.090328065747381614e-01
2.083648063351164204e-01
2.089209117482282163e-01
2.103659495592715423e-01
2.089523685648357054e-01
2.095562085685985787e-01
2.091461549702485767e-01
2.091644041523300912e-01
2.093663016579040970e-01
2.095224743884760432e-01
2.092784649716399881e-01
2.091513275786766046e-01
2.096359549591845783e-01
2.077658001267441990e-01
2.093874235545694629e-01
2.096432754326932324e-01
2.090267119440395449e-01
2.091769716348689523e-01
2.089826339104280672e-01
2.089085702461409011e-01
2.099535655939871459e-01
2.091858593297300228e-01
2.089819581146885596e-01
2.095326318018015943e-01
2.089123683263219844e-01
2.083804816696434581e-01
2.079714344794355019e-01
2.085857920098651563e-01
2.094438194618658544e-01
2.082488501677418613e-01
2.088537350538999526e-01
2.095300001875262941e-01
2.095884181164789084e-01
2.091448409839324896e-01
2.097677148242416967e-01
2.084286556141176638e-01
2.091702622148672863e-01
2.101904854721643456e-01
2.097886697611639761e-01
2.086450716586674414e-01
