2.938385766331506610e-01
2.956229861621296195e-01
2.955184559503656327e-01
2.959111837363427311e-01
2.945350282744421122e-01
2.957222002132292027e-01
2.946581015030403927e-01
2.959232726882967679e-01
2.950827323611079911e-01
2.961714377413944277e-01
2.961127007281386114e-01
2.961874657067545824e-01
2.952140096350162057e-01
2.959178048725107923e-01
2.943891461114627739e-01
2.943381295213709503e-01
2.954693278762985376e-01
2.944787626312253548e-01
2.960845662484319907e-01
2.954573495721845022e-01
2.953260371099375448e-01
2.964996934893581182e-01
2.957715198128995082e-01
2.955320072537510612e-01
2.955789848282986965e-01
2.950608650007468525e-01
2.945227884391636297e-01
2.956069564026759799e-01
2.953295576926862065e-01
2.948215418069227711e-01
2.946932875554469367e-01
2.951025049315292859e-01
2.962454603330355041e-01
2.953972624020614335e-01
2.947740045645812490e-01
2.952056239313253228e-01
2.958554264947070855e-01
2.945231104828247015e-01
2.966391536023321174e-01
2.954631361697494518e-01
2.951509617838301014e-01
2.948922074051901210e-01
2.949460038973997222e-01
2.967210942350609892e-01
2.948378812890577461e-01
2.961357752200868276e-01
2.953442351713279623e-01
2.953501317545386695e-01
2.956930902952000784e-01
2.961003486954617570e-01
2.956641393058616618e-01
2.946798486666489247e-01
2.948959963922862526e-01
2.946032584434204460e-01
2.947795659270362467e-01
2.958242779155342839e-01
2.956192728870731812e-01
2.956018709973834424e-01
2.954133562042159378e-01
2.946868186188956740e-01
2.950011702741365816e-01
2.940214687739581279e-01
2.943415385148356878e-01
2.963980753062070983e-01
2.955234400565607822e-01
2.961405552258331020e-01
2.946926056299618568e-01
2.951904081220851350e-01
2.947648742416528744e-01
2.956578987359290700e-01
2.953981024580449311e-01
2.947349179451305701e-01
2.959453236680411603e-01
2.944773598131854020e-01
2.952373155603061905e-01
2.957908663958593865e-01
2.956402448779443248e-01
2.959372141183247984e-01
2.950078177946520164e-01
2.953377295027992955e-01
2.956618772087911129e-01
2.955391974661574217e-01
2.957935779947253874e-01
2.952062364543733830e-01
2.953623138361633482e-01
2.952649104677715353e-01
2.945704035122841402e-01
2.955920735054360371e-01
2.953932596358763707e-01
2.961685242060135836e-01
2.957958044832605382e-01
2.957403238102838672e-01
2.959531274199584949e-01
2.950282942461507352e-01
2.956711985899431183e-01
2.960790503438172072e-01
2.948262303821524988e-01
2.944655583376293850e-01
2.958348893115311240e-01
2.955289172154974553e-01
