2.678234440415019346e-01
2.701114670008530894e-01
2.686148853183608631e-01
2.684749456477693585e-01
2.691387255927921163e-01
2.691270825254375998e-01
2.698437672634282358e-01
2.696429100073684526e-01
2.699093442057249326e-01
2.692293961173993777e-01
2.696885755881019975e-01
2.695931146017250812e-01
2.696005370879457907e-01
2.702021354135396569e-01
2.689870820181653466e-01
2.693206761155506057e-01
2.690286029071906060e-01
2.691778013939777336e-01
2.690187953215831262e-01
2.702762824519472362e-01
2.686305843316894038e-01
2.695538026947095211e-01
2.700330115859929103e-01
2.689892515704909726e-01
2.698428015572355010e-01
2.691923699717723162e-01
2.685667200888096628e-01
2.694842727532922311e-01
2.706851400430759780e-01
2.688148999112031090e-01
2.693868555030375367e-01
2.695613449723937016e-01
2.682525376625174429e-01
2.691409301333912985e-01
2.690753841132751401e-01
2.702493130277433542e-01
2.702064482358131348e-01
2.698009634282033664e-01
2.691126839215410849e-01
2.694425157543257621e-01
2.694116666230890189e-01
2.687988204039368223e-01
2.685781505647519829e-01
2.690895271147886181e-01
2.688219798423145401e-01
2.688872459710556773e-01
2.698885349706251491e-01
2.701779487746580610e-01
2.707447448294013626e-01
2.694303230392655069e-01
2.687691129611338159e-01
2.699489043742937522e-01
2.700333197078424452e-01
2.698466520235325294e-01
2.690997702670370750e-01
2.679298921087432950e-01
2.689083012391090266e-01
2.686408836467792938e-01
2.685938710011760433e-01
2.693715465450141622e-01
2.691338269816102025e-01
2.684643847126366722e-01
2.684728648896168024e-01
2.685479042327940657e-01
2.690248040865292900e-01
2.696892425666599369e-01
2.695588954826123596e-01
2.693240536289129294e-01
2.688830475385262098e-01
2.689199251337494601e-01
2.694853319391668500e-01
2.702801507580905316e-01
2.690967258074167812e-01
2.699672815005333404e-01
2.701931023508636343e-01
2.685018976704753313e-01
2.692619167272418679e-01
2.688675828916108346e-01
2.684897114774156268e-01
2.695319320834569932e-01
2.692131867623177022e-01
2.696830705982627974e-01
2.695959918873471750e-01
2.692571178657631736e-01
2.688960006143266135e-01
2.684988793478987334e-01
2.685652133473441783e-01
2.697656821462983689e-01
2.693668565349325306e-01
2.694985979737448689e-01
2.691463524575283262e-01
2.700503329734410540e-01
2.694047025201105061e-01
2.688154335687880647e-01
2.688884057109627301e-01
2.680344577617778112e-01
2.688465469626881710e-01
2.688910790554102093e-01
2.699937739704154072e-01
2.685699181271954950e-01
