5.343291052796375062e-01
5.361007238571657840e-01
5.356748561301073464e-01
5.358447058571838006e-01
5.343699458171339289e-01
5.357820447835113242e-01
5.364009196246577460e-01
5.349707102359599897e-01
5.345827582086341012e-01
5.360342766599454079e-01
5.354762520216262978e-01
5.369240581807450674e-01
5.353976015893681106e-01
5.350668529623305858e-01
5.353121538919485278e-01
5.373817261171158766e-01
5.359239072911513579e-01
5.353365788747639353e-01
5.352563085374386631e-01
5.353809336986268264e-01
5.359807326206622591e-01
5.361289107673907761e-01
5.345961524438720414e-01
5.364933482015723509e-01
5.363653260235603515e-01
5.338915695084220925e-01
5.365332404296065949e-01
5.354806156981567478e-01
5.362430884350135596e-01
5.359760069471263266e-01
5.361082701194842537e-01
5.358688755421296968e-01
5.357516661920481704e-01
5.351659041852492305e-01
5.357235698209776853e-01
5.365532654988908190e-01
5.360485149114259107e-01
5.357004518304171459e-01
5.346934829553123825e-01
5.365972618933820826e-01
5.349876636975805511e-01
5.348461166203446471e-01
5.354722481201565909e-01
5.354280426541203619e-01
5.362835078802409283e-01
5.357474410529036168e-01
5.352515834888549318e-01
5.347811956293306856e-01
5.356067273352269620e-01
5.350774006155842866e-01
5.347565348074170277e-01
5.352128595110502429e-01
5.353564060057049989e-01
5.357430684608253113e-01
5.352635037153881115e-01
5.348624069911446233e-01
5.351941654886804844e-01
5.349126241385133707e-01
5.353784092012469076e-01
5.349919124688938821e-01
5.366266712223135560e-01
5.354262173162263050e-01
5.356225981947742021e-01
5.348189880006739561e-01
5.356126531235265720e-01
5.355296893042603701e-01
5.357930531711021516e-01
5.351453025918431194e-01
5.359088253181012451e-01
5.356720389642742886e-01
5.360114696930333711e-01
5.346521415450209425e-01
5.358929361880629960e-01
5.359151439974646491e-01
5.352013477195747271e-01
5.360404542198438094e-01
5.345945155736887555e-01
5.353726025333600536e-01
5.357052430725984804e-01
5.345932890593936282e-01
5.361804279490727243e-01
5.365239633995839696e-01
5.359242131530292941e-01
5.358809320354036565e-01
5.359312388840911101e-01
5.364371869980801844e-01
5.353900491677384688e-01
5.352419714723567479e-01
5.361539877814486266e-01
5.354647751090403363e-01
5.354586559744186625e-01
5.354526740423872777e-01
5.361207773779197439e-01
5.351364990548874712e-01
5.367047470019888911e-01
5.350382218417132352e-01
5.352733340345651181e-01
5.359275707175537029e-01
5.349607391982833526e-01
5.358760146528821489e-01
