9.699601351865321242e-01
9.713949228704904515e-01
9.715153508450236064e-01
9.729274628898040289e-01
9.721129516118756086e-01
9.710537560318732719e-01
9.713480152562524728e-01
9.720959163837229466e-01
9.698423209832249814e-01
9.705894219413947477e-01
9.709149923275164351e-01
9.704113484123073619e-01
9.714671259183051966e-01
9.715551803260330521e-01
9.719325989064115934e-01
9.726945670292934665e-01
9.712754441294300101e-01
9.708486787487053959e-01
9.724278947140425622e-01
9.705592387356222206e-01
9.708847185515036005e-01
9.720485346564472495e-01
9.716476111261562743e-01
9.710738936124791998e-01
9.718667216125144170e-01
9.700794019350402753e-01
9.705019439666758840e-01
9.712094427164301713e-01
9.712739823972380560e-01
9.711936045358666725e-01
9.702392874907497244e-01
9.709901185155302983e-01
9.708302606392549272e-01
9.706901867481009250e-01
9.718696979095066135e-01
9.715642733205973602e-01
9.707186188700545060e-01
9.710261699102986643e-01
9.713114138794226582e-01
9.701897847920206708e-01
9.724438647097366495e-01
9.722314344685760723e-01
9.726745975311759107e-01
9.715634748013884936e-01
9.706419555617977757e-01
9.712929237104652724e-01
9.718752115498900945e-01
9.719771283452190991e-01
9.714696903297793673e-01
9.707808697028418310e-01
9.719662525020833499e-01
9.722441276704677504e-01
9.712408776234090491e-01
9.710807221016696245e-01
9.720015644486923456e-01
9.708194356011590198e-01
9.713415203416568833e-01
9.707859964002172326e-01
9.706349115540880979e-01
9.717621200959456473e-01
9.713236131648692595e-01
9.703587483534674707e-01
9.715002848370778432e-01
9.713216425408897070e-01
9.719162600638231453e-01
9.713157749063542346e-01
9.718466806720653661e-01
9.719471101268781776e-01
9.712002028825450495e-01
9.711207807557847849e-01
9.721801270236984926e-01
9.715857544117159073e-01
9.711163342812747512e-01
9.711150123749592300e-01
9.705644207870541829e-01
9.709604936465359160e-01
9.711651097369011776e-01
9.710919801060143852e-01
9.714199344798624125e-01
9.715332045096963798e-01
9.708212994571305821e-01
9.726482831020615283e-01
9.717110404399353918e-01
9.714326736985693378e-01
9.719168702823413053e-01
9.711514603949067403e-01
9.706499672385673350e-01
9.717238080469994266e-01
9.716277149733498764e-01
9.707552917070368936e-01
9.711236037520355469e-01
9.717279989937154250e-01
9.706192499966082021e-01
9.720211284113748906e-01
9.714661670158896145e-01
9.712594334826654130e-01
9.710698503139423288e-01
9.724713924906291940e-01
9.717623151625773836e-01
9.715981980443736399e-01
