6.362075036790951210e-02
6.373183485387111380e-02
6.412939284337765278e-02
6.460508210897575321e-02
6.425165700049496886e-02
6.428137066295783186e-02
6.442982076104991629e-02
6.465196535776715492e-02
6.403739168128819159e-02
6.511787051584755348e-02
6.397131970345229512e-02
6.417788619512265758e-02
6.387579094204909325e-02
6.389716365352335337e-02
6.379539535311057330e-02
6.415278439711903646e-02
6.450464266399091873e-02
6.377473229631519525e-02
6.539054223975726554e-02
6.425825028321906218e-02
6.430612093500176485e-02
6.377891425055101648e-02
6.423056468643395522e-02
6.464726100174419954e-02
6.394663731201317980e-02
6.328502282050604832e-02
6.549798898592547325e-02
6.378635258648035489e-02
6.469202334524265519e-02
6.395220701515963446e-02
6.414576130493640505e-02
6.365511117350816650e-02
6.426828716986247858e-02
6.380415507484131499e-02
6.321875251102659909e-02
6.448561563621856008e-02
6.459298159011925278e-02
6.409624645326861270e-02
6.395021560333016830e-02
6.391950379235941671e-02
6.449893683610613548e-02
6.419183607081221932e-02
6.440957665237370677e-02
6.396935343643450622e-02
6.428846745329735990e-02
6.438781473859106486e-02
6.457205375186231278e-02
6.342340508207440497e-02
6.299658151770362591e-02
6.378789648472707463e-02
6.423670382039009530e-02
6.413705136286934616e-02
6.404344659708992304e-02
6.492257171233349611e-02
6.319831706546541472e-02
6.458940629201846695e-02
6.423879875920003590e-02
6.435188402389020734e-02
6.250691834027152782e-02
6.394643874067847122e-02
6.490682265689710906e-02
6.312575610249883395e-02
6.444098102505253778e-02
6.396190489311739946e-02
6.368459886996277741e-02
6.373844932860750490e-02
6.390164335626395686e-02
6.416187266862233285e-02
6.235449209548284133e-02
6.511576905379358460e-02
6.484825716253629635e-02
6.395264269785166933e-02
6.388858530759522480e-02
6.425782459808962455e-02
6.427183128787306021e-02
6.423736677985236732e-02
6.439188941314286097e-02
6.385276741373541176e-02
6.392865712156486913e-02
6.368686829118516690e-02
6.441726927412638748e-02
6.546526835229038443e-02
6.406504257873804620e-02
6.408398035627285716e-02
6.403086928120566013e-02
6.377910310115819659e-02
6.358259329625456924e-02
6.417645657610393517e-02
6.388838917374757564e-02
6.387579940030271852e-02
6.376130833021496913e-02
6.320000350826404656e-02
6.403879951254928815e-02
6.577747687503431029e-02
6.461671122386274113e-02
6.373243194662446542e-02
6.469429449145498723e-02
6.411816045223332761e-02
6.404002365429276034e-02
6.372513555199510460e-02
