4.611755281041750587e-01
4.622974469069315306e-01
4.609339455120862739e-01
4.610811669640701993e-01
4.614408104130431343e-01
4.607587964585024842e-01
4.618096303765648614e-01
4.612795538607903367e-01
4.616603372127275340e-01
4.611815350587419315e-01
4.612462930503646863e-01
4.625304784730763785e-01
4.612868814248584637e-01
4.603176111242891499e-01
4.614786520283603588e-01
4.617184986398610858e-01
4.618066290274228658e-01
4.627229523241259135e-01
4.611152545002534797e-01
4.618654508638341261e-01
4.618123340798855891e-01
4.628443010763970689e-01
4.622459916354099141e-01
4.614967523053337128e-01
4.614023342091023716e-01
4.606294124300946979e-01
4.609844286162150251e-01
4.612394524581659994e-01
4.623355449958297392e-01
4.610969644506606180e-01
4.613621889517356411e-01
4.610913395081626120e-01
4.616774629013488118e-01
4.611010609922155945e-01
4.621774122930998319e-01
4.621106634995824081e-01
4.614285997467782452e-01
4.616221260865686626e-01
4.611257672261231400e-01
4.617003414179009502e-01
4.620581649758415121e-01
4.606551656609251255e-01
4.611811309622197985e-01
4.615094003388177102e-01
4.621173295463087416e-01
4.612714295825104949e-01
4.610543827033216635e-01
4.612806613503518949e-01
4.618537220631662721e-01
4.617571987881908813e-01
4.618432581446345608e-01
4.616202128648755343e-01
4.610375732523046555e-01
4.619704102004335011e-01
4.610690954018458743e-01
4.611754217156578406e-01
4.608803424506081603e-01
4.613529328142688124e-01
4.604714646282473955e-01
4.622157363162138766e-01
4.614961295550891740e-01
4.613109449213659286e-01
4.623037334796821218e-01
4.602587189722835981e-01
4.619627918068700545e-01
4.614812782679792447e-01
4.613705085583893473e-01
4.601358527421877120e-01
4.609054900198685800e-01
4.607759695666844846e-01
4.615763415449799512e-01
4.619880742529565154e-01
4.605448481709736308e-01
4.614697631365207720e-01
4.618124539419815044e-01
4.607844557682375108e-01
4.623626696528735924e-01
4.617466359457776948e-01
4.608656277807907653e-01
4.604590578305058912e-01
4.617635473247150291e-01
4.620505780427420772e-01
4.611698349948284981e-01
4.611595486152870738e-01
4.618717498190485493e-01
4.599364297066267926e-01
4.606899426352644711e-01
4.615209422743519196e-01
4.615144356617281174e-01
4.612939395499747741e-01
4.622219412510084613e-01
4.619290324029729500e-01
4.628511163715430810e-01
4.597307052729568411e-01
4.618270881580405218e-01
4.629847013383348031e-01
4.610883934205343704e-01
4.615960399459280716e-01
4.616073323417406171e-01
4.618787739643194223e-01
