3.532287840673293267e-01
3.550724957663771719e-01
3.535312480711214622e-01
3.534948764146975120e-01
3.534474545250982924e-01
3.541621816981741500e-01
3.535997975952849259e-01
3.557401823206353120e-01
3.548707021743190415e-01
3.542191197822476267e-01
3.549304424946067571e-01
3.550486961827468146e-01
3.548529578204501211e-01
3.555107197390989793e-01
3.548937790063894648e-01
3.541059187980958312e-01
3.538952074361132460e-01
3.544694426532359888e-01
3.548157192559990847e-01
3.533767010600622482e-01
3.541234979551723949e-01
3.548116581842889472e-01
3.543756205505188550e-01
3.543825064068227282e-01
3.546652472084769192e-01
3.550359376318230065e-01
3.547647088910153568e-01
3.541155260252010217e-01
3.541216167395986325e-01
3.541046238039843308e-01
3.543852842114988411e-01
3.541427261883731137e-01
3.548753344507202812e-01
3.536443579374340951e-01
3.544914531152352222e-01
3.538827512619561744e-01
3.547740995869549385e-01
3.552295571784215844e-01
3.538369331489513714e-01
3.545234971081266950e-01
3.541820149667663786e-01
3.538386740116357121e-01
3.532989151024194530e-01
3.544866761042191339e-01
3.540328950617596671e-01
3.552819173186418933e-01
3.534589429221686729e-01
3.543582641317001847e-01
3.544206093044864336e-01
3.545675279869877072e-01
3.543658669305619902e-01
3.539575658857183615e-01
3.546682792203358359e-01
3.546009587608170976e-01
3.529716748057663001e-01
3.546436746645113547e-01
3.541559531953034079e-01
3.542145127453991127e-01
3.540869162987996255e-01
3.538006762147077877e-01
3.554297182995680426e-01
3.540566402838057347e-01
3.531929989664925329e-01
3.545601009057895991e-01
3.540321132944250770e-01
3.540192179994894328e-01
3.531387788610476086e-01
3.543981471863251742e-01
3.543078561833217233e-01
3.536080006392296471e-01
3.533380320103350347e-01
3.534350476116743800e-01
3.539226589511015875e-01
3.537947509599354001e-01
3.538396910051195832e-01
3.538835988574037250e-01
3.551011534206694464e-01
3.541822305935080628e-01
3.554132798161870888e-01
3.549313361141475109e-01
3.536613620834919702e-01
3.535222396833455627e-01
3.558529886901140027e-01
3.542720993602587187e-01
3.549084885917317411e-01
3.553457773625580129e-01
3.549534132809540332e-01
3.562255569433923630e-01
3.547194121886073637e-01
3.555571001983774959e-01
3.536922728239403346e-01
3.551088891560532090e-01
3.540840866529654241e-01
3.548866949867590104e-01
3.542608097445030246e-01
3.543225602453995982e-01
3.538077686097845787e-01
3.545861643508427807e-01
3.537099286487549454e-01
3.550775704225291873e-01
