6.627863950532471016e-01
6.639227119389817799e-01
6.642741169765715714e-01
6.633827412840109794e-01
6.637347847883710017e-01
6.639644914037345913e-01
6.633137183050459296e-01
6.631981089087870540e-01
6.651850239052564673e-01
6.633948137434044767e-01
6.625659060764068631e-01
6.639769042385259556e-01
6.625536957438351582e-01
6.639295633072538338e-01
6.639903763850107943e-01
6.638803677062050657e-01
6.645935157326989806e-01
6.629774709076687866e-01
6.636796896680356994e-01
6.638794749832421793e-01
6.644703857380109824e-01
6.638805028454077828e-01
6.633823436786930872e-01
6.641224075845166830e-01
6.639542337917249126e-01
6.640716597354773265e-01
6.638002346001665721e-01
6.632957503165075597e-01
6.625161070319862677e-01
6.628027933860490828e-01
6.634497860823674875e-01
6.633479962420378850e-01
6.635502298936271082e-01
6.622563330017019467e-01
6.633530570002689197e-01
6.637882484795751825e-01
6.628224076020352573e-01
6.626193010837975184e-01
6.637797462630982137e-01
6.626782487927815879e-01
6.635233571292274979e-01
6.639953688546931243e-01
6.638654131443531003e-01
6.635722009972921942e-01
6.629375607842078466e-01
6.637273626198961773e-01
6.653067612401869502e-01
6.640055625065431899e-01
6.624601634817552931e-01
6.625390269039717062e-01
6.633358005907005195e-01
6.633721642918098960e-01
6.638947860206478868e-01
6.622658620006069974e-01
6.637820403885519305e-01
6.641438098755523267e-01
6.640631487613457562e-01
6.635285389875071882e-01
6.625581758847642888e-01
6.629251782074935262e-01
6.640773103876967953e-01
6.630987533878179851e-01
6.642226363248004972e-01
6.648484855095254664e-01
6.643739411962437114e-01
6.626042964816450942e-01
6.643199077210891756e-01
6.630400970130823080e-01
6.636504219446218711e-01
6.642198022960089654e-01
6.630416503148632845e-01
6.638186300303208220e-01
6.637233305950733797e-01
6.630512775941241888e-01
6.636399668724453083e-01
6.641863818643192197e-01
6.636665281945010042e-01
6.634938496246438611e-01
6.622323044852574947e-01
6.629865123951311778e-01
6.638735448470809430e-01
6.640360803531889511e-01
6.640245011811922726e-01
6.629586965328654324e-01
6.637343789284749773e-01
6.628964883198731339e-01
6.635614110102667773e-01
6.625465379577530900e-01
6.644701261202994313e-01
6.636314165765055950e-01
6.627658717921049991e-01
6.632023828509210350e-01
6.635946053648242859e-01
6.635560022458603102e-01
6.628518161594887381e-01
6.640546122481523206e-01
6.635939239060379968e-01
6.640279838870533080e-01
6.635624391646932629e-01
6.638821758908171056e-01
