5.138536851994484067e-01
5.163550929138239765e-01
5.151455293817162051e-01
5.151223395597019916e-01
5.164364486044977776e-01
5.160378342889151426e-01
5.146148436694818473e-01
5.160900957595087046e-01
5.151575973523386809e-01
5.163296718847680822e-01
5.144800749769957715e-01
5.159104152843890789e-01
5.154778605136889347e-01
5.151372286432751579e-01
5.164305166316486284e-01
5.151511634726271271e-01
5.165319910363933564e-01
5.154971233898959504e-01
5.150199256718172025e-01
5.151435952985967681e-01
5.161595761012707229e-01
5.159029951438702799e-01
5.168756983664636317e-01
5.147418751142278648e-01
5.149706498727569803e-01
5.165441819253419053e-01
5.148911354354877012e-01
5.157822561298058828e-01
5.167670077102584081e-01
5.155708031228252164e-01
5.165077026905269264e-01
5.154128764584123834e-01
5.154315135400431291e-01
5.146868196430312015e-01
5.148335709748302902e-01
5.154105363042957855e-01
5.165339608956289741e-01
5.158945289440680648e-01
5.171640855448147445e-01
5.163569592045080814e-01
5.162553247777847965e-01
5.157481379023649559e-01
5.151060739494125462e-01
5.161633056864736169e-01
5.149976131011767544e-01
5.171645183113029454e-01
5.153939515666643434e-01
5.157146553659941457e-01
5.160519319364882396e-01
5.157363065634381627e-01
5.148482268598492118e-01
5.157419960304917561e-01
5.158306418403284521e-01
5.167335238853058010e-01
5.157969789344885037e-01
5.162166008644675230e-01
5.151368459206933093e-01
5.158755243071972973e-01
5.169346543566822882e-01
5.159921577391134440e-01
5.150453137679841253e-01
5.159438319570189835e-01
5.149146900077012923e-01
5.153703220103659222e-01
5.166356069424810071e-01
5.149366312159423531e-01
5.147986822000389928e-01
5.158826585991154179e-01
5.160308978089995779e-01
5.158140075210406739e-01
5.158042586671960361e-01
5.158318500745568969e-01
5.156479315169961719e-01
5.144639670647779273e-01
5.163652230892123995e-01
5.162168941128564281e-01
5.167914222993574835e-01
5.157332347569344444e-01
5.144075181857596935e-01
5.156541657245716781e-01
5.158303632534636529e-01
5.155470780052558988e-01
5.157605883387718082e-01
5.160700299702203342e-01
5.153737412512943150e-01
5.149470726420768418e-01
5.154037693699541345e-01
5.145129919927600159e-01
5.155172731920667495e-01
5.159380481818240938e-01
5.163552155952549905e-01
5.155024340676165329e-01
5.153446360199733789e-01
5.155822946333528112e-01
5.160847391610117185e-01
5.161207888169868641e-01
5.169180709603011792e-01
5.160425114172183525e-01
5.166082866591682476e-01
5.153456902892441516e-01
