1.002481444640953290e-01
9.998043399944241127e-02
9.982187945021686604e-02
1.012576883217096574e-01
1.008246517173988915e-01
1.008216591898983272e-01
9.960528449799727069e-02
1.012714808323523230e-01
1.007478569532059692e-01
1.006497567831117490e-01
1.002188426697231266e-01
1.004332036993458299e-01
1.015513507820384742e-01
1.005103183866074001e-01
1.005193060246321601e-01
9.963771524601522378e-02
1.019455074955198104e-01
1.016466776197284816e-01
1.006823947987755818e-01
9.993285820279640408e-02
1.017582451717664871e-01
1.002451141944781798e-01
9.921702512961000364e-02
1.008156887649761524e-01
1.014427617276986854e-01
1.019034686973818160e-01
1.021933576768388197e-01
1.002179996457167321e-01
1.011295934854585937e-01
1.010885211891071195e-01
1.003956116834432422e-01
1.007015516124992877e-01
1.013194367426350495e-01
1.010166159096443361e-01
9.992237570095195698e-02
1.000331828690020075e-01
1.010032419564269590e-01
1.012257123310963680e-01
1.014819636070092013e-01
1.006844312444281908e-01
1.006534842725677198e-01
1.014384165138969007e-01
1.005173005721528845e-01
1.008832472033708572e-01
1.005030313889996862e-01
1.013912266656311900e-01
1.004390182358976535e-01
1.011543477218543041e-01
9.976023441084594379e-02
1.004872806826306031e-01
1.004885500619533689e-01
1.004530832361826276e-01
1.002527506856216444e-01
1.007028523620557836e-01
1.004631806265604554e-01
1.002585113633679137e-01
1.008351164222066332e-01
9.952367139867104862e-02
1.008577060312828289e-01
1.008360483724985435e-01
1.011015745307358715e-01
1.011958829322930076e-01
1.010949970860256647e-01
1.016338602320521201e-01
1.005838651348246321e-01
1.002457161500047433e-01
1.015387830805077052e-01
9.985034840929807309e-02
1.003833459299880715e-01
1.001722480244128521e-01
1.005817489840881707e-01
1.008952087495865735e-01
1.017689280818054043e-01
1.010476669736553590e-01
1.018890857139173600e-01
1.005310541725588924e-01
1.012795678367940516e-01
1.016268061065046246e-01
1.001425197460410199e-01
9.951102325763029610e-02
9.975627701718260687e-02
9.980318131687471173e-02
1.015161939611266273e-01
1.011528222244512526e-01
1.018134978387093548e-01
1.010988677951558945e-01
1.015044276170102705e-01
9.994771165514129696e-02
1.004849894932982601e-01
1.011360897416820614e-01
1.003998067136863959e-01
1.017238668968697274e-01
1.005401397254343798e-01
1.014244535010914022e-01
1.006314482368973057e-01
1.007317888017504465e-01
1.011071220994355924e-01
1.002989444638718586e-01
9.977663199924924342e-02
1.005501595820176286e-01
