1.314934355117954312e-01
1.324544241221112806e-01
1.335780694967767246e-01
1.334692600284508035e-01
1.320596452669559606e-01
1.327176785423273830e-01
1.332244098155473955e-01
1.335068815926941377e-01
1.326417580400701679e-01
1.315297150118140967e-01
1.322354761366227038e-01
1.331254847199521973e-01
1.337890289566280588e-01
1.323914398831343986e-01
1.332882778292209802e-01
1.325516454571769032e-01
1.331521386629117842e-01
1.318714786736384093e-01
1.323636528270480950e-01
1.329080994523008652e-01
1.323502081258096097e-01
1.328512545588923510e-01
1.308008173858592749e-01
1.319362379258582074e-01
1.326799392970244296e-01
1.321994423858932066e-01
1.330827441035637992e-01
1.321194900143075612e-01
1.314977063888891351e-01
1.323250238387601030e-01
1.327343971924816457e-01
1.324777197321118927e-01
1.313100549686217200e-01
1.324579253103869703e-01
1.327788963666063915e-01
1.329667531772092404e-01
1.315744012412438657e-01
1.323194006794886080e-01
1.322282239464404596e-01
1.323999999057739185e-01
1.327238316883421199e-01
1.335484314490427982e-01
1.336911070379051547e-01
1.324123515077416102e-01
1.324770312078805412e-01
1.330300209111886234e-01
1.318253445287950743e-01
1.322491504579594856e-01
1.317550127914086655e-01
1.324137738243132412e-01
1.320289271323778491e-01
1.326583606839032425e-01
1.325846397432254020e-01
1.332349806990572871e-01
1.337102445950314467e-01
1.325288395234943684e-01
1.317017583702576045e-01
1.313741773730570661e-01
1.313627391013968415e-01
1.320791662874874484e-01
1.339908521221286619e-01
1.315752633112962644e-01
1.319728844437148552e-01
1.326037080666181422e-01
1.331558551415172320e-01
1.317304870257200722e-01
1.317621578770556134e-01
1.312459018284032330e-01
1.319727703997003176e-01
1.324297505713610823e-01
1.331161235558288025e-01
1.321572331306847814e-01
1.323436308450113563e-01
1.323301907497816954e-01
1.312016629687745017e-01
1.315232100262632708e-01
1.312612646473425293e-01
1.324636574922656296e-01
1.327310568254781997e-01
1.327701025839496674e-01
1.336698194061377576e-01
1.327610315435505672e-01
1.322217007472780981e-01
1.315529770927065523e-01
1.315714400840665432e-01
1.325394016542572884e-01
1.321784909797342200e-01
1.333362375555161572e-01
1.319798445746341864e-01
1.328258519800784021e-01
1.325678087445989473e-01
1.326290331794435506e-01
1.319374094241837492e-01
1.334089040171825002e-01
1.326232928925462906e-01
1.322171479279570516e-01
1.336592895472550613e-01
1.333224672927251775e-01
1.328763805828522826e-01
1.324771787293129999e-01
