9.096823266434239663e-01
9.111933232438349517e-01
9.098514550848076921e-01
9.117041142494668460e-01
9.111627892896521086e-01
9.113908788201725564e-01
9.118477541851184309e-01
9.112881704181882148e-01
9.115622265787435285e-01
9.106784112958514754e-01
9.118392758784960028e-01
9.099803944562587787e-01
9.112839123280885856e-01
9.095822555191905856e-01
9.109933400701946127e-01
9.110128464661246817e-01
9.110455489472042423e-01
9.092790461195566776e-01
9.113593876488768064e-01
9.113824900133110640e-01
9.105404264827618999e-01
9.109562621622516732e-01
9.100806297600831929e-01
9.106971299877033577e-01
9.113241363130817341e-01
9.110396519151464645e-01
9.113285151299952425e-01
9.122504679993075349e-01
9.115644814817451813e-01
9.122285033007948574e-01
9.127904410031320026e-01
9.114768039623134532e-01
9.134669547950877710e-01
9.135528515293747098e-01
9.125036810159469214e-01
9.132197296290139876e-01
9.127619518038483371e-01
9.125329463539220143e-01
9.121177220421012866e-01
9.121372997330026156e-01
9.127611850501697877e-01
9.123504553146661866e-01
9.141078551337291636e-01
9.123425601609296276e-01
9.120599234113478948e-01
9.126417412590249745e-01
9.126162477963561948e-01
9.128421994331618050e-01
9.129327022714657236e-01
9.136349723975014658e-01
9.115403684550682506e-01
9.124534899643511610e-01
9.129972167986883935e-01
9.127743645398521677e-01
9.129007991763912200e-01
9.136243583699288351e-01
9.131435642290869348e-01
9.134604925265732422e-01
9.133404858094387180e-01
9.133237708139214650e-01
9.137629781044999122e-01
9.128911117519615814e-01
9.119840752592844879e-01
9.128406911453169625e-01
9.146302957398099176e-01
9.125541718371774635e-01
9.134317625514289940e-01
9.129728157502268182e-01
9.140528731537767015e-01
9.125612283001457437e-01
9.119627646860017922e-01
9.134076780238280513e-01
9.140604032565611270e-01
9.140000460154336093e-01
9.124594151297591438e-01
9.132069307877336284e-01
9.135950710612321668e-01
9.133266389922588546e-01
9.135218675810748978e-01
9.128893679552541052e-01
9.122260803313739785e-01
9.132478570934760009e-01
9.123636044358633956e-01
9.116517270189670175e-01
9.126069476259272006e-01
9.135498737660502355e-01
9.132382088742936332e-01
9.121814690790847058e-01
9.123076356560475553e-01
9.116238603710256072e-01
9.128016735752491062e-01
9.119652262741811954e-01
9.124770786272059508e-01
9.134385061284500118e-01
9.130877869215743292e-01
9.124965852280174650e-01
9.142268293886038899e-01
9.132608609987229453e-01
9.130269852699417488e-01
9.137049532401084750e-01
