5.717717076682331534e-01
5.733812265987210388e-01
5.718322266441651092e-01
5.709610237951491252e-01
5.728077184099584773e-01
5.713432550566470702e-01
5.731317420054604650e-01
5.714222479713528813e-01
5.722110550107963878e-01
5.737914946211516432e-01
5.733389590329840413e-01
5.727739907699793687e-01
5.736965266425956278e-01
5.731394277825259120e-01
5.731310409738248346e-01
5.722698174154078332e-01
5.715647860555668203e-01
5.724823898833579783e-01
5.713525017626615021e-01
5.716187522517168773e-01
5.738544184277876159e-01
5.717717884037836207e-01
5.719368726965459171e-01
5.719876550353658606e-01
5.729902302379914492e-01
5.716906714649612198e-01
5.734686416015573052e-01
5.733758758263041155e-01
5.731336545868818133e-01
5.728728758673522492e-01
5.721846443182363462e-01
5.720224657654460199e-01
5.736723429388246309e-01
5.737620050522520554e-01
5.722427568096156714e-01
5.733566480504108664e-01
5.726951150740824392e-01
5.729324766845858008e-01
5.735186776873935077e-01
5.734260609235358741e-01
5.716258042981909870e-01
5.726174092932614368e-01
5.722491020888451629e-01
5.728902491238148098e-01
5.733512742710589194e-01
5.727385107582623203e-01
5.726225085469793807e-01
5.712581818108932730e-01
5.728475076200643112e-01
5.734599358641153666e-01
5.737390245571143410e-01
5.719885733425725816e-01
5.723694405596477797e-01
5.719744338708103726e-01
5.725788700757927785e-01
5.724902706698639099e-01
5.727621399043292261e-01
5.719928087452005316e-01
5.724532453703106150e-01
5.722368147837988417e-01
5.726110320546855537e-01
5.716467108343050718e-01
5.724057985548711702e-01
5.719907136607649267e-01
5.737120631270766768e-01
5.715821457013241513e-01
5.724053592306319604e-01
5.731661515193399170e-01
5.722815235171676562e-01
5.719717738848622002e-01
5.729610739509848338e-01
5.713845249551424699e-01
5.725070367608047217e-01
5.719117151373922514e-01
5.720229233160365467e-01
5.731565666112514723e-01
5.716261317125500563e-01
5.718461555142058117e-01
5.725488348616721845e-01
5.725763677177837518e-01
5.728428658571498300e-01
5.731044004472131137e-01
5.719599256207079652e-01
5.737938719904615015e-01
5.732246867804586810e-01
5.732033661517509371e-01
5.720483834294489700e-01
5.721216080596687181e-01
5.733998063374168286e-01
5.713542852633155533e-01
5.727188627055888048e-01
5.722500189737783627e-01
5.735807693662693385e-01
5.714274113542103795e-01
5.715686241009250157e-01
5.709257774219678172e-01
5.728987369802635010e-01
5.740328653929822611e-01
5.721018019797277088e-01
5.718945680607346871e-01
