7.768425811642596379e-01
7.767103507383321670e-01
7.771731299542758986e-01
7.769941333188573607e-01
7.771885370738794707e-01
7.777125026047018164e-01
7.772640943070050490e-01
7.775268256029108649e-01
7.778739647732320073e-01
7.774644231970732067e-01
7.773495744770939631e-01
7.760505162758852826e-01
7.771236409933972578e-01
7.772961147466387333e-01
7.772769174480791410e-01
7.783895940634303345e-01
7.773873446109732521e-01
7.764173635324221889e-01
7.771510213538019851e-01
7.761918251688861847e-01
7.776016414021063028e-01
7.779125345020256876e-01
7.767536204499281283e-01
7.777592698265977100e-01
7.775891306157318716e-01
7.771319533068687946e-01
7.785940542952061172e-01
7.762171861489144398e-01
7.770377248046893559e-01
7.778588154068427629e-01
7.776386630954920109e-01
7.775646584717226251e-01
7.780428614164567325e-01
7.771665584256499670e-01
7.782130522728574196e-01
7.768972150448258951e-01
7.774280035601826011e-01
7.775660715267234124e-01
7.773834677641399127e-01
7.776125142400278634e-01
7.768712851780184003e-01
7.772323097907126721e-01
7.774912992655382826e-01
7.779144681745489009e-01
7.786817731478037352e-01
7.768263664901915444e-01
7.770395270015790778e-01
7.779154346139575127e-01
7.774555369525261161e-01
7.779021045323031291e-01
7.772972274143847837e-01
7.769980248374361853e-01
7.781409663826404088e-01
7.774620034861363660e-01
7.784566184305907743e-01
7.770970722231240746e-01
7.776028566983628210e-01
7.786185614915817066e-01
7.776876029141952529e-01
7.766589636214348280e-01
7.771493142953033173e-01
7.777097105082579898e-01
7.773308408250478863e-01
7.768716484769030428e-01
7.763712184069015976e-01
7.779273288583707924e-01
7.775403999089517404e-01
7.777177284772884835e-01
7.774041295769397175e-01
7.788992056017089993e-01
7.766348482586180602e-01
7.770789235119530680e-01
7.778209003564090507e-01
7.769259877775389622e-01
7.782684682484095617e-01
7.772222322969585262e-01
7.776541970156329864e-01
7.771404528891893149e-01
7.775057066479007517e-01
7.775589189606947338e-01
7.769813217303502828e-01
7.771879491359384717e-01
7.776896955800294275e-01
7.767125671065369108e-01
7.771444453089477733e-01
7.787090046051582393e-01
7.778486482654352052e-01
7.775397859562640512e-01
7.782667185147006395e-01
7.771177258873300797e-01
7.759676296261536210e-01
7.792941052486160869e-01
7.769116039878991575e-01
7.785486078654437758e-01
7.766866043956146548e-01
7.767770631775170465e-01
7.789094542775683028e-01
7.779768826731374709e-01
7.773180768702981913e-01
7.773021339213838088e-01
