9.559449301456455217e-01
9.572300093437833279e-01
9.567925354763968659e-01
9.573040757583277660e-01
9.568276223730141083e-01
9.580327323578006204e-01
9.571145739904295402e-01
9.580387325639353469e-01
9.577302182783684614e-01
9.570331254743131844e-01
9.574820397312742148e-01
9.581394308287802808e-01
9.569509990474786010e-01
9.579124036885844351e-01
9.575486264946300174e-01
9.567865213792710044e-01
9.568005496877391991e-01
9.582216947646695626e-01
9.572553302657194063e-01
9.569265259702450788e-01
9.576976681685407389e-01
9.570958951819231730e-01
9.573902511736109844e-01
9.574344140138428827e-01
9.568290435924691195e-01
9.577097810591668203e-01
9.571290389716532454e-01
9.574442823284483595e-01
9.562186494720419372e-01
9.569097743137433554e-01
9.584890730490485122e-01
9.580940811785515487e-01
9.575176890878454028e-01
9.571960054754365954e-01
9.579216031518367203e-01
9.559371337825144366e-01
9.578596496625808587e-01
9.583682315346826464e-01
9.577729333985463001e-01
9.571908149912420338e-01
9.575796728329268870e-01
9.566058572934953430e-01
9.565583425661464689e-01
9.570891162304380195e-01
9.570895075687935183e-01
9.570703496429543433e-01
9.563180094598711101e-01
9.565433687678774888e-01
9.565531140184542203e-01
9.574872732424802857e-01
9.570785415029616772e-01
9.575362086535791351e-01
9.573087435902216669e-01
9.574004034865707391e-01
9.575746998488386952e-01
9.573830821725346496e-01
9.567245590322792648e-01
9.572839141522009321e-01
9.572658372328117782e-01
9.569686267657824263e-01
9.574011545222648190e-01
9.574659912983717325e-01
9.560306221792000958e-01
9.578629986906157523e-01
9.566655047390892896e-01
9.563735071865069326e-01
9.574543900114106387e-01
9.569668258601171651e-01
9.571681792801511879e-01
9.572695042776697694e-01
9.567466113546816420e-01
9.577626780831602904e-01
9.564705668970899799e-01
9.566020161766775054e-01
9.583880791352558104e-01
9.571388443995121342e-01
9.574763532640413466e-01
9.578123224218850762e-01
9.564318405835048331e-01
9.574957651747758591e-01
9.583004675212055679e-01
9.575017623742663186e-01
9.573478803045774033e-01
9.577341815294401206e-01
9.575384767155535881e-01
9.576088275042142772e-01
9.564549986140215010e-01
9.569611594636728835e-01
9.570560238671701470e-01
9.573398879322518873e-01
9.565201020890016226e-01
9.572295164339221785e-01
9.564893139378682907e-01
9.570272237702269758e-01
9.575446579705140238e-01
9.567214655073056351e-01
9.573890766557344723e-01
9.584858241975446891e-01
9.569998782059336850e-01
9.572593149904954357e-01
