8.872436173949458382e-01
8.863230276652630524e-01
8.873122999466372951e-01
8.874056417466886781e-01
8.869661025831431234e-01
8.865872286877125585e-01
8.873674289069738430e-01
8.869569197171629504e-01
8.881306324541670127e-01
8.873563765077085996e-01
8.866879687748869809e-01
8.873870189627532934e-01
8.878425568074247431e-01
8.880608972635730680e-01
8.865315760046923454e-01
8.874665541171924410e-01
8.871730738981078446e-01
8.871911902214586476e-01
8.871455528007760050e-01
8.866959081703633672e-01
8.865041464924126036e-01
8.873644115397035792e-01
8.865882909044530136e-01
8.866285266352579297e-01
8.873103554672694404e-01
8.866803483772808248e-01
8.876844692580987406e-01
8.866158898910641017e-01
8.863634300169618285e-01
8.869313726139290699e-01
8.883558368967947594e-01
8.870661530070330647e-01
8.867092145736364950e-01
8.884303351950606498e-01
8.872763763791396974e-01
8.865284921655441908e-01
8.853623341312981676e-01
8.861255516725103920e-01
8.868035661115792889e-01
8.871236624469529541e-01
8.870832263394416994e-01
8.860230329150258211e-01
8.873997193599186817e-01
8.870950087339413148e-01
8.861495565953170228e-01
8.868100603132595960e-01
8.862815326987945053e-01
8.865309025957586186e-01
8.862219710448997478e-01
8.871233902350748046e-01
8.863374058677557787e-01
8.862714978509564911e-01
8.865364957953500991e-01
8.863321128632544177e-01
8.874418131428218892e-01
8.881380813672685726e-01
8.876001465747497265e-01
8.875921715618378949e-01
8.859815030634246025e-01
8.889828137604449676e-01
8.868871841699814684e-01
8.870013306377325657e-01
8.871622525050710806e-01
8.875276322147809260e-01
8.878764424778169406e-01
8.879580761500140973e-01
8.864912196238625697e-01
8.870755725489291033e-01
8.858397431809587053e-01
8.867101078017906035e-01
8.865553337715177395e-01
8.867862995415225491e-01
8.875238464482730905e-01
8.868579146630113375e-01
8.877894484973951617e-01
8.875288240335630352e-01
8.868425481365167506e-01
8.871302649944899921e-01
8.878192371820168294e-01
8.877560371061168354e-01
8.878809871107307128e-01
8.870440147544748077e-01
8.861004619876422517e-01
8.870726873751939578e-01
8.862406455095038771e-01
8.863484320434125152e-01
8.857166258350817056e-01
8.864994173908531394e-01
8.865354339725106669e-01
8.857863590308732160e-01
8.858338600796304974e-01
8.874366029177780391e-01
8.875517442391147593e-01
8.877322499012068047e-01
8.871687656518072451e-01
8.862806871293525957e-01
8.872847346151486736e-01
8.865939698174265526e-01
8.868128993245733005e-01
8.873636753883178407e-01
