7.407271257213622340e-01
7.412967216722770036e-01
7.408400690560301705e-01
7.407964079090292309e-01
7.413858925987687476e-01
7.413862452506847500e-01
7.417528731334062098e-01
7.417882271028015673e-01
7.415684210076483041e-01
7.420322219850359335e-01
7.434086055656781156e-01
7.407420988739428225e-01
7.422155374057979316e-01
7.422522570734092495e-01
7.409775116940184869e-01
7.404302725091314041e-01
7.420009038761486986e-01
7.418184803874788846e-01
7.420033803580148302e-01
7.423901279186237989e-01
7.418066464483004108e-01
7.411815151770714261e-01
7.411421883964737223e-01
7.409268679006513203e-01
7.425097428995119930e-01
7.415348066593285825e-01
7.421917464010833188e-01
7.414445618875290522e-01
7.419692505629182921e-01
7.425946767371859325e-01
7.420827714232951511e-01
7.408284245044434169e-01
7.408083739380206811e-01
7.424902419868729675e-01
7.411976657042157468e-01
7.422675572646736386e-01
7.403382623261993700e-01
7.423569595681827060e-01
7.411705505085660617e-01
7.414013934622407653e-01
7.418212588007586650e-01
7.418950194837079515e-01
7.416176276424391034e-01
7.420340517736179198e-01
7.425594191727418192e-01
7.409787507552596519e-01
7.415418772335217179e-01
7.414138418407684172e-01
7.422274651156961500e-01
7.404059771468380902e-01
7.415463411019147522e-01
7.410537196902315937e-01
7.406540338420898317e-01
7.412177632666310245e-01
7.410636519852791260e-01
7.412563579783819634e-01
7.418742501984639803e-01
7.408924986791016742e-01
7.413169863722823827e-01
7.416193254937952783e-01
7.410327211672785852e-01
7.415487525075639130e-01
7.420720156641283927e-01
7.419571665524394843e-01
7.412197844664534241e-01
7.404988727467836096e-01
7.405028206361078391e-01
7.410749059260606231e-01
7.407627711753126398e-01
7.403369437053304303e-01
7.421960847104526193e-01
7.414757256584953993e-01
7.417745861612006220e-01
7.423112033895686857e-01
7.420237809631007320e-01
7.416870428517450264e-01
7.426672829237994655e-01
7.417004762580265975e-01
7.420202221905822793e-01
7.415506125342072874e-01
7.419668870974516217e-01
7.424017680316544743e-01
7.420321131338176723e-01
7.411897053343474706e-01
7.414357878565196458e-01
7.422180174489644289e-01
7.408597567096435466e-01
7.410684625340500098e-01
7.419386226811142127e-01
7.408586704659944067e-01
7.412688324807712448e-01
7.408714473411684986e-01
7.425176769522605635e-01
7.415040232725510494e-01
7.413499306591407878e-01
7.413904183105846091e-01
7.423005552503030291e-01
7.419804167164550934e-01
7.407090430110685464e-01
7.417834911794558561e-01
