5.813657609295339590e-01
5.811116845471332448e-01
5.825455936703545223e-01
5.816406267279001785e-01
5.824866965393451501e-01
5.820622114056235308e-01
5.826671069653533985e-01
5.822055518421811460e-01
5.826626926510469762e-01
5.824269231056082852e-01
5.825076996853245648e-01
5.832590566742907878e-01
5.826668589169297086e-01
5.811527842891949236e-01
5.825531199588932507e-01
5.823583555900728737e-01
5.824504629538094225e-01
5.838136923384921184e-01
5.841744553293646280e-01
5.824301310220019179e-01
5.821527062373095252e-01
5.827421578636888810e-01
5.821561554824384865e-01
5.828437050836132727e-01
5.813828357873036534e-01
5.827001628966277380e-01
5.820552968420090734e-01
5.824964412260129620e-01
5.828437245421170809e-01
5.835042984718377124e-01
5.811201301525326102e-01
5.818876507223220695e-01
5.827584677646548972e-01
5.821047619717045762e-01
5.821282795222355588e-01
5.825904508014636551e-01
5.836035197644355854e-01
5.826899450154151561e-01
5.821869380951772976e-01
5.815958068923458013e-01
5.817810159934453385e-01
5.822029379928295167e-01
5.821396422459499398e-01
5.835841486264965461e-01
5.823484998903319942e-01
5.836398082531206732e-01
5.830528831981187654e-01
5.818651833336246915e-01
5.821703764683421323e-01
5.826525015388266393e-01
5.833336630312606630e-01
5.823144030841447272e-01
5.827027878626735991e-01
5.819123831492607479e-01
5.813235272587722324e-01
5.823936649946901412e-01
5.822663149092628387e-01
5.823588028507227232e-01
5.820875554926937534e-01
5.828724637521746077e-01
5.829695785524573459e-01
5.822687999261606517e-01
5.823695619793864964e-01
5.832240356631319678e-01
5.818768481197662545e-01
5.817361467553661125e-01
5.824064412041012329e-01
5.829952357632814941e-01
5.825456151406434024e-01
5.822466829425668733e-01
5.825705642822601726e-01
5.820169244231238048e-01
5.826355934282629878e-01
5.818656230964416309e-01
5.818338478962892246e-01
5.816494802862171021e-01
5.826055412687038970e-01
5.823561833661814457e-01
5.821568300556920761e-01
5.824485645267649669e-01
5.828848225477363254e-01
5.823680827604026389e-01
5.831483797036787209e-01
5.824694796565625943e-01
5.822207648787588452e-01
5.821353009688006175e-01
5.822420708694898694e-01
5.827470867002788601e-01
5.817091478080735900e-01
5.822035711296404958e-01
5.815418875993592085e-01
5.823531318653405453e-01
5.834409525195606294e-01
5.831789030422661613e-01
5.829266032620650240e-01
5.829058663449813160e-01
5.831010637161665455e-01
5.827399772871224570e-01
5.823954994541182817e-01
5.823865748167214029e-01
