7.178482017617489053e-01
7.185248504125328894e-01
7.183805129151907831e-01
7.183170997880043984e-01
7.185773154247478978e-01
7.184418570704751428e-01
7.182714312696392156e-01
7.171214646009383964e-01
7.188725921197967050e-01
7.174131571023192322e-01
7.183570025538328352e-01
7.177961734135641647e-01
7.183049725253995987e-01
7.189850879199768396e-01
7.191040037645348715e-01
7.179667390062611787e-01
7.188564437605333701e-01
7.178257049278444768e-01
7.176908309246472495e-01
7.191879223078514460e-01
7.186493922873422591e-01
7.183932632564264953e-01
7.176751406486781004e-01
7.186753215343538725e-01
7.184309285657815014e-01
7.183973531314533645e-01
7.165910980548788611e-01
7.191515319032109055e-01
7.179087070948589888e-01
7.189034606159423468e-01
7.184209682942501729e-01
7.185785834850659803e-01
7.184160857425221369e-01
7.185405851318255044e-01
7.186795700703030310e-01
7.190862476689856564e-01
7.188884816623470897e-01
7.178475152572911799e-01
7.189450782246042948e-01
7.191555228121492283e-01
7.177110447804357918e-01
7.194270012766885714e-01
7.180129179075391832e-01
7.179184844029278256e-01
7.193634906496857440e-01
7.191003444594905591e-01
7.194524502306370861e-01
7.192468423459410509e-01
7.179139216434389237e-01
7.187864225100406568e-01
7.179912525606606533e-01
7.170796279560907038e-01
7.183849784837852415e-01
7.189117488553704582e-01
7.182899622579899113e-01
7.183036554274040419e-01
7.188041245670362400e-01
7.176704017118101797e-01
7.184264679468033155e-01
7.188714954640892385e-01
7.195884902546298978e-01
7.184271615274159251e-01
7.184887312517000968e-01
7.176329075742649000e-01
7.197710853899588201e-01
7.186424954199084336e-01
7.188474384764764746e-01
7.184661739181534834e-01
7.181050218574539512e-01
7.190635714801119072e-01
7.172401453848827879e-01
7.187475645241139244e-01
7.173765503841919022e-01
7.190753954412887339e-01
7.184050051393751080e-01
7.190393333801443632e-01
7.172653027892379463e-01
7.173984603756482503e-01
7.185394505528575060e-01
7.180099190470583537e-01
7.195562020765766675e-01
7.181702154942131155e-01
7.186715359423526683e-01
7.181444754556463028e-01
7.194256895850725808e-01
7.196271315397704260e-01
7.177350037697397545e-01
7.190855200161998528e-01
7.181301708959426655e-01
7.178442671678789688e-01
7.188904654551551143e-01
7.194488548819986118e-01
7.177948202054760252e-01
7.179057330536352532e-01
7.173764608348204286e-01
7.181647753249619237e-01
7.191072868305008470e-01
7.187476067874080110e-01
7.189423546306794588e-01
7.183401233360378058e-01
