9.657602329527840979e-02
9.899729796264795934e-02
9.871841992866184357e-02
9.889969558934810778e-02
9.926768924763915147e-02
9.933294981657266043e-02
9.934949156757423572e-02
9.888923891853476644e-02
9.897111467471034207e-02
9.939402831326143994e-02
9.800826285986680153e-02
9.768987293150384332e-02
9.868421777487339230e-02
9.956237424671172953e-02
9.810032543955551909e-02
9.979976423232217453e-02
9.865715037003681964e-02
9.879831229046359686e-02
9.859377457663280608e-02
9.955777141351966619e-02
9.869745317385292260e-02
9.863958844141057503e-02
9.923156922021278414e-02
9.839771548773064425e-02
1.003105086492932230e-01
9.957457417809577327e-02
9.824501284600811735e-02
9.942568888120670301e-02
9.987782297650696361e-02
9.773046776874472208e-02
9.846243982345156964e-02
9.852144364270101762e-02
9.836941160931571282e-02
9.982035265278327296e-02
9.934405776825078194e-02
9.889222690422547202e-02
9.879902932392636838e-02
9.911328056944861131e-02
9.868688903925079692e-02
9.847052320331893538e-02
9.831343489093673227e-02
9.945759453222419166e-02
9.866603071153065563e-02
1.000338778256455868e-01
9.851202058721997279e-02
9.891940287844275259e-02
9.877571244168624476e-02
9.846741428953645348e-02
1.000163686815498110e-01
1.003698667269574962e-01
9.890259309163218493e-02
9.887434428355143523e-02
9.901693301289121729e-02
9.861578091411254965e-02
1.001189319627373286e-01
9.852415893495135302e-02
9.895621037035537415e-02
9.891062940000568127e-02
9.827248268469268577e-02
9.928585531828797162e-02
9.836538918924921104e-02
9.822293894190123331e-02
9.844968131531314781e-02
9.847674474037285131e-02
9.770462477917843391e-02
9.873276259548460776e-02
9.829064884699903470e-02
9.861989344873153818e-02
9.926409027785909611e-02
9.917184386989341682e-02
9.999592065777698768e-02
9.895690832209125265e-02
9.758315755714341844e-02
9.860060042643103984e-02
9.819497055116796491e-02
9.833362132980211223e-02
9.841460920835827519e-02
9.985571683265470622e-02
9.816168246135292819e-02
9.886386696357554738e-02
9.896212672357816709e-02
1.000509119918185641e-01
9.960528409943089634e-02
9.846818794056672042e-02
9.968032671584654836e-02
9.800656407157884442e-02
9.839727259702112094e-02
9.901580592224243360e-02
9.847479263361913482e-02
9.852396086313325307e-02
9.853986778328804874e-02
9.936794730018154442e-02
9.858136779658625837e-02
9.821918735100007569e-02
9.782217410518440071e-02
9.889006084926456330e-02
9.890262955659973043e-02
9.871359864776163562e-02
9.857092823246807467e-02
9.911948595025951714e-02
