5.439167069724464704e-02
5.472197477846396652e-02
5.575313275506819932e-02
5.636963060069334619e-02
5.656369513426228596e-02
5.555313235094876123e-02
5.543387723849142745e-02
5.705346318680133005e-02
5.501387995097441891e-02
5.633897637103350842e-02
5.675401517279417274e-02
5.628436151511784918e-02
5.662430714750250199e-02
5.550581892965084085e-02
5.592498228089315404e-02
5.648304033922230821e-02
5.606840101705159313e-02
5.531184737386449918e-02
5.569370639540194984e-02
5.635383402052158291e-02
5.569539026677107485e-02
5.512421312717059874e-02
5.651975255269175297e-02
5.646854068399331794e-02
5.605218654204939532e-02
5.601790352572451337e-02
5.461485440161664706e-02
5.614425625711386147e-02
5.509658673726429423e-02
5.590930390149576046e-02
5.561643847042135880e-02
5.551478446531982885e-02
5.547084292985782900e-02
5.629045107170761730e-02
5.549679056289703871e-02
5.598619947438575328e-02
5.610670591645855465e-02
5.573964135386758750e-02
5.585025192061082722e-02
5.655965680206965357e-02
5.545333426663207055e-02
5.627723866002397324e-02
5.642955767819543555e-02
5.660040536867449318e-02
5.600614995806763030e-02
5.564553095444436243e-02
5.496475280044507694e-02
5.509552131225847749e-02
5.688750936033079575e-02
5.517034915525864669e-02
5.532583438483835298e-02
5.534901096402143617e-02
5.520228797458127251e-02
5.624421354990621902e-02
5.684905829448896886e-02
5.532890714275364580e-02
5.516770885153744752e-02
5.481920567399974076e-02
5.550130345924303432e-02
5.526661129685345175e-02
5.625461414005741845e-02
5.646001824146317655e-02
5.482028749372130916e-02
5.572536898985142040e-02
5.509250939284923709e-02
5.556635783833079045e-02
5.660179006871549068e-02
5.561588771224914435e-02
5.565094744836364404e-02
5.626669992974819845e-02
5.621164792501148755e-02
5.535081704780445144e-02
5.590137171910568303e-02
5.571015803880999262e-02
5.529059649712056435e-02
5.620264319378112661e-02
5.600068741616731627e-02
5.524997467133338502e-02
5.624058989684423138e-02
5.574989421114547039e-02
5.493002836860567950e-02
5.571751026869916495e-02
5.525689750910051795e-02
5.589112189489281457e-02
5.724420090713613907e-02
5.547751677556653216e-02
5.559770212952099000e-02
5.641147525342006530e-02
5.623705901335461499e-02
5.637131589764961953e-02
5.581599539990361736e-02
5.488586329139227837e-02
5.507048883743705103e-02
5.559253843490481739e-02
5.577362184154238678e-02
5.575360316472253996e-02
5.640341718722557962e-02
5.555442476094436810e-02
5.726531124127130779e-02
5.631490270394283459e-02
