9.249717456666137205e-02
9.320082782980845804e-02
9.311372302839653059e-02
9.374602914641647078e-02
9.474635377392805202e-02
9.399989304608805107e-02
9.356490905263083191e-02
9.364077704175788330e-02
9.433391919613523524e-02
9.424143103640467145e-02
9.422985045640194790e-02
9.395241087954239734e-02
9.445158526175992386e-02
9.321086704191913763e-02
9.399089712857444656e-02
9.451996595756774477e-02
9.356020219700333929e-02
9.362552967074577737e-02
9.405461892905393750e-02
9.377522671030630308e-02
9.509162349147047555e-02
9.484526735201886938e-02
9.477235876198154829e-02
9.430352489245408254e-02
9.349394262510202225e-02
9.469033992010368606e-02
9.440560304901669808e-02
9.191638489163940495e-02
9.403987357866207264e-02
9.520671991621423857e-02
9.388473991771452420e-02
9.400520266807181613e-02
9.388809751695151307e-02
9.379029299806547482e-02
9.333150819148923472e-02
9.361275022111202604e-02
9.424130211283951453e-02
9.418184386625759463e-02
9.366009710881553763e-02
9.325910259345293607e-02
9.360396274481812273e-02
9.359016205421358259e-02
9.331218160185333899e-02
9.467899130831486376e-02
9.394025852363693807e-02
9.436673556296105991e-02
9.365280300174749772e-02
9.419230341544135299e-02
9.390775351237540258e-02
9.443317066135636928e-02
9.448809003832558950e-02
9.355216193091626942e-02
9.349619097191416706e-02
9.454150618675709328e-02
9.415860197692146882e-02
9.415466172593164873e-02
9.333963493158049796e-02
9.524785013320968829e-02
9.550015781541210114e-02
9.450085723134588056e-02
9.500259021832234418e-02
9.431520622352002059e-02
9.470325968058743160e-02
9.585421346373876328e-02
9.415031429869809287e-02
9.370233297330625433e-02
9.382987720883782801e-02
9.459614544566914696e-02
9.371672274352527143e-02
9.347633357766514661e-02
9.411146738129663736e-02
9.433968066528079788e-02
9.246757255698616340e-02
9.331678296443821075e-02
9.346449491948674582e-02
9.309282881695310485e-02
9.466324184361979421e-02
9.373479148282637397e-02
9.324247400768100047e-02
9.453779149400427795e-02
9.453773569125557830e-02
9.406942487078258364e-02
9.428876689012900825e-02
9.386707079488278149e-02
9.414474672200486005e-02
9.351396574524786787e-02
9.353088340819154523e-02
9.400699395610007114e-02
9.322916985646205468e-02
9.406340324367215566e-02
9.296095442133783804e-02
9.399951687977561865e-02
9.502640576378978965e-02
9.410635697258892818e-02
9.376835255156971971e-02
9.431660664784408121e-02
9.389227103864676571e-02
9.372577383313712707e-02
9.369788938138440271e-02
9.377244120699249064e-02
