8.645252656163042726e-01
8.648425915033333133e-01
8.658402368320987641e-01
8.660098547956572856e-01
8.669237764178915340e-01
8.654668703441208422e-01
8.664325530196088643e-01
8.655541665037320698e-01
8.653381619472821917e-01
8.659489103836331969e-01
8.661457777174096373e-01
8.650019549749602410e-01
8.658625983469262488e-01
8.648602335898469828e-01
8.656152204036154929e-01
8.654698641827518468e-01
8.652721567625529797e-01
8.654323152898917293e-01
8.649926426320853068e-01
8.660531508386083432e-01
8.650224156618375737e-01
8.651636089687756437e-01
8.663875529345032023e-01
8.657625152804642177e-01
8.655115251695932876e-01
8.669592906228996698e-01
8.657376671815396607e-01
8.661647467385369392e-01
8.661711349270950766e-01
8.656500144297911703e-01
8.655248426117037042e-01
8.654849893918474812e-01
8.665185117053668673e-01
8.656295070467762143e-01
8.653166632047077922e-01
8.659424818659926526e-01
8.653255256854871513e-01
8.651215160352714317e-01
8.654062335134385942e-01
8.656164413933056245e-01
8.651760032959403546e-01
8.642908508639750575e-01
8.666787577341463766e-01
8.663433079814135684e-01
8.646176546436653565e-01
8.657375426711697575e-01
8.658924426859664347e-01
8.663331347289718876e-01
8.655511519502135931e-01
8.648976355897504131e-01
8.665949978892171224e-01
8.662555517532396498e-01
8.670795728007431036e-01
8.666690609391870526e-01
8.659402504542235146e-01
8.666906606389946921e-01
8.660776639957270540e-01
8.649593603201441994e-01
8.666395334439334075e-01
8.658246687158984711e-01
8.661562313934527690e-01
8.655596535290535076e-01
8.651685835382650902e-01
8.663096383258660493e-01
8.647042080307949519e-01
8.657888642970325010e-01
8.659284236341422414e-01
8.668920327713254270e-01
8.656206003014124128e-01
8.655816505321456411e-01
8.658942882497202564e-01
8.659550371803699242e-01
8.657757694874359533e-01
8.663548093007021889e-01
8.657483077863837861e-01
8.654556385191389811e-01
8.641345161325821866e-01
8.659479751335735775e-01
8.655309202154648496e-01
8.646741543636422556e-01
8.661686992282482400e-01
8.647323812530631759e-01
8.660764482845709766e-01
8.649436826201837292e-01
8.655048347758653726e-01
8.657281010950124145e-01
8.662030914875804566e-01
8.659421550447647942e-01
8.651475154133499990e-01
8.651390286576616795e-01
8.649548281355814439e-01
8.658777769844525629e-01
8.649705718084564898e-01
8.656680011513087081e-01
8.659909081865034830e-01
8.651569956022787666e-01
8.648830295093661302e-01
8.646085268814128755e-01
8.657428037879096872e-01
8.660740860481301873e-01
