3.160628173891353865e-01
3.155714236730985944e-01
3.172384795835477278e-01
3.165480032455095238e-01
3.166693394945694351e-01
3.161521897672059378e-01
3.159794601784164936e-01
3.163948736518299998e-01
3.160749172036658727e-01
3.149282010170733614e-01
3.172618821824713664e-01
3.160029795333458846e-01
3.163198843592970322e-01
3.171370137250237864e-01
3.172692932744786143e-01
3.160142138185887406e-01
3.159816197607556720e-01
3.161206691962520354e-01
3.163079598015968164e-01
3.156828116414701069e-01
3.157601772968504084e-01
3.157404606096679833e-01
3.176006086568461395e-01
3.159385572890330840e-01
3.163915300116262319e-01
3.151217782193944106e-01
3.158827100264612886e-01
3.160093792666374135e-01
3.171973821212467071e-01
3.162823337054722073e-01
3.159020726572549509e-01
3.152738051868066993e-01
3.162689500921364028e-01
3.158838704771936290e-01
3.165915849160834683e-01
3.156534840776993311e-01
3.157310000765685687e-01
3.149814722944719869e-01
3.156125554202406924e-01
3.161924244042687016e-01
3.163400090177434509e-01
3.158538135642665057e-01
3.156762231933228913e-01
3.155353428333283472e-01
3.161357340374382208e-01
3.166095249249732957e-01
3.159663002784338648e-01
3.160589776575438714e-01
3.157440260287205924e-01
3.164071799015136799e-01
3.157212083923942592e-01
3.167679856075484301e-01
3.171662663573465712e-01
3.167039262758331031e-01
3.155604076773714239e-01
3.168897647871956047e-01
3.165277475872285695e-01
3.172776476930282974e-01
3.152796219804229194e-01
3.166319944075355886e-01
3.164606512938559213e-01
3.165287029099421723e-01
3.161572744339453123e-01
3.159105031805788943e-01
3.169004675789462988e-01
3.163489990847912492e-01
3.154122150420248794e-01
3.162460130226353860e-01
3.163581511149041181e-01
3.162630597666382104e-01
3.176808534068013001e-01
3.165923972753398319e-01
3.175699743271610531e-01
3.167856482382599426e-01
3.159572432116396490e-01
3.165138233542352797e-01
3.171761660257766957e-01
3.153641174686889759e-01
3.159939817951084029e-01
3.150740913992929881e-01
3.158417440219530303e-01
3.163918115038865109e-01
3.151707097730691021e-01
3.164376655741352184e-01
3.162544535726576900e-01
3.164616277819501944e-01
3.156037709917028922e-01
3.160222045178548433e-01
3.174757241044660061e-01
3.167058011293987230e-01
3.168798548310907681e-01
3.170083143444233920e-01
3.160091414467647297e-01
3.157935978251551479e-01
3.168438249190930756e-01
3.172964494859349394e-01
3.165586022267862787e-01
3.165072144190818060e-01
3.160088647136327089e-01
3.164415460714726791e-01
