1.264988352695457785e-01
1.289773110364395292e-01
1.286145423338464766e-01
1.286873576917836881e-01
1.293203994513293376e-01
1.284434983697417265e-01
1.292367526342018402e-01
1.286954897238146989e-01
1.286758933782606029e-01
1.285066846827575271e-01
1.297900657773940480e-01
1.293031157754103433e-01
1.277972353793942473e-01
1.286034154930111306e-01
1.283450539390386669e-01
1.291197735883970465e-01
1.280714147656650814e-01
1.283051334651890141e-01
1.285799179418536109e-01
1.286846689776084962e-01
1.281758036327672323e-01
1.281476729336443743e-01
1.286283216139433028e-01
1.285798302500968382e-01
1.292970691319094145e-01
1.288777576490866550e-01
1.288481088960792831e-01
1.289240337157550043e-01
1.279860811966876399e-01
1.295653907247084624e-01
1.280587477205780422e-01
1.280235169300041331e-01
1.281062257090287426e-01
1.285422783862503193e-01
1.281973792493122100e-01
1.289205868499794794e-01
1.289984983983163414e-01
1.273574920887910467e-01
1.295453822177298486e-01
1.293956641892259340e-01
1.287825091411138878e-01
1.274788567762205060e-01
1.290803488042595037e-01
1.271780390104248204e-01
1.288681042226543227e-01
1.294966037122612379e-01
1.277855897104129834e-01
1.290669683177461668e-01
1.275323060242913031e-01
1.290360929061573625e-01
1.292674149233377923e-01
1.290974419635639303e-01
1.274656285329103800e-01
1.287013933315618308e-01
1.294119682838632546e-01
1.270589538214805247e-01
1.293184321189791430e-01
1.284089876147407328e-01
1.289370018626460335e-01
1.280284545667138008e-01
1.278781818637925727e-01
1.292570184732306227e-01
1.289716345156018407e-01
1.282466286980350478e-01
1.286131583590056915e-01
1.289311679086387330e-01
1.295506301815748662e-01
1.292397205093712420e-01
1.287208706510458711e-01
1.282171128592955733e-01
1.281906236675590671e-01
1.279005481251770937e-01
1.289414765128633067e-01
1.290599027104938346e-01
1.290412371980898532e-01
1.276295444011809332e-01
1.282284809102164913e-01
1.280377126126173715e-01
1.290014241685224494e-01
1.280498374262547256e-01
1.300574781204161257e-01
1.280241238373377721e-01
1.286165172867643203e-01
1.279357757662328843e-01
1.291769804998407212e-01
1.282242527465041193e-01
1.271577789298055094e-01
1.279705682961215785e-01
1.280261215047746037e-01
1.294985574897289660e-01
1.284372415373231657e-01
1.287047130549186236e-01
1.281212507849946447e-01
1.286089122723950706e-01
1.281231378235990759e-01
1.298577787480903745e-01
1.276947108180053192e-01
1.283445143928182985e-01
1.281256023997430771e-01
1.287133557119917726e-01
