9.062186890649553961e-01
9.074584503138908298e-01
9.076121442800560990e-01
9.072082773778977760e-01
9.066931543532841253e-01
9.054508498287396900e-01
9.083878431207994542e-01
9.081216381125548631e-01
9.062843289701879579e-01
9.080767560153402140e-01
9.073594381673608655e-01
9.065094514253000391e-01
9.066889393485368931e-01
9.074632534483936253e-01
9.072985195536866776e-01
9.071652862197333578e-01
9.078301463221264411e-01
9.067515978065994187e-01
9.078181678781735986e-01
9.065672697891422604e-01
9.081184734978706707e-01
9.070137461308412918e-01
9.065495822685289973e-01
9.066342921153758283e-01
9.062473767342853481e-01
9.071334815553526720e-01
9.063704313380853694e-01
9.061455734578698351e-01
9.060373247907073102e-01
9.068568934511471724e-01
9.059956357644942671e-01
9.057075723915353205e-01
9.067096650930452917e-01
9.064660934696913142e-01
9.067072318622102500e-01
9.059375160382339143e-01
9.065486580128779837e-01
9.066905900817765485e-01
9.074664594642367632e-01
9.070263998553615981e-01
9.065270736756160241e-01
9.077338112518280600e-01
9.068804127270375659e-01
9.069281848325176920e-01
9.059168971181950081e-01
9.065883638107142817e-01
9.061497321045162145e-01
9.074043505113551511e-01
9.066438617647102349e-01
9.069930908253138746e-01
9.066690685416218809e-01
9.072100801382450008e-01
9.058269867233135209e-01
9.078758695113056110e-01
9.071751519506390249e-01
9.067319102807677167e-01
9.078945552933683771e-01
9.077860102289276867e-01
9.064946858919362693e-01
9.068287288828753567e-01
9.073517717820559492e-01
9.075498089744844510e-01
9.077136765805539076e-01
9.072158307199627014e-01
9.075238629432939019e-01
9.065463815043504070e-01
9.083198312632979610e-01
9.078082335036401496e-01
9.069334666880330964e-01
9.065323405424570158e-01
9.070705051288211473e-01
9.053535426502863359e-01
9.076751356109099556e-01
9.074337413156190468e-01
9.070475707171035129e-01
9.071004556211144099e-01
9.075389024169350227e-01
9.058864752616675453e-01
9.065778870799997557e-01
9.070989047577835418e-01
9.066920049362634515e-01
9.076709564215532655e-01
9.079795920477680138e-01
9.072525918471636697e-01
9.072257124694058650e-01
9.080182161561318743e-01
9.062664434776414035e-01
9.073771910792165496e-01
9.073399352946640573e-01
9.081946541735822498e-01
9.070190389116268292e-01
9.065945766920747717e-01
9.069353764266858686e-01
9.092930212779217758e-01
9.083971591242259169e-01
9.071317480345935103e-01
9.076144925723900192e-01
9.071847869784730456e-01
9.076825602277991401e-01
9.077114772894551153e-01
