1.638202613475201741e-01
1.647278124462824844e-01
1.651735312207603945e-01
1.637209093280210248e-01
1.649742358244047635e-01
1.644594955111284285e-01
1.655179895994621231e-01
1.641956987772348053e-01
1.636963533598648213e-01
1.644495438042322677e-01
1.651388817576893153e-01
1.659455429760526290e-01
1.658448946740086472e-01
1.640707965300503279e-01
1.653499888773160842e-01
1.647416791641179434e-01
1.653836521340146803e-01
1.646423764291454761e-01
1.643067783488061095e-01
1.665207560076918947e-01
1.646443256385288212e-01
1.654651044149875183e-01
1.644690665417742892e-01
1.644011694426586456e-01
1.637524310714755793e-01
1.651048179451965470e-01
1.645717631601665842e-01
1.647648314577568329e-01
1.642313068076525495e-01
1.652431825642754482e-01
1.650947519233352534e-01
1.652917223550967596e-01
1.642465304813453264e-01
1.641375009307893262e-01
1.648976256799328521e-01
1.656540219571046579e-01
1.655081533946924921e-01
1.652210364607475945e-01
1.657477480359024757e-01
1.655298917916902535e-01
1.658577258719814151e-01
1.644476940094913853e-01
1.647045323999581645e-01
1.650045909071824746e-01
1.656033748371717462e-01
1.647429849893766729e-01
1.646129616279033425e-01
1.649824373440774150e-01
1.642009327251287565e-01
1.653567201099194195e-01
1.645298186382488648e-01
1.648819837609543648e-01
1.646512348913602986e-01
1.661975264202212310e-01
1.653951372970939859e-01
1.651209042225493806e-01
1.637797886235474176e-01
1.652354436333428600e-01
1.655778978524274359e-01
1.649751350446819198e-01
1.653876859722859527e-01
1.650026143213324248e-01
1.651846026122846811e-01
1.649596920204464134e-01
1.643668444667940043e-01
1.644556966531672826e-01
1.649846706808652530e-01
1.652027639542646420e-01
1.652647213676370352e-01
1.665165190093773895e-01
1.647448784101151475e-01
1.638496448763682167e-01
1.640817838935650363e-01
1.653215327529984624e-01
1.646573590181708568e-01
1.648282978443468272e-01
1.663224595005552975e-01
1.649985099028585811e-01
1.653344218458189796e-01
1.657326900664377045e-01
1.641734299541307562e-01
1.660144267433386611e-01
1.648218802898241964e-01
1.650977213675344779e-01
1.648783373439006439e-01
1.653808682622276982e-01
1.653085087577157442e-01
1.666795253140573585e-01
1.656945499097955965e-01
1.635322829521392851e-01
1.645802787044845783e-01
1.646587850912030471e-01
1.647218255122359920e-01
1.645569797197785622e-01
1.645636959139054889e-01
1.656338993877613519e-01
1.654987704349173416e-01
1.639738832685423975e-01
1.650310410407364037e-01
1.649755665209532707e-01
