4.726647826175288669e-01
4.729627567180993974e-01
4.739217037365203167e-01
4.737095949491116897e-01
4.741946323415888731e-01
4.741036554654126656e-01
4.730782816975585003e-01
4.750260098316944068e-01
4.742434998423552539e-01
4.739576422861380145e-01
4.725870183375227573e-01
4.735713508713451647e-01
4.741567554378837701e-01
4.744557446587577276e-01
4.740330268871464359e-01
4.739964537917610299e-01
4.743798118135579278e-01
4.736551867071250310e-01
4.739810307007510937e-01
4.746022471650608310e-01
4.742165549398409397e-01
4.740253321406799891e-01
4.736191414599753013e-01
4.731518790133559249e-01
4.734570935847172701e-01
4.738266816832152895e-01
4.740822886332389796e-01
4.744770997638146914e-01
4.735690150071367177e-01
4.741587538711243277e-01
4.744227707368104396e-01
4.744047535930231430e-01
4.742370238406740102e-01
4.733093873501600379e-01
4.738826508447266939e-01
4.734741360875989180e-01
4.736958094925797780e-01
4.742076195446809916e-01
4.740938898057910356e-01
4.734742981106195847e-01
4.736509903876898187e-01
4.741578999221380819e-01
4.734195688641498201e-01
4.726761869064523003e-01
4.746337478576701518e-01
4.739369320553158960e-01
4.738182613761333095e-01
4.729426403243753851e-01
4.744919013440193067e-01
4.735680385804161840e-01
4.731550704525678830e-01
4.740808412634837099e-01
4.733581809944307217e-01
4.741117578693702095e-01
4.741096178817822415e-01
4.735627155447876824e-01
4.740699483127652769e-01
4.723243936854827352e-01
4.733427907478422458e-01
4.729410906931860725e-01
4.727594933800211008e-01
4.734165581004892154e-01
4.720845049572900409e-01
4.733302393450066203e-01
4.745762526691588157e-01
4.716861467305401012e-01
4.724869889063109119e-01
4.738472372864498960e-01
4.730497082586050950e-01
4.739710050068414171e-01
4.737257304371632616e-01
4.744141312903005780e-01
4.738993473632479025e-01
4.745021659931573099e-01
4.747002737128520611e-01
4.728977003812080415e-01
4.731302026977872721e-01
4.729023753948682351e-01
4.741778019809834155e-01
4.736402741149618456e-01
4.740473000920955027e-01
4.746444398801723530e-01
4.728917325156413165e-01
4.732717460171080304e-01
4.725247479515063964e-01
4.732919422057013659e-01
4.733590026749096569e-01
4.750009566348328827e-01
4.729754857936969703e-01
4.729414257682029721e-01
4.725269970538433228e-01
4.735968816699549500e-01
4.736496964320302538e-01
4.739567973007737245e-01
4.739685371197331909e-01
4.737692961678550141e-01
4.722338527391766738e-01
4.736706096338486605e-01
4.730511225433274847e-01
4.747287416439787688e-01
