1.643510755030503923e-01
1.659928709890732823e-01
1.656236281614070771e-01
1.650607595547196882e-01
1.655755514174369614e-01
1.661606701401159847e-01
1.665809387065109726e-01
1.669039302784304790e-01
1.659268633872765519e-01
1.655610573796485185e-01
1.651032701302692640e-01
1.659278860532250044e-01
1.653376793709565584e-01
1.658731279537069558e-01
1.664602471184115917e-01
1.654309356998441283e-01
1.660181721096225249e-01
1.653337849074858756e-01
1.656938920486136224e-01
1.662040885985180405e-01
1.657520241632496893e-01
1.656282262150456930e-01
1.661070591935935314e-01
1.662460556933252898e-01
1.663722845081324619e-01
1.645819816578018291e-01
1.658412752896078757e-01
1.667153530160472019e-01
1.667856241104233028e-01
1.663139120104152047e-01
1.662670103058064563e-01
1.662047310516764353e-01
1.666693384134765588e-01
1.660981247044286679e-01
1.655089612601517435e-01
1.661060959261087544e-01
1.671176328514341614e-01
1.655641633794738832e-01
1.653455229864423948e-01
1.664560312377290630e-01
1.660802492158857668e-01
1.651421301836307198e-01
1.662356163245957696e-01
1.664137803960612505e-01
1.652031050417985814e-01
1.663146357970544109e-01
1.654176885203778313e-01
1.655889233316944487e-01
1.662820250472241690e-01
1.656118694079171949e-01
1.662047130380500393e-01
1.649782667193160912e-01
1.661057268974403811e-01
1.651373702083779871e-01
1.660341447005588278e-01
1.660769709807139172e-01
1.665836461075014263e-01
1.660214901104863916e-01
1.658491938291686840e-01
1.660659709427058095e-01
1.660266056624633002e-01
1.662825597827634616e-01
1.652138157095127957e-01
1.663919659185538191e-01
1.664681873594051620e-01
1.662821400683889284e-01
1.656744629254356393e-01
1.652478279932812766e-01
1.652790485260068054e-01
1.657358701579670912e-01
1.658873641087807438e-01
1.653304937862499491e-01
1.662439718202510242e-01
1.658643230631728915e-01
1.653286355949741271e-01
1.652095389018084781e-01
1.652181047447694728e-01
1.656089038048053630e-01
1.648423678330083741e-01
1.648454695511114565e-01
1.654141509065614191e-01
1.659185708874908738e-01
1.661739226134339442e-01
1.665784555354795637e-01
1.655938254220459815e-01
1.652164364133653085e-01
1.661377114231218921e-01
1.659330672581647570e-01
1.659325459689152127e-01
1.661469573081765239e-01
1.660599146311521890e-01
1.660600639498693298e-01
1.656341591168650207e-01
1.658925577726602651e-01
1.668380982499921283e-01
1.654250006722789157e-01
1.653362318173645373e-01
1.660638406787839916e-01
1.658365236982814739e-01
1.653859126601708585e-01
