9.393521399386990378e-01
9.399094957253952831e-01
9.404159296217324826e-01
9.399565877184675733e-01
9.391038427594371463e-01
9.403874000314699222e-01
9.406047964351342827e-01
9.406037806691459613e-01
9.391386700504416041e-01
9.404231847248767373e-01
9.394053062414493560e-01
9.409576726191621887e-01
9.395720723647165151e-01
9.388336500921099503e-01
9.410983947639096625e-01
9.404008137615667007e-01
9.409310580891627751e-01
9.405099617148009461e-01
9.397085504642848086e-01
9.393099467384483647e-01
9.392855206895766029e-01
9.406031387101967400e-01
9.408815115096083037e-01
9.406653556672373018e-01
9.398008423650306975e-01
9.402770343723229063e-01
9.394418214942492629e-01
9.385881929236075116e-01
9.407171727955246920e-01
9.406645460297798911e-01
9.412501290190494752e-01
9.396220323725952284e-01
9.404954545011650069e-01
9.393691118656808392e-01
9.394341960883023646e-01
9.393553237630339892e-01
9.400904349087529921e-01
9.393434380897445202e-01
9.405860341512390921e-01
9.406732041736753924e-01
9.404474248953089699e-01
9.403222868702820758e-01
9.403753179229838999e-01
9.401149374095856270e-01
9.399792459253197840e-01
9.415281149212207934e-01
9.403222315536854392e-01
9.405226042803311870e-01
9.402778448358528607e-01
9.403884105444553221e-01
9.396236076444496321e-01
9.407454638278655024e-01
9.410554181220518455e-01
9.399688495229774343e-01
9.397200523857295318e-01
9.408660436979843222e-01
9.393291717497244120e-01
9.403137595445409946e-01
9.411565954550480395e-01
9.404347472003821151e-01
9.403266848261595534e-01
9.395626591261657667e-01
9.411621632744801014e-01
9.397021058517344150e-01
9.399450871883555658e-01
9.401830594850788536e-01
9.400058482535552651e-01
9.408712485002438397e-01
9.408414220882452828e-01
9.396481142129955444e-01
9.400293054058450615e-01
9.397241772398134962e-01
9.397832627210407352e-01
9.404937605832379699e-01
9.402958960856899751e-01
9.398708017963512962e-01
9.404646186731948632e-01
9.409399034745193902e-01
9.407142429674342221e-01
9.400776874119842752e-01
9.400046360627501985e-01
9.400342264256170699e-01
9.397683045506003419e-01
9.395295875635583105e-01
9.398288115349956451e-01
9.401084669034032171e-01
9.409428445028755750e-01
9.404628010671927107e-01
9.397449903945317429e-01
9.407495389811866282e-01
9.399216070653226840e-01
9.409011959199410358e-01
9.392190031167457764e-01
9.412277606223244941e-01
9.405502705446726619e-01
9.413056508354836760e-01
9.402438825486052476e-01
9.399251142017610583e-01
9.402828504594726855e-01
9.399724498622451518e-01
