2.424022983157734235e-01
2.422314031592566752e-01
2.433618196709447512e-01
2.418089223518590236e-01
2.430535883178027712e-01
2.437293987687872421e-01
2.438162518281228597e-01
2.438663357815125665e-01
2.423407181220107454e-01
2.428412709136398839e-01
2.437202911773352632e-01
2.432902631035231411e-01
2.437356309618006200e-01
2.434661361946836022e-01
2.431239413911673863e-01
2.428066693720670188e-01
2.427514844360564306e-01
2.441038476641552990e-01
2.431794068720900537e-01
2.438116087543683308e-01
2.441772907767540968e-01
2.426537106875901739e-01
2.430181324957338962e-01
2.430583764261698421e-01
2.431462726517547301e-01
2.418671184281626085e-01
2.432890664826736216e-01
2.431468460876806958e-01
2.427556306141775977e-01
2.425337022153795652e-01
2.419820803714944901e-01
2.440433208492004402e-01
2.425457941920835525e-01
2.429151792884570726e-01
2.419115906347548139e-01
2.427744597867146359e-01
2.427865322798183345e-01
2.422117912187110034e-01
2.433484853739743825e-01
2.438333780456435063e-01
2.432638473083283404e-01
2.429828526585597337e-01
2.426831584596816360e-01
2.430177271387632953e-01
2.429150219579435943e-01
2.417443599334206106e-01
2.418388016669181795e-01
2.429294528922661400e-01
2.427616210436007171e-01
2.434950807153591357e-01
2.428871401232342020e-01
2.448823227867701346e-01
2.427798655428807795e-01
2.431083323528959728e-01
2.424954372176105211e-01
2.438507564758961577e-01
2.435975693265403641e-01
2.439578597962430428e-01
2.436790398322356277e-01
2.433141198863824628e-01
2.429041397697642157e-01
2.432628000381136246e-01
2.427652828889110270e-01
2.436882892758312491e-01
2.426538064092850222e-01
2.428222873910663715e-01
2.438245914920083024e-01
2.422658682522102203e-01
2.424538810880997597e-01
2.435375199894541098e-01
2.432526249735266211e-01
2.430586674794820712e-01
2.408766268668725563e-01
2.429218376305849469e-01
2.430411757135585438e-01
2.431823903097765915e-01
2.434580774880513721e-01
2.424588445029755568e-01
2.432273313788783087e-01
2.434037481343494513e-01
2.438107085030679078e-01
2.434684894612856587e-01
2.435751367762430952e-01
2.431684585924351327e-01
2.426999637953859978e-01
2.424356005259417635e-01
2.430487032264573022e-01
2.436813030109749034e-01
2.435696701667858510e-01
2.428335019466841826e-01
2.435032347191485869e-01
2.425835054260964685e-01
2.431035300993441561e-01
2.429964642384958018e-01
2.426634535406723692e-01
2.435800777098640901e-01
2.427193938537530182e-01
2.432613531889477598e-01
2.430932533671040785e-01
2.443467493091002751e-01
