5.083866243462370482e-01
5.081700671043934969e-01
5.088388226353763866e-01
5.091491984835477824e-01
5.080416794974440542e-01
5.095884107034287513e-01
5.082942070038170002e-01
5.092116797208425805e-01
5.101114443511857166e-01
5.094677813732799709e-01
5.091189429103379904e-01
5.088419789878748656e-01
5.081141108689157804e-01
5.083882115020755821e-01
5.091068900454531754e-01
5.087321136622389162e-01
5.080467830839139332e-01
5.086757750733601480e-01
5.099387799596637461e-01
5.093124524876412318e-01
5.084761270938827904e-01
5.081690233077236218e-01
5.087488485375351033e-01
5.072067963729200990e-01
5.089788830928476671e-01
5.088461575227789524e-01
5.091117843748752536e-01
5.076242233019517824e-01
5.092175725218908156e-01
5.092249618942780165e-01
5.081636214557458953e-01
5.089002098333180735e-01
5.087535647418790496e-01
5.088507772354661229e-01
5.087934208296314154e-01
5.082250650777804246e-01
5.083668995659726964e-01
5.080979211525931127e-01
5.075002043627245829e-01
5.096136954649912454e-01
5.083248169523300053e-01
5.081144436278710597e-01
5.092575550466709178e-01
5.084724027078753039e-01
5.094607297314556194e-01
5.087460891588975187e-01
5.091758859076631616e-01
5.088834688126472328e-01
5.098693918367674938e-01
5.080934781191065452e-01
5.078841401421294588e-01
5.090617836165597376e-01
5.084620209102089783e-01
5.087064999107212548e-01
5.078857137362262630e-01
5.087090882993204888e-01
5.084562657865753232e-01
5.086233477588700813e-01
5.086775932086162744e-01
5.075827175650045042e-01
5.073374045286671574e-01
5.094350802039812054e-01
5.089639368698151145e-01
5.077307723913674353e-01
5.090524761295582845e-01
5.081538990569902658e-01
5.082977416365476175e-01
5.080385890543442917e-01
5.076730046525854689e-01
5.086045590003154260e-01
5.091815626790030525e-01
5.080636947881898013e-01
5.080305362936666791e-01
5.091622886453089913e-01
5.084422187135912985e-01
5.077552796468228768e-01
5.090527598380552021e-01
5.077910035107464637e-01
5.086141282897798099e-01
5.082797545793803495e-01
5.081744036021698108e-01
5.079368284034360137e-01
5.103688745033838625e-01
5.087929741278660600e-01
5.083550201833227922e-01
5.086002207924076313e-01
5.087620883127327298e-01
5.088798387708384219e-01
5.082235648003872175e-01
5.084732777905894840e-01
5.095354941991937503e-01
5.090548638942825610e-01
5.092383402893463362e-01
5.084368966301666681e-01
5.083007382239250749e-01
5.093641732268522349e-01
5.091374137368605002e-01
5.083646526458618364e-01
5.092989869449533469e-01
5.071917530619806103e-01
