8.583846208547352141e-01
8.603370597773741801e-01
8.603021585384813541e-01
8.606423877515168019e-01
8.598706559627391499e-01
8.602411216064320687e-01
8.609582957495355293e-01
8.598214620464456059e-01
8.599295409802187873e-01
8.608456384502961578e-01
8.594606327930102152e-01
8.606279664691709463e-01
8.601611056971224523e-01
8.612104457748316344e-01
8.591342065840197328e-01
8.606451788663139757e-01
8.613635762603643053e-01
8.610209688557644014e-01
8.600410736610083484e-01
8.592967428542453989e-01
8.594743989341045998e-01
8.593404542658176215e-01
8.601228182842014514e-01
8.606775519153965215e-01
8.604739609359091101e-01
8.607279096139721641e-01
8.593552540700070130e-01
8.615882240199354003e-01
8.613285206344787337e-01
8.603264691041472290e-01
8.599325463949470949e-01
8.607478287913536974e-01
8.611380926919874890e-01
8.599396538867873918e-01
8.600082900522235674e-01
8.603114881517972545e-01
8.613847316959182265e-01
8.613461354056141106e-01
8.612335861597519848e-01
8.593123017059498547e-01
8.608133557427750659e-01
8.599698183340234170e-01
8.612544523794548601e-01
8.607467657079390655e-01
8.601503254432107948e-01
8.600952960880816622e-01
8.611125789973601563e-01
8.597483098782441324e-01
8.606722066715998265e-01
8.601238848655581304e-01
8.613853996789938572e-01
8.617678432511595155e-01
8.615404103738250052e-01
8.604936761740288320e-01
8.605824167546548553e-01
8.610551144881870567e-01
8.606014722599533151e-01
8.613108136001949022e-01
8.610746389634997833e-01
8.603979173002508363e-01
8.609119430095014680e-01
8.605271470112221266e-01
8.603286054366073854e-01
8.600408464340989489e-01
8.608043083695636755e-01
8.608972230466507281e-01
8.620207098540669799e-01
8.613559606987104544e-01
8.605094694997380556e-01
8.606575628680219747e-01
8.606811143313201073e-01
8.599041598984809021e-01
8.611621259739336010e-01
8.606661981999591537e-01
8.606606807069052678e-01
8.615405480538438354e-01
8.598271263841360534e-01
8.614625090447636246e-01
8.603582339861958195e-01
8.608232137492580760e-01
8.606117145606169139e-01
8.608559248717528867e-01
8.617153468629475954e-01
8.594372276126813759e-01
8.609884582666229580e-01
8.607445554934505250e-01
8.607891253800666886e-01
8.604889080539390722e-01
8.601570461781564703e-01
8.615305764431286928e-01
8.618251307104021208e-01
8.607214045526820900e-01
8.606652170262185653e-01
8.602833093134986120e-01
8.601273634499588816e-01
8.606588552660103808e-01
8.601267764409458172e-01
8.599929997993553954e-01
8.607946440041245317e-01
8.608742321771061246e-01
