8.229472314547379153e-01
8.236056825096368383e-01
8.234648415457497261e-01
8.228866644373427075e-01
8.230757102085977106e-01
8.238566966405210801e-01
8.244685987309967601e-01
8.239918574413739316e-01
8.237409415664276313e-01
8.238153644398730213e-01
8.238180380933258773e-01
8.238550803602575634e-01
8.241817003699163369e-01
8.236326158754426752e-01
8.239955545876677112e-01
8.230476818326154520e-01
8.246659381660641497e-01
8.230066855401343417e-01
8.232185000914755690e-01
8.234754026016042339e-01
8.241811576213815549e-01
8.249163890920796494e-01
8.236560734841503750e-01
8.259986251626061371e-01
8.254382600280032456e-01
8.263554841158342601e-01
8.245336402388472319e-01
8.244284674172001059e-01
8.251614213553597477e-01
8.258987610603065743e-01
8.246977804555348790e-01
8.251685636984733563e-01
8.237716593088157957e-01
8.250048041726187886e-01
8.252971852523014462e-01
8.256055734960339176e-01
8.265913275153585760e-01
8.246649192827576469e-01
8.251295051237562683e-01
8.251833877908576476e-01
8.244345432143973529e-01
8.257712666762017095e-01
8.253235017145796881e-01
8.248246748090382052e-01
8.263328030415039160e-01
8.248658435251609022e-01
8.242682896349662336e-01
8.256787814626957989e-01
8.249542052021101579e-01
8.261245785222804949e-01
8.251886526853617898e-01
8.255040653927616656e-01
8.245405575551004729e-01
8.248243365287355466e-01
8.258639200430024641e-01
8.260238702391470289e-01
8.262209793782568923e-01
8.260319757812460972e-01
8.250958789101898727e-01
8.248951096404465444e-01
8.259637980683209868e-01
8.250038755568291915e-01
8.266171727505746691e-01
8.239154224792073489e-01
8.259811745647802628e-01
8.248090238363134930e-01
8.259107272486778673e-01
8.240911182690431325e-01
8.253758503717616435e-01
8.261427094588073006e-01
8.260662595321746071e-01
8.247276856370192588e-01
8.250110551373083245e-01
8.254511113133193856e-01
8.247509687969462044e-01
8.247458940173715281e-01
8.243589082448585792e-01
8.249141743018291173e-01
8.257657593666470897e-01
8.251312569125424101e-01
8.263030814931129342e-01
8.247428908219698318e-01
8.261420223049988909e-01
8.241263492948009972e-01
8.265379467521378754e-01
8.242710198795091259e-01
8.261482649486032726e-01
8.246169939102760971e-01
8.252985381906559059e-01
8.238322878605451871e-01
8.250384594763430224e-01
8.254695551568582701e-01
8.246944281987095282e-01
8.260654947946420856e-01
8.258056256811894258e-01
8.253572946553970890e-01
8.254214291851564855e-01
8.259210511771818419e-01
8.254267278495746041e-01
8.261854580956360383e-01
