3.562662538427927017e-01
3.574613795841299901e-01
3.573391052229346054e-01
3.568612898067211048e-01
3.568313549311438737e-01
3.575180341552123831e-01
3.575247321369866560e-01
3.575390960479319369e-01
3.576139971251402483e-01
3.574679356492597715e-01
3.576655758540252528e-01
3.577423244091952892e-01
3.574178157911857001e-01
3.568366604454523694e-01
3.571742748834658143e-01
3.572991309013211492e-01
3.576795437656744014e-01
3.567638650219829288e-01
3.569411544235898681e-01
3.581322559139387129e-01
3.561997269739355931e-01
3.567302019107182476e-01
3.568981736217158307e-01
3.573008797666498149e-01
3.573570806180058068e-01
3.579829010781247489e-01
3.582978951598380646e-01
3.571276172274787664e-01
3.566562651136544471e-01
3.580436993584695249e-01
3.572286715801613610e-01
3.575569514637654822e-01
3.576350886935907303e-01
3.579954545784083675e-01
3.578921741419022196e-01
3.584650991545375032e-01
3.577070387901405968e-01
3.571099837209255057e-01
3.569183636999725406e-01
3.576005312489874410e-01
3.567863312990572355e-01
3.571792187482251135e-01
3.573797229467880476e-01
3.578803719693078311e-01
3.565566878136012252e-01
3.574867153920132656e-01
3.575259156192821530e-01
3.565439799430559220e-01
3.580714076883535490e-01
3.575690058976682684e-01
3.570309962605758836e-01
3.575302018833212414e-01
3.568646831793573226e-01
3.571280999196697614e-01
3.563153238577620452e-01
3.576553271332811312e-01
3.567126263725985957e-01
3.575928373977930175e-01
3.574309996093245068e-01
3.579998452175768842e-01
3.578572324670724614e-01
3.572700790518525960e-01
3.565004163579750807e-01
3.575432971324191134e-01
3.574153465132409169e-01
3.574957316030408783e-01
3.580254098738699930e-01
3.564128066923553662e-01
3.558221009416970837e-01
3.570570531338109754e-01
3.574828292611333391e-01
3.567009253977917460e-01
3.576274471790871212e-01
3.582372780310593696e-01
3.569940965590779891e-01
3.577573254149212234e-01
3.567595799425911096e-01
3.576831416093979032e-01
3.574974722291792140e-01
3.566934010675564259e-01
3.570213509157990628e-01
3.569334091141812548e-01
3.576242471941032397e-01
3.565522162480124768e-01
3.565875392067332506e-01
3.575049679204342357e-01
3.574440628783525087e-01
3.580552202124404060e-01
3.570548718206227878e-01
3.578495489420912556e-01
3.571472547360160510e-01
3.580039465650384223e-01
3.580699899443766654e-01
3.567571023784014139e-01
3.561692201182669049e-01
3.576923579888776628e-01
3.570607292465592941e-01
3.578901900801462199e-01
3.588138955066476066e-01
3.579435434434122820e-01
