2.002109517814899542e-01
2.021604833765699438e-01
2.025294918660216770e-01
2.022681860913382867e-01
2.011803980105502654e-01
2.013686062982426028e-01
2.025434502693256866e-01
2.004268550661270631e-01
2.018043924193272387e-01
2.007314115832246337e-01
2.016607284127864275e-01
2.014860220884190922e-01
2.015518207152156571e-01
2.017399919911549988e-01
2.021999681214650957e-01
2.031256138105216602e-01
2.019621589903954073e-01
2.023191686638162734e-01
2.018664470303187242e-01
2.020724874490454903e-01
2.027247874195891586e-01
2.020120539257174719e-01
2.015515765551000593e-01
2.009797139890859285e-01
2.023912323071834218e-01
2.030813633669414087e-01
2.012800400764156727e-01
2.022156688885395903e-01
2.026554034778599300e-01
2.029583446680621461e-01
2.023811756774746562e-01
2.023618138056436644e-01
2.023561899690639598e-01
2.023367401068435489e-01
2.027504137180228816e-01
2.026736902774383120e-01
2.021612966159879732e-01
2.014956385049992138e-01
2.024404035135739521e-01
2.021109839339356729e-01
2.016615839684460787e-01
2.027995342159677750e-01
2.023802634994819882e-01
2.014794983807599860e-01
2.019011033525894283e-01
2.014059825342506826e-01
2.019650767450102413e-01
2.022781917177355338e-01
2.032036207762940583e-01
2.024453043615171699e-01
2.012550720518750391e-01
2.016922786285628155e-01
2.007756734601106596e-01
2.023461729808218590e-01
2.025845953730193438e-01
2.028952038495079324e-01
2.021240003871898061e-01
2.013824277722100764e-01
2.011834525221162795e-01
2.018362579750062336e-01
2.010306389913019687e-01
2.018087508415576381e-01
2.016992153882874728e-01
2.009159089412319577e-01
2.012342949180977447e-01
2.019584756230180522e-01
2.012507671591106662e-01
2.009508246806234188e-01
2.008721919237386744e-01
2.015657335074392265e-01
2.022402127121262216e-01
2.019056996232959089e-01
2.019243590004888289e-01
2.030453065667833790e-01
2.014092613369079521e-01
2.009154783989451076e-01
2.017410816785172312e-01
2.014946957790563764e-01
2.019752389828316785e-01
2.020101574109802733e-01
2.026205512657404673e-01
2.020860742994461390e-01
2.022568068934717245e-01
2.017548796835633707e-01
2.024641041845694489e-01
2.019398228981604260e-01
2.020520385189236157e-01
2.017089945772450044e-01
2.022905969890095301e-01
2.028592452306691440e-01
2.019844275728680527e-01
2.021022828945262251e-01
2.026328048679436056e-01
2.015333747933579223e-01
2.018309686920581603e-01
2.020209655049561015e-01
2.024383270315352201e-01
2.021297134625940628e-01
2.016096972411642874e-01
2.017707445387477982e-01
