8.035830851422201548e-02
8.208736717297181185e-02
8.127639478043317822e-02
8.125277566032662602e-02
8.270663148559578848e-02
8.168125263771601474e-02
8.140179774465863827e-02
8.155912704029529003e-02
8.289759022848501580e-02
8.113401210255985485e-02
8.227696881057139366e-02
8.317866993530920183e-02
8.179719829468912184e-02
8.118742107638257655e-02
8.289732396806853698e-02
8.201242648093988452e-02
8.228424909796661080e-02
8.104002846461436094e-02
8.206766124534696505e-02
8.263283252357801756e-02
8.184603320609976085e-02
8.153235737865628663e-02
8.320768236496804693e-02
8.140606220188370545e-02
8.226689288938647537e-02
8.143632652854589093e-02
8.139682226953347255e-02
8.189589669001731687e-02
8.191662026987982237e-02
8.216131111146954269e-02
8.232548758012990520e-02
8.095646150467034063e-02
8.193787953764940235e-02
8.323043370657763618e-02
8.198139801645984437e-02
8.214990184550269303e-02
8.157090732960371737e-02
8.191347127916040471e-02
8.117909862836203416e-02
8.215856191518970675e-02
8.273347908352916835e-02
8.212987794252012141e-02
8.222381137725986999e-02
8.132554000268071848e-02
8.221499634847828641e-02
8.264684481910132552e-02
8.191907169671695799e-02
8.215027559225403231e-02
8.138772533443393298e-02
8.163251602893184522e-02
8.183071114222109643e-02
8.103967890549243491e-02
8.091402953996224001e-02
8.291976455036004223e-02
8.211452702962326877e-02
8.257688278789955538e-02
8.225180366451254055e-02
8.133082035709277013e-02
8.254943043331830488e-02
8.155441515262827623e-02
8.035460744864103555e-02
8.210628836762390304e-02
8.157340662190160074e-02
8.089430572580941226e-02
8.266997065164713443e-02
8.157982009528622069e-02
8.305025309603736305e-02
8.221819792701048901e-02
8.134655195049374232e-02
8.232140894149887755e-02
8.171200757736327147e-02
8.203488906044152651e-02
8.257501983975434889e-02
8.131924556321799835e-02
8.297088880218778106e-02
8.240502664784006559e-02
8.202702761811112020e-02
8.212419200607237735e-02
8.148229833384351695e-02
8.179495563479691200e-02
8.205690314369200322e-02
8.244788424428285689e-02
8.103582512700312213e-02
8.209899647254742527e-02
8.073569771469160661e-02
8.098066136487713784e-02
8.142756155760494385e-02
8.304061993207960402e-02
8.212822217214517384e-02
8.096645091567696018e-02
8.140780408816522540e-02
8.205745521481500049e-02
8.251429889002812046e-02
8.065578642334850223e-02
8.156265479212990166e-02
8.203926963383192938e-02
8.205867000869027095e-02
8.150842351981596456e-02
8.138783241515794298e-02
8.235946143739135417e-02
