8.706901303612796239e-02
8.924009920331672785e-02
8.703556162210904223e-02
8.735898824076199221e-02
8.738227279262886227e-02
8.696871225020025298e-02
8.755824059715749952e-02
8.886629049363534150e-02
8.841775118613454110e-02
8.701960495921434724e-02
8.692852865536968010e-02
8.775691919951689179e-02
8.813740158468233443e-02
8.734725803229459462e-02
8.713167112750394572e-02
8.725055475978835129e-02
8.690107696722876307e-02
8.663581036794551493e-02
8.640641265402868032e-02
8.746001688285458264e-02
8.707273687443520260e-02
8.753605394036856335e-02
8.846411942833655451e-02
8.820052505040118507e-02
8.797978469698929105e-02
8.684026568458093343e-02
8.892188604875908564e-02
8.754738619660297483e-02
8.651650816442774117e-02
8.833224903174458076e-02
8.764489830544477944e-02
8.689010740067323879e-02
8.792320952609833373e-02
8.775337370870171794e-02
8.777663735728943872e-02
8.730837182008810426e-02
8.721652319857847724e-02
8.826266767837354088e-02
8.799479563010126348e-02
8.751211631542604730e-02
8.767212045875696913e-02
8.856867403932797145e-02
8.724946543572673074e-02
8.840196601976131607e-02
8.744354866139195104e-02
8.787060578576255665e-02
8.789965081032158345e-02
8.772871245142810359e-02
8.811082734685030116e-02
8.732010207647696032e-02
8.698144481686076457e-02
8.707104136469920319e-02
8.798185083559482977e-02
8.664857895955745126e-02
8.793495132729131636e-02
8.666317632675345217e-02
8.624161763188224750e-02
8.797507921331700065e-02
8.697170691770308992e-02
8.789720600605491208e-02
8.769876287653459446e-02
8.701999343657607078e-02
8.740750407476563510e-02
8.815474625985943169e-02
8.708419476330518660e-02
8.742942263517708423e-02
8.782571276016290507e-02
8.818297130738139700e-02
8.747861405509223254e-02
8.794381043182650237e-02
8.727882135400047425e-02
8.671425651250240507e-02
8.884856785228072151e-02
8.801831290959397092e-02
8.618871621637100300e-02
8.681664943598352280e-02
8.813681115947324951e-02
8.763053760549770199e-02
8.813711440015806198e-02
8.702111565163891949e-02
8.710061414806355429e-02
8.791059041316301448e-02
8.843203541712321702e-02
8.818069365935739257e-02
8.834590580139874139e-02
8.762295326819709296e-02
8.769104871604455065e-02
8.753981040592327678e-02
8.650753071845074249e-02
8.797975973425459228e-02
8.789393018447028139e-02
8.938992805922713059e-02
8.684914748618641211e-02
8.869699573779345203e-02
8.739102512281343715e-02
8.701917195745520472e-02
8.766379764678258746e-02
8.737912493128213720e-02
8.761079959630788117e-02
8.829331604509479958e-02
