1.047179503363108721e-01
1.056160002530389386e-01
1.045724873104323938e-01
1.062958759799622066e-01
1.059716674228616123e-01
1.056148914852058918e-01
1.055869870327772464e-01
1.061103774779660752e-01
1.055991834148381492e-01
1.058263416264406953e-01
1.052800957612124999e-01
1.067973779510967142e-01
1.060106184111548888e-01
1.045901767736331645e-01
1.068224440404622055e-01
1.050727853742231543e-01
1.057143978363008913e-01
1.055393157655465514e-01
1.061923267009943495e-01
1.045682320368295504e-01
1.063233329131937216e-01
1.056017615599415815e-01
1.061896894306686712e-01
1.053887941478996726e-01
1.050390464874649266e-01
1.064727729007318990e-01
1.047729211925465531e-01
1.047605563785218991e-01
1.070036285652550267e-01
1.069074738842578920e-01
1.048692341974136327e-01
1.046646721609343356e-01
1.063541940231428062e-01
1.047879302960571801e-01
1.061337225481265994e-01
1.047860845966236409e-01
1.040889964824840558e-01
1.051976663936181888e-01
1.049172887755190076e-01
1.044848082047797333e-01
1.054610417566309438e-01
1.060220747227827304e-01
1.059098847118929709e-01
1.050625020422435163e-01
1.050048127693742617e-01
1.062265385536881601e-01
1.063239927172029420e-01
1.068875164411033918e-01
1.048699049344187506e-01
1.060031683320405427e-01
1.047957093159606612e-01
1.047688788827862150e-01
1.059345604877081071e-01
1.062752171771516735e-01
1.051675882819352453e-01
1.061143294349101568e-01
1.057881740163408857e-01
1.054276529011253655e-01
1.059375549457609311e-01
1.066101746463080646e-01
1.060668590556471114e-01
1.056954526427836827e-01
1.053869971558481777e-01
1.049674708893311853e-01
1.056323243071516094e-01
1.058507200752384081e-01
1.064752188863390542e-01
1.068561094443622739e-01
1.055550675623694867e-01
1.064977522621099459e-01
1.052562832709961343e-01
1.065801652084704954e-01
1.057666324706365013e-01
1.057436757546461464e-01
1.055058555911994600e-01
1.047835904667388240e-01
1.070092184413291292e-01
1.056188138487486605e-01
1.052383177667228914e-01
1.065987697327770434e-01
1.057917576097790469e-01
1.047966107838193828e-01
1.043445584474471943e-01
1.043134198414112368e-01
1.050636773241081512e-01
1.047194822815618181e-01
1.049897361401093410e-01
1.057434632917016726e-01
1.052453962331452997e-01
1.057453746728726218e-01
1.056745376905772471e-01
1.054010337195110947e-01
1.057459635493475242e-01
1.054272436027485216e-01
1.047649782389316053e-01
1.069433842501018167e-01
1.056879134463504788e-01
1.056174183596244459e-01
1.057834301111278130e-01
1.070611929021100805e-01
