8.973492679160512964e-01
8.969610808498316157e-01
8.974364874590905483e-01
8.979543374064745676e-01
8.979751603872030419e-01
8.974085936688196430e-01
8.964221878499599727e-01
8.975567770971800696e-01
8.971895389257141806e-01
8.978146380556715211e-01
8.973341243487180652e-01
8.977081280322674051e-01
8.976522109829724316e-01
8.975588972787589270e-01
8.970494246213529532e-01
8.970176204757362992e-01
8.980353478228489950e-01
8.972754595491509999e-01
8.973273333372924210e-01
8.965394677406645085e-01
8.966636072504462485e-01
8.968640134329676217e-01
8.973482102239349611e-01
8.964907752511490635e-01
8.983656999796422182e-01
8.977800012139806052e-01
8.980917606120233376e-01
8.971685739949838423e-01
8.959870764145130284e-01
8.971873152937390739e-01
8.977927091071780108e-01
8.982325678971549987e-01
8.990177253418711878e-01
8.981266956791920109e-01
8.973322403378949375e-01
8.971694014380835469e-01
8.971280706745634603e-01
8.976140932769525183e-01
8.965990429928849537e-01
8.967231122576551083e-01
8.982120919825764549e-01
8.990781618095398109e-01
8.973673845342912125e-01
8.972119493155812364e-01
8.976935873216949080e-01
8.974422399452208765e-01
8.973607134129899521e-01
8.965452355328685785e-01
8.977737459488223104e-01
8.972555843195362257e-01
8.973483728880140564e-01
8.968610140541586340e-01
8.975748510270317171e-01
8.960512418591222161e-01
8.978822721183754574e-01
8.971020567951298874e-01
8.964215189908495418e-01
8.973490512591018042e-01
8.973262568532386352e-01
8.967632984760597337e-01
8.975194143279954240e-01
8.987453789224119083e-01
8.967871632835395790e-01
8.982114607196437506e-01
8.975688809596783502e-01
8.976231792854010294e-01
8.978035024603731040e-01
8.981960697789643788e-01
8.979603781314786648e-01
8.971087971675022477e-01
8.977004625090057033e-01
8.972893687801559715e-01
8.977798565074147641e-01
8.985384298251947177e-01
8.983191511165518062e-01
8.973300897369185236e-01
8.973132946094137807e-01
8.984885833835756230e-01
8.974276044480724579e-01
8.984610570942215269e-01
8.973008629441906470e-01
8.969864406751896224e-01
8.974511744372327682e-01
8.969236313247103132e-01
8.982551200440744843e-01
8.971690101186762245e-01
8.971592450060219548e-01
8.967671936711860692e-01
8.976573280967423685e-01
8.976417893180526075e-01
8.973557038468414904e-01
8.974182449267207318e-01
8.984220558056368322e-01
8.964979703472528705e-01
8.976299769293349939e-01
8.987730685571342359e-01
8.985036933720917940e-01
8.961879275805320066e-01
8.971811876613169368e-01
8.972676236877598077e-01
