8.087050550239476276e-01
8.090275372919533137e-01
8.092073644332198334e-01
8.098821902684558705e-01
8.087751106420519864e-01
8.091427330465128520e-01
8.098288326176825702e-01
8.086395814067232068e-01
8.100113879652882654e-01
8.086345073141445461e-01
8.091645064351569161e-01
8.102615523521017327e-01
8.096848265845226766e-01
8.103036662041630533e-01
8.102476326178522648e-01
8.096673495853838887e-01
8.094021039579815113e-01
8.093868110876999422e-01
8.096400049275188637e-01
8.103957120026470395e-01
8.091238006988679121e-01
8.091398070257322939e-01
8.094953087039883366e-01
8.089121011327544686e-01
8.093069145248189544e-01
8.089378160313380750e-01
8.104160987058717236e-01
8.085128855643667345e-01
8.081411971101214453e-01
8.091634510882985687e-01
8.102940016277779822e-01
8.097158644346332812e-01
8.093336880797850075e-01
8.082662476279793839e-01
8.095461481145458382e-01
8.098704896213118065e-01
8.087039385169608741e-01
8.095145856563702447e-01
8.092803335212024329e-01
8.095282391532266919e-01
8.092985750734985606e-01
8.103211780672034958e-01
8.102635927795778237e-01
8.096974977586509636e-01
8.093833529850018582e-01
8.096287224242975089e-01
8.091507047408470488e-01
8.103307219397095640e-01
8.088395702397720433e-01
8.092310024701641069e-01
8.093000662848199855e-01
8.102308889656599789e-01
8.096328752149291041e-01
8.099725024967936449e-01
8.086252939683071794e-01
8.104266584769981296e-01
8.097367437050123629e-01
8.088665114373829734e-01
8.091101652008114709e-01
8.104226307658006778e-01
8.088793832143272855e-01
8.093002686568656623e-01
8.100463397778054908e-01
8.088735072513892899e-01
8.109501503024025837e-01
8.098851158860911337e-01
8.100939001001221662e-01
8.102646412681959731e-01
8.095072852933719032e-01
8.083894887584586186e-01
8.091080820406462148e-01
8.098377502969256181e-01
8.100033742726910901e-01
8.093462274798628453e-01
8.092849134896193952e-01
8.086216930850869122e-01
8.093884469165724127e-01
8.091578753650034983e-01
8.086243215249380167e-01
8.091200668996164636e-01
8.108343369481256779e-01
8.098108663093199766e-01
8.101666034305705644e-01
8.108787030187569744e-01
8.100429906606214647e-01
8.104006032412593985e-01
8.097305864923100005e-01
8.094132706072028061e-01
8.087337436212314046e-01
8.095690313665693250e-01
8.114366494745066660e-01
8.096718483040526992e-01
8.093546255810213363e-01
8.101961374747578271e-01
8.097109592068769679e-01
8.085013715777111809e-01
8.093367298125136999e-01
8.090389653246058410e-01
8.093178816656680929e-01
8.096035034507892414e-01
