4.714411597291275902e-01
4.710415092890033462e-01
4.730177109044280681e-01
4.722016003833606757e-01
4.717571892029873704e-01
4.726946299600839341e-01
4.728057637495827747e-01
4.731361473865161593e-01
4.721727000509452488e-01
4.723911924500526771e-01
4.735576046564352604e-01
4.720579696683848692e-01
4.716004503926670699e-01
4.724460580778679364e-01
4.730617531554715538e-01
4.727538120344187411e-01
4.712282375152559988e-01
4.729478547867875804e-01
4.726204913470042901e-01
4.724697485803457386e-01
4.724724630473907672e-01
4.727638925546939763e-01
4.715546773628002120e-01
4.718368873732651236e-01
4.728248656702831454e-01
4.728107891051890332e-01
4.716360888840120946e-01
4.714634951690502285e-01
4.735038782151186343e-01
4.722638915685707373e-01
4.731685303716256508e-01
4.718346280694266648e-01
4.721978731823739395e-01
4.725132089228595844e-01
4.726703879239776418e-01
4.728833810353469946e-01
4.730013091197397546e-01
4.723354453795015617e-01
4.724742923971197439e-01
4.724831123793407084e-01
4.714413793832338828e-01
4.723272729661543989e-01
4.725302157293749250e-01
4.726108299728779549e-01
4.728109486225359759e-01
4.736273042210664697e-01
4.717556263531083038e-01
4.714232775447005919e-01
4.724539241651621313e-01
4.719922320677045757e-01
4.718576703093929070e-01
4.720363234800774022e-01
4.729354395493226004e-01
4.734464011220048674e-01
4.726184871669670828e-01
4.725129330089783419e-01
4.718127176796328981e-01
4.723349479922394067e-01
4.725570742444835104e-01
4.717812493890889414e-01
4.724884790235842624e-01
4.723634806627953209e-01
4.731806559633388032e-01
4.717451305771521164e-01
4.720502658209480562e-01
4.715039457002900281e-01
4.730589492892527392e-01
4.719659151481218062e-01
4.714322455674214707e-01
4.722776459865591914e-01
4.714836276296534567e-01
4.726267122157823408e-01
4.723044933950288904e-01
4.740767021781738810e-01
4.731865657072579223e-01
4.730792394971344850e-01
4.738423890761745971e-01
4.725391033092676829e-01
4.724147587809762738e-01
4.727448599183641242e-01
4.732384162755453594e-01
4.730868466849295073e-01
4.725945058165219592e-01
4.708856621662368402e-01
4.728774597142529346e-01
4.719313121290895086e-01
4.727930830944950258e-01
4.734709353630821571e-01
4.717616016168774684e-01
4.723512813927469578e-01
4.717088844487129506e-01
4.736279306512751752e-01
4.724045726419592306e-01
4.730084414514170721e-01
4.723781063436399696e-01
4.728735467819243921e-01
4.731911899809872479e-01
4.731280218622465061e-01
4.731352763041084541e-01
4.728834175438066389e-01
