2.875724950053121232e-01
2.882698835837511631e-01
2.886310864149262412e-01
2.884388288416572799e-01
2.885096492765064635e-01
2.889057412941267167e-01
2.884016186000414317e-01
2.878019427200487201e-01
2.893167947864109801e-01
2.885217018379845899e-01
2.882829669367947822e-01
2.891758117391414751e-01
2.878368685469702148e-01
2.893075453104407835e-01
2.881459907626963135e-01
2.887323372416092937e-01
2.883387471930252688e-01
2.885895737411188211e-01
2.884856609209780487e-01
2.887462488749841794e-01
2.877122599774600831e-01
2.880395172184389008e-01
2.888636376407839323e-01
2.882672152426244416e-01
2.884998659287077993e-01
2.879825852039243350e-01
2.888703858400213376e-01
2.877105616434734725e-01
2.880340272252240319e-01
2.886497370180684530e-01
2.880965611481427491e-01
2.886949383626135068e-01
2.886127294283046818e-01
2.868045337917730642e-01
2.879650968114266796e-01
2.880478386432854809e-01
2.879106726063717092e-01
2.898173671753950797e-01
2.895422107550872370e-01
2.878268891552004383e-01
2.876867050617580301e-01
2.881069607890630047e-01
2.886678767173144755e-01
2.876917321280036965e-01
2.883666349045425070e-01
2.875814188228982826e-01
2.881234208851536360e-01
2.870507286682329462e-01
2.901660508025765695e-01
2.881446017211214405e-01
2.877878118806023733e-01
2.887123181058393051e-01
2.885600418379752896e-01
2.886646174793393582e-01
2.884922446719679345e-01
2.887624661038231677e-01
2.879930288032037100e-01
2.889885730850514367e-01
2.871352976057671147e-01
2.882841010321124386e-01
2.889427413291452695e-01
2.887708067949473767e-01
2.886201151638891349e-01
2.887300799930813677e-01
2.892216618002032558e-01
2.874704783653309059e-01
2.889838295954933467e-01
2.890391486070892357e-01
2.879930468936890975e-01
2.884905181104303051e-01
2.901400338642683430e-01
2.876377970019473596e-01
2.894965363736181629e-01
2.886701915567234100e-01
2.886361105134281901e-01
2.879767214701378086e-01
2.884393702695028372e-01
2.895510570438233899e-01
2.886640745510361539e-01
2.879544103867182625e-01
2.880176447044481836e-01
2.884829406140781982e-01
2.889992611648173892e-01
2.897114240144004205e-01
2.890267897655027229e-01
2.878850917477039917e-01
2.882089425523108872e-01
2.878674713072313374e-01
2.874221005322962208e-01
2.885166189062545183e-01
2.885049280169666441e-01
2.886306715064655415e-01
2.879017275375800877e-01
2.885398893499690476e-01
2.874551433708160131e-01
2.877363297251073204e-01
2.873807855546219869e-01
2.876186336798801091e-01
2.885721734289157792e-01
2.892066935410561035e-01
