8.903226232267154039e-01
8.916307992510913438e-01
8.909101439084059493e-01
8.902805286549831942e-01
8.887962502495250217e-01
8.906593872100182496e-01
8.911645219706448851e-01
8.910641930312754866e-01
8.915379092427324625e-01
8.916247188463308770e-01
8.902882036981022429e-01
8.912515869462662721e-01
8.911939018420629299e-01
8.912473435978638392e-01
8.913078425019542728e-01
8.909689713583615056e-01
8.912159711913183457e-01
8.913330806290558073e-01
8.925539230364875065e-01
8.899831151731232293e-01
8.916567657196887708e-01
8.913560500819794896e-01
8.906262713583149582e-01
8.904005700936812318e-01
8.912785143738107818e-01
8.904418186622895526e-01
8.915162039434348928e-01
8.918226912654827476e-01
8.915281426167170897e-01
8.914234963275644574e-01
8.912484570701020292e-01
8.910007243519244557e-01
8.914416208461907187e-01
8.909487933038837681e-01
8.918679910698565916e-01
8.906715316681123040e-01
8.911354778629925200e-01
8.915639070078713591e-01
8.909686878119712494e-01
8.910895236946347886e-01
8.910302008667947415e-01
8.909733805115922500e-01
8.918259253892832916e-01
8.908275713613977853e-01
8.909755874930790354e-01
8.915535881065581592e-01
8.922055469132637029e-01
8.910979906777025672e-01
8.915997952002998606e-01
8.919123549307356180e-01
8.911980541065946948e-01
8.919879777427996981e-01
8.922771958893687128e-01
8.919085248760705298e-01
8.905774408899151950e-01
8.913427639910378453e-01
8.909167897597530805e-01
8.913225679242560151e-01
8.915290871877763479e-01
8.911530848715446540e-01
8.914185389149423822e-01
8.905214871493015716e-01
8.914364771840284085e-01
8.902172308017652913e-01
8.901958591965974943e-01
8.899631669671090872e-01
8.907366868099079182e-01
8.899637898472395614e-01
8.901011823688889102e-01
8.916413013784502128e-01
8.907570231368034941e-01
8.914113296393830765e-01
8.909178598126534787e-01
8.906623922036898122e-01
8.913942849042493233e-01
8.907105076629473484e-01
8.909097864269670541e-01
8.917326272594666703e-01
8.909971495094157756e-01
8.921467968436106455e-01
8.915096322025486408e-01
8.909716879554957503e-01
8.911941599092538802e-01
8.909383035649589555e-01
8.917629380761462610e-01
8.909927401499335708e-01
8.913557652879627868e-01
8.896833952704283899e-01
8.907555998670789732e-01
8.910107869830774519e-01
8.909993692766960960e-01
8.909025354987809564e-01
8.915861359099442884e-01
8.917282921742275548e-01
8.911515408478777323e-01
8.923035556411451630e-01
8.905299607502571435e-01
8.913206238662479963e-01
8.909781939472536383e-01
8.909879873922939009e-01
