4.231651031524740203e-01
4.242973094308155613e-01
4.235144723909671227e-01
4.234600969787685187e-01
4.244362375903232287e-01
4.243456799272788960e-01
4.243528033580750702e-01
4.250186892913043746e-01
4.243239089828835797e-01
4.253770776805785303e-01
4.259713567665132095e-01
4.237110839627880043e-01
4.241551625345771903e-01
4.246526706677667962e-01
4.237050728407767974e-01
4.244465120170493044e-01
4.250482121921527190e-01
4.248299952970656101e-01
4.250066959887209839e-01
4.239300754849253949e-01
4.243663041910206157e-01
4.243533649362900562e-01
4.246037970931980654e-01
4.245087152011202125e-01
4.235283559331271541e-01
4.246627503704268891e-01
4.253796996489880300e-01
4.255334142760870964e-01
4.237479482218593496e-01
4.234396025493883942e-01
4.251055075763331415e-01
4.246890560067899667e-01
4.251147612992134395e-01
4.242282257133587198e-01
4.249706694109599558e-01
4.249133259846034072e-01
4.239688694444298522e-01
4.256750876567164110e-01
4.242498436768299408e-01
4.245961566211764460e-01
4.251405380519333588e-01
4.248405304753191114e-01
4.233256996684806595e-01
4.256208661897917800e-01
4.234202115558062252e-01
4.244059146231010105e-01
4.247127444320853429e-01
4.239799411251528038e-01
4.239663819675043577e-01
4.245520928980806574e-01
4.244087576309177878e-01
4.250489967580102224e-01
4.252554228742018161e-01
4.241466137318244956e-01
4.246920233015893942e-01
4.237093838643866128e-01
4.231840772320771826e-01
4.242978283524160843e-01
4.233745360583540673e-01
4.250597689038127514e-01
4.245152552467478246e-01
4.233403641754950320e-01
4.240259300482250859e-01
4.244319230615309912e-01
4.243352176112983876e-01
4.254939413257779468e-01
4.249640525932793511e-01
4.240874949453605769e-01
4.253636158333401474e-01
4.252579936346275180e-01
4.239332098429033913e-01
4.248450261765822633e-01
4.252538687789829686e-01
4.245387844357173535e-01
4.248433599318276466e-01
4.244270170779878559e-01
4.234334172593972045e-01
4.243395934507778744e-01
4.248617931047764529e-01
4.241664413345519469e-01
4.256590766741774612e-01
4.235120221658208450e-01
4.254870968166982181e-01
4.256547847964026188e-01
4.241673928786028891e-01
4.252981881615826021e-01
4.231549946628571091e-01
4.252374167966880281e-01
4.254243355235887147e-01
4.252345697167865812e-01
4.248515960891965926e-01
4.249219426210100181e-01
4.230647585475226791e-01
4.247965942179631194e-01
4.235059715823127346e-01
4.244283967903457744e-01
4.246864889315097313e-01
4.239833122358140916e-01
4.244234692334810655e-01
4.252903958862439548e-01
