3.646716862100715661e-01
3.662236189580795331e-01
3.660539658595912682e-01
3.650269033220420178e-01
3.658160143416626653e-01
3.656043804990800616e-01
3.645104462892233554e-01
3.646009897444654202e-01
3.641457941385004560e-01
3.660783121233980308e-01
3.656722092876002472e-01
3.657074561517440481e-01
3.653489065538993996e-01
3.658652851917760795e-01
3.657268555828916412e-01
3.658199066424218659e-01
3.645486476656328856e-01
3.655208490522229847e-01
3.658122715464642294e-01
3.660857910151865680e-01
3.647886229628025667e-01
3.645389606070314481e-01
3.658782895810160918e-01
3.649500539541838950e-01
3.654319650746624681e-01
3.662196299276675449e-01
3.647645408058431404e-01
3.649724004808230782e-01
3.652210500371674273e-01
3.645518814363551408e-01
3.652761199632170719e-01
3.653651259264832918e-01
3.664051521766897301e-01
3.653756104486944323e-01
3.647734878349864762e-01
3.659625380826708740e-01
3.650496657614343832e-01
3.648404225060087325e-01
3.652003935153165792e-01
3.663336807187199673e-01
3.653464223446210579e-01
3.656692492178214016e-01
3.645763315148910499e-01
3.660231895803623403e-01
3.666002219604077572e-01
3.656107581762788050e-01
3.650403844166959511e-01
3.665253935307858923e-01
3.659542340656959936e-01
3.652106550737554969e-01
3.663599783150198186e-01
3.649703263631936534e-01
3.649140551635681184e-01
3.661457535566445265e-01
3.659503021878054985e-01
3.654669719392867888e-01
3.654220461108095841e-01
3.649990632492413623e-01
3.659213930639180767e-01
3.649840591534282419e-01
3.657317514197624964e-01
3.651472621884750414e-01
3.643352832300448818e-01
3.658536017637553650e-01
3.655686071891559585e-01
3.651580531730532764e-01
3.656139454172069314e-01
3.672438234918388167e-01
3.651787907710676850e-01
3.648934938281714890e-01
3.655794765421584991e-01
3.643544880025254562e-01
3.653136274642786452e-01
3.650608288326954720e-01
3.658045167940381925e-01
3.653028746881862299e-01
3.649938892362746268e-01
3.651664310918509293e-01
3.653166305899768762e-01
3.649592104989516916e-01
3.660399562657564165e-01
3.655146515010340713e-01
3.659966407205295646e-01
3.651287022306800023e-01
3.664403430833637065e-01
3.655173250626035375e-01
3.643443615316327433e-01
3.649760228990401867e-01
3.660299031195251573e-01
3.663362114941913217e-01
3.652324304423572032e-01
3.649662534815035775e-01
3.659719142103645684e-01
3.669059189813457245e-01
3.659253122007256054e-01
3.658875610246511423e-01
3.651818422524034657e-01
3.646933166965442008e-01
3.655127144561579056e-01
3.655699495088901574e-01
