7.644316966110721312e-01
7.657037514064292116e-01
7.663779663842975598e-01
7.667974023815584683e-01
7.671518768203512417e-01
7.666836408193251629e-01
7.671674030414095125e-01
7.661126188028424266e-01
7.675385629733291193e-01
7.671952890179506435e-01
7.674226608980081465e-01
7.676358302764031416e-01
7.662863684194198832e-01
7.673783399424185525e-01
7.657676347021378227e-01
7.663947521566040200e-01
7.662013941149110607e-01
7.656033319972124218e-01
7.669657287093087916e-01
7.652426217676725484e-01
7.672778350990443474e-01
7.664118949489496790e-01
7.653048431093938397e-01
7.675747202934043445e-01
7.665992104911536487e-01
7.677492248512142181e-01
7.664755777273473125e-01
7.670786012156753930e-01
7.672650235790342554e-01
7.654311881075326340e-01
7.658706835627075993e-01
7.670995820673287557e-01
7.668388126465393029e-01
7.664950379080082143e-01
7.672202638899787708e-01
7.659253529323766241e-01
7.673276373720512300e-01
7.665421971460575357e-01
7.660937280891677581e-01
7.671056148449746370e-01
7.661239788295264308e-01
7.662511442671458006e-01
7.662958453597101816e-01
7.662393430651666115e-01
7.655477057763713233e-01
7.656576635790668384e-01
7.661351962104840929e-01
7.669224304614319365e-01
7.671737685108924731e-01
7.659557405953907328e-01
7.667433063332920185e-01
7.665713891059117158e-01
7.678240332799901591e-01
7.674216916668195054e-01
7.662481199829289658e-01
7.668595785748788529e-01
7.662741239060310017e-01
7.668162851316964179e-01
7.658689215107847836e-01
7.667914472829395756e-01
7.670172378170407868e-01
7.654840892803120855e-01
7.671892997505549427e-01
7.666698661834623341e-01
7.669446907726007456e-01
7.669392456546635373e-01
7.657772130978257596e-01
7.663676928818884404e-01
7.667828607480822178e-01
7.658424970844035506e-01
7.665107168725248110e-01
7.666411609831275120e-01
7.667421905809248539e-01
7.664190046196663886e-01
7.660083082828206269e-01
7.663119142288887797e-01
7.674282769045218666e-01
7.672040744390981049e-01
7.666988446411251434e-01
7.661646021612533719e-01
7.664752909784932067e-01
7.664626075462602772e-01
7.662273257351114308e-01
7.659350217393990912e-01
7.671854901096445412e-01
7.660799513090559287e-01
7.661805019212314383e-01
7.659772215719642396e-01
7.669598291298100889e-01
7.656772631422834596e-01
7.657903602340951910e-01
7.678642600820715369e-01
7.665185660064892659e-01
7.665579050288815477e-01
7.659837212219399172e-01
7.659981412765360931e-01
7.662743702219215747e-01
7.668886658589935124e-01
7.670610812835644277e-01
7.666817859147970760e-01
