4.693081447242991033e-01
4.706822261097325377e-01
4.707569693380177500e-01
4.703179757513384351e-01
4.707629344880883693e-01
4.704392175978658330e-01
4.701020274303741031e-01
4.717607024068267707e-01
4.709469056914555862e-01
4.711334666932445181e-01
4.711741066107955067e-01
4.702551617418192498e-01
4.708555119237449182e-01
4.713498262864484478e-01
4.705698159151631144e-01
4.702240742786696348e-01
4.713678494467687941e-01
4.710951167377697146e-01
4.707751559683089893e-01
4.713904988410670405e-01
4.711279801717856430e-01
4.711063674888928410e-01
4.703121230191734115e-01
4.701431330547782839e-01
4.706769410721978186e-01
4.713968842564152939e-01
4.702935682029460995e-01
4.710284348751810901e-01
4.704195550130357839e-01
4.713726375316171779e-01
4.709853701673617499e-01
4.714753958201534090e-01
4.715335290098802146e-01
4.705962787140391956e-01
4.710414611277243813e-01
4.708286431050948684e-01
4.710570724804517551e-01
4.697054780371290872e-01
4.707168224158055359e-01
4.709905781550755011e-01
4.702904741389368759e-01
4.700268850971399681e-01
4.710205991896408984e-01
4.704828623733659509e-01
4.703379097459225999e-01
4.695262109508137049e-01
4.706894371694617663e-01
4.712173629209340797e-01
4.703216998865255016e-01
4.712334190083543595e-01
4.708887865995399769e-01
4.702046329736384589e-01
4.713879921125484485e-01
4.711464291180659791e-01
4.722878671907851933e-01
4.716485676347491052e-01
4.706601029061843189e-01
4.708699951030168029e-01
4.711436942192804289e-01
4.704698604635477732e-01
4.722838578759073203e-01
4.700447054630577659e-01
4.715154692132823566e-01
4.711597735499121198e-01
4.710536497218387186e-01
4.702172881664590243e-01
4.702069351287291865e-01
4.703392890602604570e-01
4.703067740387537610e-01
4.704793188253070246e-01
4.702962388803220151e-01
4.703509242191236672e-01
4.699811626533313413e-01
4.705218289841057722e-01
4.709537365115760710e-01
4.701742329338858828e-01
4.688580394290497999e-01
4.697857918790565024e-01
4.712291846156217989e-01
4.711823698057665544e-01
4.710999419048198522e-01
4.706677850116375295e-01
4.702600894900325623e-01
4.696784412287974275e-01
4.708894890048804793e-01
4.706752781085710158e-01
4.704854481171938385e-01
4.706408250917457625e-01
4.703553125619011066e-01
4.704931527786320178e-01
4.705452519065831396e-01
4.700639000407507151e-01
4.713640154536021809e-01
4.704306678941226338e-01
4.702444200078798597e-01
4.698654731360167314e-01
4.713037084903845542e-01
4.710572397598641325e-01
4.701747569022416418e-01
4.705770956166710484e-01
