7.382077329234791874e-01
7.382942954502089705e-01
7.395898791827877350e-01
7.384676233686908731e-01
7.392424853198584778e-01
7.381042215080415581e-01
7.388640631103192691e-01
7.394728272403896518e-01
7.392368259653162577e-01
7.380692913889492779e-01
7.378599713140012728e-01
7.382073976855806352e-01
7.380446813163050734e-01
7.389439009669438452e-01
7.383338287676325384e-01
7.375495041854566169e-01
7.384365218401403030e-01
7.388289481819725335e-01
7.390801874648473824e-01
7.385649165358154633e-01
7.381820679181054778e-01
7.386551356837802729e-01
7.377959837745559080e-01
7.384110192403383621e-01
7.389010670171684003e-01
7.380367857008158783e-01
7.379091237294940209e-01
7.388583273703133170e-01
7.371569474208607975e-01
7.379318077566683343e-01
7.397291666185952241e-01
7.394566701222770044e-01
7.387057489944659494e-01
7.382473345355162753e-01
7.389820164441763817e-01
7.383544128518029215e-01
7.383573541705044097e-01
7.386695909345034616e-01
7.382803476645871665e-01
7.380859940844716194e-01
7.394621612736955729e-01
7.384734001818971105e-01
7.393587867437106942e-01
7.389127522380833923e-01
7.380744676685000449e-01
7.385422127451470864e-01
7.387942348813921756e-01
7.382960340589083126e-01
7.386811642655878307e-01
7.380598245179608163e-01
7.376338518331740923e-01
7.387556505154657671e-01
7.389502502202425216e-01
7.382405152765876277e-01
7.381738631123195837e-01
7.376681044908444118e-01
7.390153193464512604e-01
7.386404803577952816e-01
7.381059704916439479e-01
7.374896911056023630e-01
7.386898546436624358e-01
7.376880170704069872e-01
7.384685274838602709e-01
7.386867555282601305e-01
7.387196494010874748e-01
7.388866072936822738e-01
7.383161134786838664e-01
7.386899882133421968e-01
7.392355254348896842e-01
7.385216476350375814e-01
7.370358043833904471e-01
7.388990982783216754e-01
7.382920491725102341e-01
7.389645243212557002e-01
7.398812879029583733e-01
7.381656236357612144e-01
7.370471928078217161e-01
7.389601760546777864e-01
7.383269328903054873e-01
7.385223155320985722e-01
7.389868819387308552e-01
7.393874932260631194e-01
7.391897170900085801e-01
7.380382846904242067e-01
7.378925743874835685e-01
7.378998328050302424e-01
7.384670674859294959e-01
7.380792846851629285e-01
7.381321933361983945e-01
7.388130802956319743e-01
7.395269962113489859e-01
7.390794484660009322e-01
7.384653414618174150e-01
7.394867193681399220e-01
7.382476606990193702e-01
7.394624640152756001e-01
7.383214179219074191e-01
7.391742157056073736e-01
7.385778639829357894e-01
7.384223411624810662e-01
