5.530944939838068342e-01
5.555841602801215862e-01
5.558412596167570108e-01
5.554125443466149115e-01
5.555100095514999836e-01
5.559764751674592942e-01
5.555896628384529023e-01
5.559762530832258465e-01
5.560020400218602665e-01
5.547561060731445171e-01
5.567072632860439185e-01
5.559065225640948960e-01
5.537160539837354678e-01
5.565927986096808056e-01
5.556629919990403454e-01
5.549060474813994892e-01
5.556327402887694111e-01
5.559662102477594958e-01
5.560054189655868617e-01
5.559479537105279645e-01
5.563933726531788970e-01
5.550408543111882143e-01
5.555311830421305608e-01
5.553221955331313353e-01
5.549218255321972659e-01
5.550364364626740876e-01
5.544763262742457011e-01
5.553431395750494382e-01
5.545005523045773987e-01
5.559083296568203547e-01
5.553967096832550521e-01
5.551594689666835558e-01
5.563286390689368144e-01
5.550361927281275420e-01
5.551152027848209602e-01
5.551251487256833039e-01
5.558303710989429547e-01
5.565833442603651537e-01
5.563811120349630990e-01
5.557862503606347815e-01
5.548115683095878881e-01
5.544078204057825143e-01
5.555656625892166911e-01
5.556687180147572569e-01
5.554771737145586252e-01
5.552891963941813946e-01
5.559252137488425172e-01
5.548475505720327217e-01
5.549484816922821695e-01
5.542928592584386305e-01
5.547561031377556962e-01
5.553475308243583930e-01
5.548842331757513069e-01
5.556830597916058156e-01
5.556618267623878449e-01
5.552255347888372938e-01
5.552799899779399251e-01
5.554906683616435137e-01
5.549879178976420135e-01
5.563687273233449693e-01
5.559590832341090305e-01
5.544136346881846089e-01
5.555315596035104164e-01
5.552754548408718183e-01
5.559025765099231409e-01
5.555822125475715634e-01
5.555878425896179085e-01
5.556341842928358421e-01
5.550851215671475103e-01
5.546971079660010240e-01
5.564627382410614054e-01
5.545150926610182829e-01
5.546499050833051392e-01
5.551311850855060737e-01
5.561049642515796254e-01
5.560726267914799514e-01
5.561916366381631782e-01
5.551638393777621472e-01
5.564629067772497439e-01
5.559099181035414006e-01
5.552418867234494293e-01
5.557047444247014134e-01
5.556970144496400366e-01
5.571014844723023440e-01
5.546347018885762203e-01
5.546293460315825374e-01
5.558640036716456789e-01
5.554275755424278316e-01
5.558823866523083801e-01
5.549566817917070960e-01
5.549460378181135800e-01
5.544845637868066612e-01
5.554700604934796893e-01
5.561470000157765492e-01
5.557108065059801483e-01
5.558942142176401813e-01
5.544416838285217697e-01
5.547435406916759737e-01
5.555016311276202989e-01
5.546429682091433833e-01
