6.587123492270399727e-02
6.654794018532070310e-02
6.734702899823644118e-02
6.827633295341645203e-02
6.726296683776043783e-02
6.774197486129043821e-02
6.785019136435647968e-02
6.694148706131121396e-02
6.684039881193307164e-02
6.643411977549940062e-02
6.616486868656692999e-02
6.713408680005558682e-02
6.721233391619330089e-02
6.816929301855935430e-02
6.743467421859386524e-02
6.711852662467945874e-02
6.632530839288205970e-02
6.748780873926080170e-02
6.789409149943449739e-02
6.607022275484633611e-02
6.685361111175554261e-02
6.621590302332902578e-02
6.614729982784409157e-02
6.649669254623093162e-02
6.700354527132208748e-02
6.543846227750427236e-02
6.650621727933106464e-02
6.641020273995212886e-02
6.818546994745622314e-02
6.662170000183939567e-02
6.711171220436867868e-02
6.649400820815845603e-02
6.700108897303670707e-02
6.735816695311142022e-02
6.699696622623192710e-02
6.644423089120693460e-02
6.706903378891566903e-02
6.733611944297833440e-02
6.580290058667784270e-02
6.739979739422947980e-02
6.736083048255087080e-02
6.728609072036659255e-02
6.649354074266312919e-02
6.687540648970774493e-02
6.724209634846720074e-02
6.769983175776891904e-02
6.686837934223310853e-02
6.591173453708393248e-02
6.709741952359893347e-02
6.808091614036811123e-02
6.692128974710688516e-02
6.693374645882060880e-02
6.705691730675003570e-02
6.702261372970116926e-02
6.703127568664882241e-02
6.778267786786110194e-02
6.708703160500151252e-02
6.740430473816451384e-02
6.768415782140455028e-02
6.683128877338100071e-02
6.811967744745751896e-02
6.743788302028273784e-02
6.765875075705923836e-02
6.658186333362095533e-02
6.709496731927301616e-02
6.683673475160201161e-02
6.665007120979407618e-02
6.742585450897153887e-02
6.703861295417505584e-02
6.791600811027505291e-02
6.726042604292081784e-02
6.719657048670514554e-02
6.749858962367795423e-02
6.678547726540855212e-02
6.716558157931860895e-02
6.625942919553064192e-02
6.686912341084939870e-02
6.697520503241137513e-02
6.696331454894048629e-02
6.685955260344431106e-02
6.590266264846063315e-02
6.696713701596922197e-02
6.721354651717939555e-02
6.673555605895835352e-02
6.706298214618933162e-02
6.690925347210691099e-02
6.684670282450042023e-02
6.673046694023246350e-02
6.718841317171844740e-02
6.725754723809712621e-02
6.609275404755018957e-02
6.719954672433714471e-02
6.730084489715670859e-02
6.718937278133194080e-02
6.730208610206894759e-02
6.759617481383292659e-02
6.719289552834534218e-02
6.687974910730166977e-02
6.713915011468640781e-02
6.804573797980680017e-02
