3.106689453125000000e-02
4.031173918950920441e-03
2.933326492768128374e-03
8.117438842553483837e-04
1.519341882665929504e-03
1.765572003975212929e-03
2.726662848785754278e-03
7.800087387071711741e-04
1.161718469649139192e-03
1.914785042982333849e-03
1.696646202320213973e-03
1.506114534979081888e-03
2.608422658644837019e-03
1.128602463551555898e-03
1.294623573769432961e-03
6.040778646950063085e-04
1.229446160222105039e-03
1.766518504910490495e-03
1.847536865692822865e-03
1.895486604564845714e-03
1.092902757644559700e-03
1.600875848171663413e-03
2.974395433824959366e-03
1.929096833232572718e-03
8.607626403241868448e-04
1.377791452687528694e-03
2.926581686332235550e-03
2.258696223438186497e-03
1.602619545894544417e-03
1.859379687779974012e-03
9.258895938124374250e-04
1.588901923636722646e-03
1.033191045091774642e-03
1.016237142426072802e-03
2.220489812167136465e-03
8.158875983359738151e-04
7.848396350976637615e-04
1.372729152415040057e-03
1.940845473056578788e-03
1.199242266274740641e-03
1.671467425888323571e-03
2.674708555683186564e-03
1.680424310103795747e-03
1.227361095977586285e-03
1.818831010020920862e-03
1.547981658244063780e-03
2.318886585504493451e-03
2.007316968470485106e-03
2.280473258416950040e-03
5.141197638340773163e-04
2.012688964370900734e-03
1.693119709038188063e-03
1.615626738279504803e-03
7.485259727498882283e-04
2.175895234312373930e-03
1.628664420172490704e-03
1.673582445176838816e-03
1.637620236779533051e-03
3.547633655129277773e-04
1.747621863753906490e-03
1.086221480406435614e-03
1.948361334946366015e-03
1.016749471538482040e-03
2.154153952622731797e-03
7.765029237035119946e-04
9.309714520484247899e-04
1.584977872714979493e-03
1.821342301039010226e-03
2.474123450653922980e-03
1.649215991277451932e-03
1.813854426624709462e-03
2.331019843945526891e-03
1.764228655230739087e-03
5.363487713050636230e-04
1.011855531638139417e-03
9.055097455743764141e-04
1.126592407563700715e-03
1.139994913495001073e-03
1.768081859272432410e-03
1.310315963850268526e-03
1.228822661921079220e-03
1.272113265931284869e-03
1.099075174136683944e-03
1.344099284151899351e-03
7.098081390681095990e-04
6.071736526358516338e-04
1.148171004313153264e-03
1.475277842572411029e-03
1.729359050648253144e-03
1.675623161527380663e-03
1.732875069995509863e-03
1.062262149055958780e-03
9.129675630789520517e-04
1.515420015504402194e-03
2.284904857132119549e-03
1.647986625480307461e-03
2.533679587620778694e-04
2.287144402720483333e-03
1.748830768733982766e-03
1.589887375881304278e-03
