1.685492042191291673e-01
1.689480023912612594e-01
1.698434863767527281e-01
1.690839012234203464e-01
1.698406677077648197e-01
1.686213054122565058e-01
1.691869107889590329e-01
1.693079693154803944e-01
1.676748886956336837e-01
1.684793897986395228e-01
1.690620910761647389e-01
1.695738583145072198e-01
1.685827794133928914e-01
1.696772280461333327e-01
1.683194075407360712e-01
1.683418532438019644e-01
1.694855910188158565e-01
1.680488892804465062e-01
1.688514704717713755e-01
1.683141062665515497e-01
1.678318821160513785e-01
1.686931965061628236e-01
1.693403108939286750e-01
1.695195160695311398e-01
1.676903143396537010e-01
1.682489384267885357e-01
1.689192286162561063e-01
1.681091674945147940e-01
1.685456004251125739e-01
1.696016465276018459e-01
1.687373880229543210e-01
1.695719838148032621e-01
1.694817227022961947e-01
1.692809692009282219e-01
1.693417095268217321e-01
1.689402520601025470e-01
1.687103289860149569e-01
1.699578941681231248e-01
1.702190963992716299e-01
1.691001085573454743e-01
1.683271137194116140e-01
1.676105491624092503e-01
1.690103449754278564e-01
1.698130333912334922e-01
1.686427293131944061e-01
1.686309938748303261e-01
1.682493238574659933e-01
1.694051911737963212e-01
1.686037374321102400e-01
1.680185065910725917e-01
1.678612136454871173e-01
1.702632641782057532e-01
1.690549225774137798e-01
1.688578328055298505e-01
1.692951004799000403e-01
1.693644608387392392e-01
1.687177661876715362e-01
1.695729780081892124e-01
1.689331243566472018e-01
1.699254191284258197e-01
1.691578357052742621e-01
1.699359111389644461e-01
1.702177191220851649e-01
1.694635429376895042e-01
1.689064129088729271e-01
1.672986992759918634e-01
1.701212651890819660e-01
1.686518287626536106e-01
1.687049900573325267e-01
1.685834756496303322e-01
1.683423995789787020e-01
1.687839129394915205e-01
1.689227185470296155e-01
1.687409951713322864e-01
1.685315162128094013e-01
1.687793930788367702e-01
1.687158186594583109e-01
1.703892816787003495e-01
1.691327733040211556e-01
1.696962334421766028e-01
1.671289236891034813e-01
1.689701139589642465e-01
1.684896188086736912e-01
1.686727935674888768e-01
1.694178224521640796e-01
1.696602296864019310e-01
1.671627279316035830e-01
1.691055331317905808e-01
1.695736473747828099e-01
1.696975156309367683e-01
1.684976593492242825e-01
1.678653503651614254e-01
1.689706883587269171e-01
1.682869711331371754e-01
1.686627491062572537e-01
1.692412362591172170e-01
1.686009745651925185e-01
1.693235241848712047e-01
1.684378998154257845e-01
1.689238737847767458e-01
