7.700664457946113650e-01
7.700610607792558460e-01
7.709376548158880516e-01
7.711180747977786076e-01
7.698059038042518454e-01
7.705722037529219026e-01
7.708827216448298492e-01
7.705154548951060889e-01
7.707785940046455453e-01
7.711976819930750349e-01
7.710696977287203602e-01
7.697686397233993727e-01
7.708013291917233945e-01
7.709653238303755263e-01
7.706209426580019617e-01
7.700832323427939663e-01
7.713814904459019850e-01
7.709700541536315122e-01
7.701790625723456962e-01
7.695564141394877211e-01
7.710740278465544328e-01
7.700357079751746214e-01
7.704108841807337793e-01
7.702735502804828327e-01
7.706236239825131618e-01
7.691507611992228766e-01
7.715708007428667692e-01
7.701695027807967664e-01
7.708461931485648400e-01
7.705364088063419992e-01
7.707375208996773974e-01
7.705114667041437215e-01
7.717493997921999194e-01
7.710230161192577203e-01
7.707129009245264895e-01
7.705067876384876779e-01
7.706328917679916568e-01
7.724241163397509435e-01
7.700442629727746180e-01
7.701515501875342284e-01
7.703566502328609289e-01
7.709807913526323109e-01
7.708537077706432150e-01
7.711619760460711737e-01
7.706597525662894910e-01
7.704924438147510157e-01
7.698843475243015710e-01
7.692032343075929646e-01
7.702185216015529079e-01
7.699641194576953840e-01
7.714781699102033485e-01
7.706475758362039130e-01
7.711328541051245544e-01
7.705551141001524273e-01
7.708848620599384471e-01
7.697079946862653843e-01
7.699030233893500164e-01
7.709796406021680593e-01
7.704721210149682031e-01
7.705427370724504677e-01
7.712246091455462471e-01
7.706152176368213924e-01
7.710048202216965851e-01
7.696628303352773814e-01
7.708809247442194312e-01
7.696659686165605585e-01
7.698406235392707408e-01
7.701994173436930158e-01
7.709334828177603072e-01
7.713537236925189777e-01
7.714362944612938033e-01
7.707560775998755220e-01
7.707254638381408895e-01
7.706176995910620775e-01
7.703013894093251324e-01
7.714452515629279805e-01
7.706191812236645733e-01
7.697321896808531072e-01
7.705301355327436319e-01
7.707322979379133132e-01
7.708563629575460041e-01
7.697584769184695475e-01
7.701755791403862572e-01
7.708388288726750748e-01
7.702104140950054578e-01
7.699570607225738605e-01
7.710045256321562679e-01
7.713249398780308574e-01
7.703258272740998169e-01
7.704306659875709284e-01
7.696629683408511280e-01
7.703571208652997271e-01
7.707019820820598666e-01
7.706543689726157442e-01
7.701285812976479406e-01
7.710399647901540199e-01
7.702807145660437449e-01
7.715581270443585549e-01
7.713531536066274841e-01
7.692866796644973748e-01
