6.055017391960182405e-01
6.076448850870210805e-01
6.074844925641519344e-01
6.082586356918425752e-01
6.078913379271684292e-01
6.089215969736139211e-01
6.067901298765256968e-01
6.062966302037477995e-01
6.071982235100243930e-01
6.070874725121585547e-01
6.078397581989871679e-01
6.074186479635571567e-01
6.072145032707909618e-01
6.063109536370682173e-01
6.073145746373409537e-01
6.069940298440833493e-01
6.069771560718146830e-01
6.084272932706866754e-01
6.085724502727545282e-01
6.080266326936847321e-01
6.068422743920720563e-01
6.075474841482378929e-01
6.071147014041925472e-01
6.063586712172446269e-01
6.079735217751708332e-01
6.073818001163167057e-01
6.069343494658232530e-01
6.082631664703005425e-01
6.063143117812735960e-01
6.076216241176402022e-01
6.077680596065819785e-01
6.063840885916442769e-01
6.058873018833120794e-01
6.066310404821184665e-01
6.079226566875706173e-01
6.082086654979288465e-01
6.066160826281782326e-01
6.075720990723554316e-01
6.082232835317620268e-01
6.069421913219855691e-01
6.072818933812409448e-01
6.066860640556550610e-01
6.069267385036225537e-01
6.070946752669639235e-01
6.076223739323571849e-01
6.075465949904693685e-01
6.080649444004935233e-01
6.074688433196948623e-01
6.068685639061843773e-01
6.081708539268594338e-01
6.078892144434908662e-01
6.061123169349020845e-01
6.076037751576010004e-01
6.078961891780327864e-01
6.070709787754879905e-01
6.071984527032141532e-01
6.074455264839035973e-01
6.075418577594789982e-01
6.078747473074600505e-01
6.077102295957472755e-01
6.057494797524769492e-01
6.091429647452545337e-01
6.077786444425342660e-01
6.057850384045957437e-01
6.070337987826213144e-01
6.078760944334472560e-01
6.079942252376757672e-01
6.070051924480617256e-01
6.072161939544304943e-01
6.075836086738864994e-01
6.074989027070112346e-01
6.077952199175891135e-01
6.075460150779388169e-01
6.082212112985750929e-01
6.071225226674467068e-01
6.066222787715436215e-01
6.075818816117255494e-01
6.079458236764235801e-01
6.079349156400910559e-01
6.076268826873598705e-01
6.085085000184615733e-01
6.070779460346444889e-01
6.077140601271532327e-01
6.077722631731070635e-01
6.074207721491247103e-01
6.082382163705039035e-01
6.079678171963529554e-01
6.057657688184795441e-01
6.070294107697427055e-01
6.071298908698501418e-01
6.079405666683250775e-01
6.075339469014615634e-01
6.079445156893621416e-01
6.072345339668087094e-01
6.080502783745804773e-01
6.071696220876897643e-01
6.074958190280885795e-01
6.068046435452221221e-01
6.082655591203736112e-01
6.079104083438755524e-01
