2.839315154739892044e-01
2.850917354382176416e-01
2.847483307811444209e-01
2.841941708978338865e-01
2.846681050036551364e-01
2.843741687501571969e-01
2.834665640146016852e-01
2.845925829385931860e-01
2.846078474964945371e-01
2.846262027640776848e-01
2.843077650368932008e-01
2.841198640708310630e-01
2.832996924968843033e-01
2.842415029372237223e-01
2.837312619539067438e-01
2.843505414478829652e-01
2.833750915122084102e-01
2.839938379661163248e-01
2.856595734403381548e-01
2.840001997902464881e-01
2.854224474117240673e-01
2.845288323771524297e-01
2.846096546361079338e-01
2.840059491211299747e-01
2.838431817600529095e-01
2.849968216831991752e-01
2.847550274295170269e-01
2.844251079573414387e-01
2.839425709845755375e-01
2.848618484472878465e-01
2.851372531637613728e-01
2.850229633218438474e-01
2.851336866696712602e-01
2.834661639068551953e-01
2.840695552353562081e-01
2.846234873086727069e-01
2.842189819847757426e-01
2.845675777567010512e-01
2.841265034168133918e-01
2.841737140510565141e-01
2.837947505072847543e-01
2.839987768512732269e-01
2.838422519942244149e-01
2.837961475037866221e-01
2.838279040182478674e-01
2.854234306944566368e-01
2.844093924017319641e-01
2.838658286761049920e-01
2.842719572347287005e-01
2.845368554134145023e-01
2.840430359428683937e-01
2.843048635828946957e-01
2.839538952408267036e-01
2.841394076355358567e-01
2.850754042977984848e-01
2.837933048752061538e-01
2.845726789019029090e-01
2.834672383150791952e-01
2.842672170458021008e-01
2.847315469897489515e-01
2.844024783806780032e-01
2.843019523765701329e-01
2.840592380651352777e-01
2.836465348481436166e-01
2.851051584103234116e-01
2.836461191135776216e-01
2.856333170769871366e-01
2.843016350963836203e-01
2.842481263217304654e-01
2.845064375718829863e-01
2.847591998196610796e-01
2.835775331140237276e-01
2.836997111282194006e-01
2.838161987677894627e-01
2.829845897555052225e-01
2.847703487176773129e-01
2.829639953945230491e-01
2.845712427801026512e-01
2.833467455166959192e-01
2.841561897144702642e-01
2.841452441397027684e-01
2.850523843164331494e-01
2.841519524339804481e-01
2.843470078964631664e-01
2.840201282556149565e-01
2.833559224638118601e-01
2.838837834887313893e-01
2.840305146657454149e-01
2.845589035454463289e-01
2.836566138791443703e-01
2.840538309028792230e-01
2.842131031695269150e-01
2.843111201831756696e-01
2.853340411477447436e-01
2.848822173479571007e-01
2.837079319822183865e-01
2.841667850257708627e-01
2.838708656939129549e-01
2.838687262013693258e-01
2.845569196981225235e-01
