1.412389559719172127e-01
1.425283583142794019e-01
1.409624744619108472e-01
1.424411683505872883e-01
1.430926444057056268e-01
1.413548872238349907e-01
1.413248576694676184e-01
1.423149422612881576e-01
1.419901371096502218e-01
1.437064730385351763e-01
1.420366584582110070e-01
1.412712215190531362e-01
1.423191453613366353e-01
1.430919290910519781e-01
1.419917966867212389e-01
1.419027886039118669e-01
1.420519201002800325e-01
1.421462085446880130e-01
1.419451016909686336e-01
1.425406581015143948e-01
1.418067604957966021e-01
1.425885743834212904e-01
1.420896399303167301e-01
1.432773634013783659e-01
1.422914257872239518e-01
1.418711822129647415e-01
1.430352281126592295e-01
1.424360576854583060e-01
1.415758604299863777e-01
1.417951698322562348e-01
1.433072150108850584e-01
1.417946352404669541e-01
1.422654121675334116e-01
1.412406527091383535e-01
1.416573505753573325e-01
1.422797377617654180e-01
1.411742562693875103e-01
1.423278530143926301e-01
1.411739608673182045e-01
1.438902897290766092e-01
1.418319808896050249e-01
1.425021952611207621e-01
1.423069916882841457e-01
1.421750787990181952e-01
1.419396514604222004e-01
1.421143744646187201e-01
1.420616653827358467e-01
1.419378111796566755e-01
1.411965056920146122e-01
1.424039079960461029e-01
1.431390740274735840e-01
1.416602738415397300e-01
1.428170057612399291e-01
1.416272654521119889e-01
1.407383180658384192e-01
1.418040970815585000e-01
1.431302342455519350e-01
1.412069005415355072e-01
1.423348070568929424e-01
1.417184307932062848e-01
1.423231277194894617e-01
1.424271900434615490e-01
1.422278801573635121e-01
1.426789836948230139e-01
1.414123550544291452e-01
1.420758248206707985e-01
1.422406292092108504e-01
1.429141868383075886e-01
1.428204666377713428e-01
1.420041165730016319e-01
1.426050968067503200e-01
1.418331977757024409e-01
1.426013590678862908e-01
1.425749261393050860e-01
1.424533201994822584e-01
1.425423776130773368e-01
1.422319349794324561e-01
1.418233101977415256e-01
1.420380790068621613e-01
1.416471514088658290e-01
1.422439179084586947e-01
1.412933930495156865e-01
1.417919899362375946e-01
1.417255996022500630e-01
1.426981274001095090e-01
1.427932055357143681e-01
1.414718571299948269e-01
1.423137345762762185e-01
1.422257438513759020e-01
1.413744873320113837e-01
1.415825661380429867e-01
1.426755226554528577e-01
1.419249912386837120e-01
1.422735950553679629e-01
1.425535416793566046e-01
1.414552129011292236e-01
1.416141838025776478e-01
1.413085893240911273e-01
1.415013915403618150e-01
1.432903671363315312e-01
