8.608387853018497626e-01
8.609195211057738550e-01
8.611186591858311923e-01
8.616637352481300027e-01
8.616478651168593128e-01
8.631980154283894757e-01
8.620779751633005361e-01
8.608728924519265524e-01
8.614999133359733108e-01
8.618189665495483709e-01
8.608903599307229371e-01
8.622230635560217404e-01
8.624835702307221963e-01
8.621059922500868833e-01
8.614531482824858699e-01
8.623136079375249841e-01
8.614319514555489610e-01
8.622575502751541610e-01
8.591394308755657683e-01
8.611177644985924529e-01
8.610523520845083656e-01
8.612286340252937045e-01
8.614054899374439245e-01
8.603136825253243636e-01
8.620439265407152662e-01
8.627251813737146779e-01
8.621050344747014371e-01
8.616425774416895944e-01
8.608990521146144825e-01
8.614766601960744952e-01
8.621490685254471487e-01
8.611852821827629123e-01
8.616750768463147248e-01
8.617425560902371995e-01
8.628745960039750917e-01
8.621362855957301896e-01
8.615482505487741527e-01
8.613662215843567171e-01
8.614102155986462783e-01
8.613435601898173921e-01
8.602492186068284585e-01
8.625313367452511759e-01
8.618085457874946620e-01
8.622438684257194286e-01
8.624952549388401613e-01
8.628154885932218798e-01
8.619583102627724758e-01
8.616405188310986007e-01
8.622585313675894536e-01
8.613715488820292698e-01
8.606642960395503028e-01
8.617260628179852500e-01
8.611857173844479352e-01
8.618219266910549514e-01
8.605527746994510174e-01
8.618582429853283156e-01
8.614815516006304463e-01
8.624511515984942811e-01
8.620267337081588543e-01
8.619903957621177781e-01
8.604518934609708403e-01
8.618338207088402925e-01
8.623542840967984846e-01
8.612018957720102286e-01
8.621447714307900467e-01
8.613572475707459430e-01
8.611346409906105448e-01
8.618301488618408390e-01
8.616778063015498867e-01
8.612858289585785254e-01
8.618128348335976074e-01
8.615415460245591239e-01
8.619730677114358919e-01
8.613207032976901711e-01
8.625697494513738794e-01
8.615908485709596887e-01
8.615591774911310896e-01
8.627226350476198125e-01
8.627383451365273626e-01
8.608932506063967649e-01
8.614825818660112322e-01
8.601212816257377547e-01
8.610240474524263332e-01
8.621217036153276947e-01
8.622734374030283089e-01
8.615173928575834417e-01
8.622456705697835178e-01
8.611887355538285771e-01
8.620975498044325391e-01
8.615955199898368555e-01
8.615119588993740418e-01
8.616855916768737522e-01
8.610990301181939977e-01
8.619282207394415307e-01
8.616366640187789194e-01
8.613140349976508015e-01
8.612934824408821077e-01
8.609811856802525032e-01
8.612711319094207285e-01
8.621946961587132474e-01
