6.509542854774761356e-01
6.520010261143673880e-01
6.505411956911635318e-01
6.513226106517286951e-01
6.512544080155189263e-01
6.515404827377254682e-01
6.519201076567506803e-01
6.520388221027767495e-01
6.518548819977200148e-01
6.518183884003019291e-01
6.514249727510895704e-01
6.514876099421236244e-01
6.513069551232441023e-01
6.516374183307174217e-01
6.521843606984976116e-01
6.514839566315678843e-01
6.508085446362066318e-01
6.508761618149798700e-01
6.505524736511826278e-01
6.515340359402985726e-01
6.519991959400859294e-01
6.509995968214443707e-01
6.522513056655615538e-01
6.517623240822041364e-01
6.519359214739851582e-01
6.517846089347526517e-01
6.510407562049574937e-01
6.505172851352913899e-01
6.517467275511277247e-01
6.507287669165756627e-01
6.520722184259972742e-01
6.505745234345698957e-01
6.513275732900736248e-01
6.515953184418259436e-01
6.529682775661711513e-01
6.517102711811288973e-01
6.515676191510588744e-01
6.523151368726719523e-01
6.520953599019361224e-01
6.512563599189156172e-01
6.515194737834746341e-01
6.511920634859063028e-01
6.523780312891354072e-01
6.509030896955073642e-01
6.515029421266644860e-01
6.521399106556136083e-01
6.512726312283314556e-01
6.530249455867422892e-01
6.524159413420100861e-01
6.510541482981018202e-01
6.522021419241820217e-01
6.513693720008183474e-01
6.511950775885710918e-01
6.521404060954014703e-01
6.521661806225682589e-01
6.523421300384243393e-01
6.521574346881592321e-01
6.505364835342366536e-01
6.514661879593891536e-01
6.526991458096900178e-01
6.522856074454155273e-01
6.512558847868732403e-01
6.524380911855320875e-01
6.513170516233570684e-01
6.513751336362626487e-01
6.519051505858235451e-01
6.523852974685833139e-01
6.513699646884794081e-01
6.523502293421575837e-01
6.515521299270585764e-01
6.524650129683238209e-01
6.516660812179384532e-01
6.510504156647661800e-01
6.511349295058391773e-01
6.505997985691890362e-01
6.523936991807681718e-01
6.516272849942021939e-01
6.516221275304541205e-01
6.514551932337073747e-01
6.514059068516040440e-01
6.525131883610737482e-01
6.500504840049539101e-01
6.522075126343011009e-01
6.510498688097725584e-01
6.523901353013351612e-01
6.513291382998027679e-01
6.521656338415439125e-01
6.510830629410931936e-01
6.512176176873917255e-01
6.498799547134549437e-01
6.520117797268697446e-01
6.513177908160728835e-01
6.517055242000988624e-01
6.518900740642818992e-01
6.516895505162334512e-01
6.519878928092268655e-01
6.506525925017604406e-01
6.510670938244276229e-01
6.516898485806570385e-01
6.509240141910819233e-01
