2.389550987583501096e-01
2.387465179229542600e-01
2.402192745101230931e-01
2.395451941875594570e-01
2.399469336188125856e-01
2.397600062205759441e-01
2.392096488483962391e-01
2.387256202232741764e-01
2.385929848957677457e-01
2.388493284151601836e-01
2.390596030949312945e-01
2.392035922519640256e-01
2.396742089525882857e-01
2.393492439378135384e-01
2.391521811441291445e-01
2.393867436115894032e-01
2.382825460974785647e-01
2.381401711876763860e-01
2.382398508150563865e-01
2.385706886337536914e-01
2.392265607399582938e-01
2.396476946884364412e-01
2.398666713385247951e-01
2.390284939998993385e-01
2.390694554736426669e-01
2.385085136686964646e-01
2.407922970603980084e-01
2.381678455933852745e-01
2.384830178651249910e-01
2.387381835430398003e-01
2.383559480713712819e-01
2.401954543021592725e-01
2.401308605630451676e-01
2.390329795365679910e-01
2.389637290749901111e-01
2.394706617394020964e-01
2.390856519864713592e-01
2.392805028809222301e-01
2.382937384920215118e-01
2.402501853197185344e-01
2.391947311918528607e-01
2.395772030356183857e-01
2.388483848502867823e-01
2.393662782806259548e-01
2.399572471763555259e-01
2.383439623861423884e-01
2.395400286079031049e-01
2.398693547604279219e-01
2.388466585131230058e-01
2.397631733960448597e-01
2.395061912606890053e-01
2.385619810795143181e-01
2.393278694096622194e-01
2.392897260559709582e-01
2.409529599694137381e-01
2.394250359664773786e-01
2.380183136812407396e-01
2.391059115114820555e-01
2.393035639036283913e-01
2.391086184361886358e-01
2.397479103871172634e-01
2.387532084635856644e-01
2.390583641623910405e-01
2.400362691538653337e-01
2.398273025451445051e-01
2.383807058786337196e-01
2.394266159768312086e-01
2.392664643193804230e-01
2.396644871632956364e-01
2.382195390265313129e-01
2.396550899751760944e-01
2.379691735353808291e-01
2.401265828036941163e-01
2.401463292683621853e-01
2.395176697928579623e-01
2.391082919429189935e-01
2.395097459426174247e-01
2.399877344148369507e-01
2.402420635815983863e-01
2.392274054717687948e-01
2.401908031042441216e-01
2.407115783375674278e-01
2.386400731275121201e-01
2.387395519766452312e-01
2.396507086980099732e-01
2.389143596312561235e-01
2.394728312036258078e-01
2.386918096112431997e-01
2.385200180897530386e-01
2.397515130299385233e-01
2.400912874444124656e-01
2.390099510512828374e-01
2.396234652777656793e-01
2.393119284151129511e-01
2.392912866630570456e-01
2.402309761369533780e-01
2.392082481424188667e-01
2.387071398958940383e-01
2.386875148391919832e-01
2.387561268165372952e-01
