7.952809840848685807e-01
7.950929326798765739e-01
7.971048560965974250e-01
7.958121184625954747e-01
7.962223389575485699e-01
7.962764224322493867e-01
7.960967592382786062e-01
7.958412327094712690e-01
7.950996027830807833e-01
7.962126655915490181e-01
7.952856692826332230e-01
7.949577594037338102e-01
7.951556217563562345e-01
7.957968891947375667e-01
7.964273584075703960e-01
7.952908272174898929e-01
7.956693848911645661e-01
7.954225232465800266e-01
7.957857599631223966e-01
7.951017527282195907e-01
7.964954823533050288e-01
7.954631561655844951e-01
7.948042994996417088e-01
7.965129767905665403e-01
7.952747686125554161e-01
7.954881928189290186e-01
7.954987662614794175e-01
7.952872558270098757e-01
7.960851084006370648e-01
7.949761328283991846e-01
7.945462210067428810e-01
7.958036689260814533e-01
7.954347157847885263e-01
7.952426168364021830e-01
7.954001640742923707e-01
7.955110408101520036e-01
7.947414760958608770e-01
7.947074940441715141e-01
7.961443074541219023e-01
7.951324449910990300e-01
7.959234652600055693e-01
7.948035442104890436e-01
7.941695646455273483e-01
7.959920524295512889e-01
7.960673308532598691e-01
7.944525273833384915e-01
7.956598932993379503e-01
7.952853972762253809e-01
7.956337161050941464e-01
7.967866019800599053e-01
7.962211183081202570e-01
7.958815212838347142e-01
7.945059310496099814e-01
7.956460515985857018e-01
7.949736068820136836e-01
7.956834992564220110e-01
7.961146995352987865e-01
7.960026185934542253e-01
7.959434777463638699e-01
7.954337641167312789e-01
7.955012971716133308e-01
7.942617902692743481e-01
7.944939164895357120e-01
7.951704899333550403e-01
7.961011995741494873e-01
7.957398374062032431e-01
7.947463160886155675e-01
7.963554341082348387e-01
7.957305843466000450e-01
7.951181413488458416e-01
7.951687902174821021e-01
7.948909148360432386e-01
7.953714331916130753e-01
7.956892976203848722e-01
7.951232254549861489e-01
7.943081925930187692e-01
7.949015708367901389e-01
7.963361116583026478e-01
7.960670314501981926e-01
7.951548788954289071e-01
7.947310049950186972e-01
7.951778959007229641e-01
7.951551911971872499e-01
7.950499951012945932e-01
7.955015881536511291e-01
7.958654335332626673e-01
7.955346566706906763e-01
7.946301524711855135e-01
7.956632553670222041e-01
7.957806148870230079e-01
7.963262453978738886e-01
7.950025151894870579e-01
7.950801303519083874e-01
7.945846147894128908e-01
7.958797006979406730e-01
7.957585930760521231e-01
7.955155148523601616e-01
7.951578031458013118e-01
7.954511347402941634e-01
7.958551504366971896e-01
