4.876803108852094670e-01
4.888292271590578553e-01
4.895664072523466803e-01
4.885051332406385449e-01
4.887185817066220239e-01
4.888256377960914500e-01
4.884296811865300736e-01
4.891522723500952852e-01
4.883297428689574726e-01
4.890607111333221124e-01
4.887248964198009915e-01
4.882725264293241718e-01
4.889667857576752708e-01
4.878156865931837505e-01
4.884972173502831749e-01
4.895821379448928035e-01
4.897804223138360058e-01
4.884548038741208797e-01
4.877688992676874058e-01
4.887470534956937507e-01
4.891741989236809696e-01
4.891940186813861224e-01
4.881019297099352672e-01
4.890309038030854483e-01
4.895637187608642416e-01
4.905734729097001590e-01
4.894555812582048748e-01
4.891320738153165371e-01
4.893883160802055543e-01
4.878571728477973934e-01
4.884588109814000378e-01
4.888271979051215799e-01
4.884959810507766287e-01
4.891889214916463891e-01
4.883441792528810943e-01
4.884975038800732916e-01
4.879527229989762960e-01
4.886744857165863376e-01
4.888146022154754577e-01
4.875144344182643086e-01
4.892153456001407386e-01
4.893221291084667302e-01
4.888448158425129364e-01
4.883121596603112735e-01
4.879942606697802998e-01
4.878842962618770152e-01
4.887183787028513970e-01
4.874213898932207023e-01
4.886152449480027915e-01
4.880817733558738825e-01
4.889086715178707632e-01
4.892728061958107055e-01
4.882123444963907266e-01
4.894491146868803488e-01
4.891437330088306279e-01
4.892860883175298992e-01
4.883039586449252067e-01
4.880485397680858761e-01
4.884523242219535044e-01
4.883712603426962895e-01
4.885063151442495810e-01
4.881271897429128592e-01
4.904304747188675262e-01
4.873869268398046128e-01
4.888928062367080551e-01
4.889848230256449435e-01
4.875586169718105767e-01
4.895215920753580030e-01
4.886950728301873714e-01
4.888398240932019245e-01
4.895409655426861684e-01
4.879027378059536679e-01
4.882006630734514463e-01
4.885891508805770833e-01
4.891479807375487265e-01
4.889783116353091375e-01
4.888386929881916032e-01
4.884212233911907619e-01
4.881194394089134470e-01
4.891916531536966151e-01
4.882438960918347171e-01
4.897642360035019404e-01
4.877935045909127521e-01
4.893749579929265181e-01
4.876452141786494776e-01
4.886830616814592521e-01
4.885921674527364256e-01
4.881228884217240771e-01
4.887571440085459740e-01
4.884685280980929356e-01
4.896051214393578044e-01
4.883299615035805452e-01
4.878416215199638528e-01
4.887422370229466684e-01
4.896052047298502519e-01
4.882684403205006518e-01
4.889500039711227597e-01
4.880700831182877009e-01
4.879767339562881556e-01
4.879587127267031033e-01
