1.448155871697668073e-01
1.458584207088334805e-01
1.448739040818711188e-01
1.444259297203695780e-01
1.449638829069629931e-01
1.444386926045732045e-01
1.447622865559152205e-01
1.448443281188595833e-01
1.445270623311971647e-01
1.442194040350480433e-01
1.446976603268474992e-01
1.460662287131939407e-01
1.455292866367707272e-01
1.442233317247287872e-01
1.448250934003202650e-01
1.442223829401632629e-01
1.454388889646121008e-01
1.444278407830043298e-01
1.445538074516462268e-01
1.444635456267770179e-01
1.451996528314948853e-01
1.463400724086892368e-01
1.457955992384974975e-01
1.451815559084276286e-01
1.454205295380647522e-01
1.457035051887059784e-01
1.451183144842214112e-01
1.464925816455753260e-01
1.448626542201280343e-01
1.451441486357497312e-01
1.452327616463184035e-01
1.454243878272478141e-01
1.464772984075196904e-01
1.449857520195425020e-01
1.448799725194840349e-01
1.460156158322467035e-01
1.455729361874016914e-01
1.449278076162736628e-01
1.449995455832424618e-01
1.454097900431418622e-01
1.443713692907605262e-01
1.440621949840812099e-01
1.463297448808781320e-01
1.455537642080286798e-01
1.438550817747155930e-01
1.454363405901531459e-01
1.465537713836640998e-01
1.460189198916742315e-01
1.452230409454029481e-01
1.449077739087100691e-01
1.442144172508836586e-01
1.451843066087625256e-01
1.453745377172049880e-01
1.451419413414200554e-01
1.454474604240246216e-01
1.450694047612595683e-01
1.453045665212513438e-01
1.441233860435682801e-01
1.453925793443077152e-01
1.452072510709974951e-01
1.455410505165440349e-01
1.454697130566567909e-01
1.450517184460545228e-01
1.461137153893448115e-01
1.454074495126847499e-01
1.445518203469161878e-01
1.448753835692287995e-01
1.445506609287426358e-01
1.444169386828809132e-01
1.442036338129062401e-01
1.454204095482283243e-01
1.444229683009837228e-01
1.436875417038415703e-01
1.450411968147423680e-01
1.449764751833029219e-01
1.450697765189081223e-01
1.437835098422117208e-01
1.450405689797547859e-01
1.455246100569828616e-01
1.462262814408574751e-01
1.446121755367203721e-01
1.444408613049863177e-01
1.456328274795424260e-01
1.451455002294474161e-01
1.447216025005974571e-01
1.454129141160245831e-01
1.450095286947390982e-01
1.438904569870226302e-01
1.449250488488844357e-01
1.457068216487759360e-01
1.446013638816817659e-01
1.461885391983823723e-01
1.443580712883278383e-01
1.450165263622457956e-01
1.451152808302139663e-01
1.458625404017696026e-01
1.448254969733102637e-01
1.449390899693592250e-01
1.447457302364418275e-01
1.457672847698906482e-01
