1.895214611862031384e-01
1.903650245658073115e-01
1.903440760984258240e-01
1.896929270928085498e-01
1.896753726546914209e-01
1.900979722348271617e-01
1.899831249025424051e-01
1.889178984506452719e-01
1.901556448203425564e-01
1.894930952625333842e-01
1.898955317244973018e-01
1.899332928443249746e-01
1.901314420871329791e-01
1.909331055858078940e-01
1.901606222228313936e-01
1.903470956920831347e-01
1.905039848074586706e-01
1.896722146613419591e-01
1.905841931625849583e-01
1.898407202712938668e-01
1.906684769528987911e-01
1.893287867303789507e-01
1.908034079942302896e-01
1.900451875054075812e-01
1.899055938851935965e-01
1.900915342990895374e-01
1.910808999283225007e-01
1.907291871183260101e-01
1.905331577451729874e-01
1.904981594634317932e-01
1.897297576572751221e-01
1.896417843924783631e-01
1.901566456610961908e-01
1.899703227681038553e-01
1.893995664686264901e-01
1.903277629659869408e-01
1.895204519973643087e-01
1.899160017156883706e-01
1.899350938752246143e-01
1.900508534181453157e-01
1.883379552621786968e-01
1.909059645695054264e-01
1.896904900308023223e-01
1.896280966722379002e-01
1.902181817157466426e-01
1.897501006466745244e-01
1.892400690721099121e-01
1.894999523379760631e-01
1.905344069285833386e-01
1.905602445004288270e-01
1.916143416024932156e-01
1.893552796237286395e-01
1.902827389365220057e-01
1.897859291962796235e-01
1.900788843313697685e-01
1.900365476638504469e-01
1.896565798419748428e-01
1.891720147622924231e-01
1.900213130886972135e-01
1.894038440976864857e-01
1.896327783302266257e-01
1.891693585349780160e-01
1.902787076639821384e-01
1.884513182526253994e-01
1.890811417995074961e-01
1.888583670150325855e-01
1.909365118943135986e-01
1.910191368004452439e-01
1.908978012460735563e-01
1.892476234018970194e-01
1.893386729960344628e-01
1.894311067057965481e-01
1.898957046828090856e-01
1.902300312767135904e-01
1.901841534986062343e-01
1.905969372951220320e-01
1.904974343636602341e-01
1.888069185507936232e-01
1.890488393326723582e-01
1.885572223418713889e-01
1.903248861495328570e-01
1.900995871827780292e-01
1.898843691101408382e-01
1.895834485509209910e-01
1.906430100878704903e-01
1.902100628348063205e-01
1.887352442132470831e-01
1.904227451159347106e-01
1.891797273697638782e-01
1.901827116043072752e-01
1.902169960319170239e-01
1.916345958352673740e-01
1.905664580991760781e-01
1.891991685519930633e-01
1.897626554748417516e-01
1.897196793429653527e-01
1.900671233641752500e-01
1.899556875348032969e-01
1.905001094604447109e-01
1.896582263217823638e-01
