3.328774666033816609e-02
3.462819468632560155e-02
3.516149816481752011e-02
3.437020658451263311e-02
3.470810203623529711e-02
3.460766911078272390e-02
3.434051971858168018e-02
3.396276892197558350e-02
3.525121081579093985e-02
3.498024135228759712e-02
3.458852713041742771e-02
3.445011209796929041e-02
3.409544260006892868e-02
3.452734567213949085e-02
3.442165720377548394e-02
3.466355221288333621e-02
3.405589068704704958e-02
3.515952987052750611e-02
3.535712876616334266e-02
3.403589305596736031e-02
3.413244511683351246e-02
3.417579720619456224e-02
3.413798820174467757e-02
3.392510932857747963e-02
3.543062508724686976e-02
3.462540716893208748e-02
3.422316674982513879e-02
3.507556755667244619e-02
3.534200391137039265e-02
3.537357800640939659e-02
3.514174303148778072e-02
3.460271862131679421e-02
3.434110363689340389e-02
3.586347628040954111e-02
3.532079775112204056e-02
3.457028697642799270e-02
3.466853262123670287e-02
3.424557428330259057e-02
3.428625668463744502e-02
3.474162243169259812e-02
3.305978421944752443e-02
3.442599963229340393e-02
3.442861454410910127e-02
3.548707258739682013e-02
3.444352904889361883e-02
3.408922156890979716e-02
3.407042751734135066e-02
3.389394391528605804e-02
3.499280417549911065e-02
3.523517848305364464e-02
3.512773101053115465e-02
3.585164233194036015e-02
3.531489409670731522e-02
3.530312155512527889e-02
3.512255011855781178e-02
3.449869228950935840e-02
3.568287263666383713e-02
3.555853702314677733e-02
3.520564370791466613e-02
3.538774402339255054e-02
3.535882371796889023e-02
3.365536984161991707e-02
3.449554299752685682e-02
3.458128705327984803e-02
3.481688242007662665e-02
3.456203981706411354e-02
3.511535638324085606e-02
3.501862497272367758e-02
3.480275781367134919e-02
3.372360652579028256e-02
3.490150876710426675e-02
3.458938685995695261e-02
3.541657357667903072e-02
3.499111377033600756e-02
3.457779421964151528e-02
3.477058272507098369e-02
3.572587181347340601e-02
3.451447958827452700e-02
3.407077126061731215e-02
3.397678819414355622e-02
3.481813340910562549e-02
3.468327610043177300e-02
3.562437859884862862e-02
3.425158016847217740e-02
3.489202576028599401e-02
3.540582013815402052e-02
3.562351459007807863e-02
3.454089971028115325e-02
3.500497253714189572e-02
3.546552189891524764e-02
3.535201555470150053e-02
3.456378663480229319e-02
3.431173010205525176e-02
3.393478463360212471e-02
3.399987999156739438e-02
3.426822692318236274e-02
3.486562076028879020e-02
3.506306009370170618e-02
3.496375679848794799e-02
3.413799118404377275e-02
