6.732196663828211580e-01
6.724871761897536215e-01
6.733286055545442128e-01
6.721941010224059543e-01
6.736996161482646794e-01
6.747766385249327481e-01
6.738320700148032749e-01
6.742152244190633414e-01
6.736935707021478592e-01
6.732416424671769928e-01
6.741501360107747809e-01
6.734212528470528980e-01
6.738038162284519794e-01
6.725788190420116663e-01
6.736322153899849674e-01
6.730536731375215131e-01
6.742926590784558138e-01
6.726302736650735525e-01
6.740520839335616410e-01
6.732443819874083246e-01
6.735791878980850189e-01
6.727824031221214529e-01
6.725173698503501551e-01
6.732803854740545546e-01
6.726575387221247482e-01
6.732623478113241022e-01
6.749437289829176567e-01
6.729000445764619087e-01
6.740156447120178029e-01
6.726960673968316318e-01
6.742480796012770838e-01
6.735035055818561212e-01
6.736180859814011601e-01
6.734881215338851534e-01
6.739558322884016128e-01
6.742001040230215514e-01
6.735391412768410024e-01
6.738706471691293665e-01
6.732123966166386753e-01
6.740142641674211621e-01
6.731501105488901793e-01
6.745031898108738710e-01
6.738701270249587427e-01
6.735850213843828094e-01
6.731274765436581209e-01
6.726519594464348550e-01
6.736326956127656196e-01
6.731072734832853621e-01
6.727826761009341183e-01
6.730706591623167867e-01
6.733416960804452511e-01
6.734951374852851114e-01
6.736884183959485073e-01
6.739869173258390411e-01
6.737729510140686440e-01
6.734796695318701065e-01
6.736220295706083494e-01
6.727962220711937169e-01
6.739400800761417010e-01
6.733142805538581133e-01
6.739944343373323044e-01
6.727757298963741306e-01
6.733725794035089196e-01
6.731704154699527098e-01
6.743747703282946260e-01
6.738662082326383196e-01
6.729213579237907084e-01
6.738900987474931714e-01
6.737125971528393764e-01
6.732343296848112280e-01
6.738596299959642710e-01
6.730681927728269232e-01
6.731037813749440879e-01
6.748416311933487233e-01
6.734321079839343804e-01
6.730989707264090072e-01
6.734906200739541049e-01
6.745296047232451908e-01
6.728413989557380237e-01
6.728377186417392464e-01
6.739477735277676906e-01
6.732605191858395122e-01
6.745671836549038680e-01
6.731337197989524235e-01
6.734417361208431263e-01
6.727309876922065168e-01
6.730688342397179724e-01
6.738668361346606961e-01
6.736710223613714410e-01
6.746593377801292091e-01
6.729036067106208829e-01
6.724766562959859639e-01
6.734252399693054780e-01
6.746404435572151970e-01
6.738749822277272372e-01
6.723548213306809185e-01
6.737789527745432494e-01
6.729470623081701408e-01
6.736203535315190560e-01
6.734021861924271990e-01
