2.824092528679686669e-03
3.852185536926725894e-03
4.499874514853100319e-03
4.363916424459188953e-03
3.906435496564734412e-03
5.312287374240861129e-03
4.405097978999374803e-03
3.187415868060901238e-03
4.377153800970989134e-03
4.144921866707102984e-03
3.911820200594320548e-03
4.344457907887552817e-03
4.595518767420266049e-03
3.889795885121773329e-03
3.826388295503259460e-03
4.104302721390754201e-03
3.468701701044786707e-03
3.787589722849776623e-03
3.468928896027681334e-03
4.352374757216620135e-03
4.215288346561992840e-03
4.819043340869668714e-03
4.079735966470824510e-03
3.918861547707741186e-03
3.440745613058775448e-03
3.911141912268000648e-03
4.151741730185646781e-03
3.495834676027042252e-03
5.252112369292490437e-03
5.008145442849007770e-03
4.347084552462649604e-03
4.670296474713058789e-03
3.542755158105852925e-03
3.797114626228996481e-03
4.340139881111566324e-03
4.879861618477884452e-03
4.793501870680367573e-03
4.002682690265249935e-03
3.566564752645735598e-03
4.047967829799548056e-03
4.272658904326816914e-03
3.380311451400830336e-03
4.732535937850056683e-03
4.941914035255394466e-03
3.895867342981223190e-03
5.135003567256008622e-03
5.312729484552069018e-03
3.246564087842417762e-03
4.366701512717643258e-03
4.294996167092061251e-03
3.682540940381375406e-03
4.586009090082577080e-03
3.957689094034646735e-03
4.004912141204339249e-03
3.492587115419239392e-03
3.446619387267154701e-03
3.893539949365810039e-03
4.470271597892271770e-03
4.295940088814786083e-03
3.025166423866508005e-03
5.368584016265482914e-03
3.435717056568544578e-03
4.451878085420268340e-03
5.288201838090986553e-03
4.235944932034703923e-03
4.513205483409101978e-03
4.069024730530829484e-03
4.174889924927304222e-03
3.466821460375286643e-03
3.553314464738694702e-03
4.544196515309162875e-03
3.591906959239689594e-03
3.809640772353140199e-03
3.624473271474428025e-03
4.068634524560500731e-03
4.301264891870359638e-03
2.838030211454361466e-03
3.079114716563164690e-03
4.297298330320039293e-03
3.403299113096748367e-03
4.716358876037173714e-03
3.111650870169838622e-03
3.918585795662558012e-03
3.195434898035282457e-03
4.553229898502087619e-03
4.401145910204992510e-03
3.135611523432025975e-03
4.012846327955140943e-03
4.188531200552712136e-03
3.072393209551661265e-03
4.375070499036506563e-03
3.778123954191966311e-03
3.607361297786253022e-03
4.870340355435614013e-03
3.305677052152512264e-03
3.348272083077064119e-03
4.054463148405776721e-03
5.248800497600949674e-03
3.860350724149163616e-03
4.518332740833431831e-03
