4.670138737955308317e-01
4.685241192154863121e-01
4.678890566863098677e-01
4.680670547389576552e-01
4.674500540544386795e-01
4.695129599154427291e-01
4.695334655704365701e-01
4.683014955056546413e-01
4.687453698874893826e-01
4.670129609180870833e-01
4.681602645962454901e-01
4.682563778298413082e-01
4.687101962522636223e-01
4.672150206800364525e-01
4.684056114376892177e-01
4.687485777767456119e-01
4.686616033130953651e-01
4.690186566778464239e-01
4.686173129403373716e-01
4.687834695134426299e-01
4.683743643751713259e-01
4.685301588897806679e-01
4.681825879709252680e-01
4.683969230763130875e-01
4.687132169453690489e-01
4.685321489575183795e-01
4.681939098047859793e-01
4.687733865927656840e-01
4.682971635711409286e-01
4.692005491578713494e-01
4.686933469021913878e-01
4.683268110066070022e-01
4.682007757497986811e-01
4.690019590863302446e-01
4.698695526762549646e-01
4.684706567815674627e-01
4.689124626221302661e-01
4.674358187791367025e-01
4.682164892346681873e-01
4.694899188756099795e-01
4.679117933562434994e-01
4.690006091437763924e-01
4.692180430456511786e-01
4.684502890400547015e-01
4.682942516524024046e-01
4.694490265870444601e-01
4.686541901522768283e-01
4.682384535283436455e-01
4.681119344146484895e-01
4.685800353199520152e-01
4.685730787238436834e-01
4.680592784084379732e-01
4.685903285733575840e-01
4.680887365396783073e-01
4.682951503937309856e-01
4.684677861996383585e-01
4.682958657762654742e-01
4.681371659610333857e-01
4.681641066818841290e-01
4.690022191969669962e-01
4.690366178624520987e-01
4.673273375086295367e-01
4.678518596056385759e-01
4.687252073228697080e-01
4.694464857138804792e-01
4.679595218539362445e-01
4.684368889920362822e-01
4.678924204538841281e-01
4.691071776562717455e-01
4.687574065197672168e-01
4.699106064459587229e-01
4.685042260183856500e-01
4.681246295800692847e-01
4.682512080280388789e-01
4.697463726719446342e-01
4.685293750349600606e-01
4.679991667140027123e-01
4.696007973270460711e-01
4.687453875045418106e-01
4.691497130260038340e-01
4.678751671042949978e-01
4.683641673724213694e-01
4.685213037723562346e-01
4.685282364855057335e-01
4.692828965464176383e-01
4.682629442136928555e-01
4.682710379552941227e-01
4.684177258849638870e-01
4.687653720374355126e-01
4.684280884566711656e-01
4.687036680397831390e-01
4.685599339242061401e-01
4.689789887567711868e-01
4.686972857646589663e-01
4.684286027004646580e-01
4.678313404368329431e-01
4.689779044599551305e-01
4.693535658487530404e-01
4.687067256647454716e-01
4.679720915965485117e-01
