4.445344259782431084e-01
4.468884617729711461e-01
4.454826944329013938e-01
4.464792666300693158e-01
4.478091747550985158e-01
4.462002954700809987e-01
4.455397662297045924e-01
4.456856131449727365e-01
4.467074225663579812e-01
4.468260168079923322e-01
4.464825619627943443e-01
4.455407296509130699e-01
4.464743016240623197e-01
4.467836437239828262e-01
4.466918973084350042e-01
4.463525637515518563e-01
4.467801033459128379e-01
4.464345466438047749e-01
4.461227183119401696e-01
4.453993722596457649e-01
4.460708831492529169e-01
4.457379416596485289e-01
4.455815535406295602e-01
4.465077204074348050e-01
4.466453638400601500e-01
4.475384270016001254e-01
4.461665293502762308e-01
4.460910258875896428e-01
4.466036295701905079e-01
4.464270929514512765e-01
4.457411631019283504e-01
4.466023619651193766e-01
4.473883205694885179e-01
4.466063040496306979e-01
4.472155983959870129e-01
4.462823985026856954e-01
4.464673170633914334e-01
4.470875476675202354e-01
4.456685606438467451e-01
4.472468632813680900e-01
4.477576131579190655e-01
4.472479977500912751e-01
4.460972100268812968e-01
4.468468781648773369e-01
4.466597225969807794e-01
4.469479442696386862e-01
4.469002930552160580e-01
4.468412683809134256e-01
4.459272481442169700e-01
4.463260828248640788e-01
4.465890798180793819e-01
4.467084916699919361e-01
4.465827097640351906e-01
4.464699940866431183e-01
4.463117427968050777e-01
4.464942831158195125e-01
4.452884105206763588e-01
4.461634407997379648e-01
4.466422403990168433e-01
4.466784571839388374e-01
4.471276515948425789e-01
4.466751607655596867e-01
4.470860564477372456e-01
4.472619137907070663e-01
4.473325618615930921e-01
4.469615710550921550e-01
4.473770718806433511e-01
4.465949536108541618e-01
4.467855154885570501e-01
4.466026480300705481e-01
4.469428890488366113e-01
4.461298987903581370e-01
4.450375543264162292e-01
4.463694774805449517e-01
4.456012345403078667e-01
4.467188968483291056e-01
4.473324169966191866e-01
4.470650891789614834e-01
4.451104349340055943e-01
4.461773404129342757e-01
4.458515152144907345e-01
4.464278533368794544e-01
4.474509653726780334e-01
4.469239187688471282e-01
4.451541040841963115e-01
4.458939701344769024e-01
4.469635578951974275e-01
4.476081373765920524e-01
4.469919524265020816e-01
4.465838911949628898e-01
4.455418592035791381e-01
4.461552837987305953e-01
4.467499369066199044e-01
4.465388631050422608e-01
4.462864390741312359e-01
4.459780515545365143e-01
4.465061692758272582e-01
4.446494786896011409e-01
4.464312192911142896e-01
4.461359117222215565e-01
