1.386034021139601058e-01
1.385934566656341349e-01
1.378876400483675380e-01
1.377155591228191034e-01
1.389152399896950996e-01
1.386357573885382832e-01
1.387404187299496328e-01
1.386306329852779740e-01
1.380195793183522646e-01
1.385877458544567398e-01
1.381542702626003538e-01
1.382547445056989122e-01
1.392299486138757481e-01
1.389694559299355370e-01
1.383946829380157950e-01
1.389108164806386603e-01
1.394672581947613010e-01
1.389297917576998720e-01
1.380916505570411457e-01
1.378674909914010815e-01
1.382545774897620539e-01
1.379288949046580115e-01
1.371556500801270340e-01
1.372214729769686281e-01
1.375406701860846792e-01
1.393664607739737160e-01
1.387419276083432518e-01
1.376241211867775815e-01
1.379781409673274395e-01
1.385697691927325059e-01
1.385770195537180949e-01
1.377529014025006548e-01
1.389157498998989659e-01
1.374205208108365550e-01
1.382841694450396286e-01
1.377077682231708233e-01
1.383854051341878444e-01
1.378103221497224418e-01
1.382698127772288843e-01
1.379682773154505271e-01
1.374792351963498027e-01
1.384521336382902312e-01
1.373778973294964567e-01
1.382920304950122359e-01
1.376213609087865997e-01
1.386985950628913389e-01
1.387757533897639450e-01
1.380754346630727325e-01
1.377042474193415078e-01
1.380927281139191498e-01
1.380976380855817032e-01
1.381920754253435080e-01
1.387013074256476797e-01
1.385706620630265395e-01
1.385988942770132182e-01
1.386340946291041709e-01
1.378900830371932451e-01
1.388616152188097974e-01
1.385919223252870258e-01
1.385126983372927945e-01
1.381210451868603584e-01
1.387226090817437196e-01
1.376612168385097923e-01
1.389737572900862916e-01
1.387051091847155693e-01
1.376148204181369405e-01
1.373236460221574917e-01
1.371845671789044263e-01
1.382003003180008738e-01
1.387843557707194864e-01
1.374440024338570432e-01
1.383846539896625982e-01
1.391336151397161713e-01
1.385677906435769380e-01
1.383263424154640153e-01
1.378090124803831029e-01
1.381924794986679195e-01
1.389750274486106218e-01
1.395577920282367046e-01
1.380195264964491075e-01
1.387271075343052551e-01
1.380609755470682543e-01
1.385760218118235187e-01
1.379126360658295414e-01
1.380288900527011364e-01
1.393023213323003051e-01
1.375339192383158715e-01
1.379453696140996444e-01
1.378469426143614507e-01
1.385814980095889659e-01
1.381852498917199856e-01
1.372626606542775018e-01
1.385433839718832050e-01
1.390378427646698500e-01
1.378203064589605953e-01
1.387741134916910535e-01
1.378116777750888755e-01
1.384073189331521125e-01
1.387825811748455707e-01
1.383031619918603794e-01
