7.192108204742819755e-01
7.198135029671552942e-01
7.209136892944649766e-01
7.206601164622841171e-01
7.203385407856608413e-01
7.204133832342536348e-01
7.201475397251300148e-01
7.199989215531115150e-01
7.209048112701176292e-01
7.196826743381588010e-01
7.212488470788560591e-01
7.204605023167436340e-01
7.208604667692761758e-01
7.204799319742786201e-01
7.214620610099751197e-01
7.214182197440417443e-01
7.208630879698423310e-01
7.202334442861942909e-01
7.203787771102470039e-01
7.201345973032808878e-01
7.195124594474960888e-01
7.210907950000264854e-01
7.210664354705842438e-01
7.202635694665938670e-01
7.202418032236477252e-01
7.194249122436563448e-01
7.199244356757558139e-01
7.208590517338654413e-01
7.208149593927638543e-01
7.202016080495026173e-01
7.206485176971929585e-01
7.209534126421690559e-01
7.204103803521046956e-01
7.196120841903439480e-01
7.187430645328385381e-01
7.208681919072337241e-01
7.208143577789382084e-01
7.214477375130843306e-01
7.211520490046255949e-01
7.203620550220919405e-01
7.216549506063442143e-01
7.193832871187286759e-01
7.207348586496648002e-01
7.202829274864704923e-01
7.199425255327083217e-01
7.208797769509441844e-01
7.205401156776564120e-01
7.203868257591609092e-01
7.207995535587661262e-01
7.205627692664086092e-01
7.213273326765649029e-01
7.213025217540363077e-01
7.201047259809053580e-01
7.205226630296008850e-01
7.206346884924448304e-01
7.215046936115510068e-01
7.205487645733366087e-01
7.200901904677614596e-01
7.205963330326673466e-01
7.202465314540440477e-01
7.205646061021653281e-01
7.202651851488297563e-01
7.193868207190035058e-01
7.203150448018793561e-01
7.208007730706897931e-01
7.202986998276124098e-01
7.203722303617544620e-01
7.210735759501452069e-01
7.204939151228197947e-01
7.214732388899102178e-01
7.204862655479782330e-01
7.210391784508647373e-01
7.199279677611785111e-01
7.202293726691090248e-01
7.203584864351951778e-01
7.205703265010711123e-01
7.197653989982297773e-01
7.199557982416533441e-01
7.199173129402125504e-01
7.203582185212935585e-01
7.198597667622697038e-01
7.211152597208223547e-01
7.199706014009243926e-01
7.206631739355364719e-01
7.193844058112388584e-01
7.205669925082391902e-01
7.201656385789505510e-01
7.208681874520707078e-01
7.206522025044690416e-01
7.201108905273203575e-01
7.208587995926932779e-01
7.200465731476528575e-01
7.209178176792574444e-01
7.209312410595047904e-01
7.204403046339076244e-01
7.205662320215950878e-01
7.209967798560000807e-01
7.208255261423672788e-01
7.191942670574694718e-01
7.203226977195363867e-01
