3.005711025416462623e-01
3.019872182823320483e-01
3.019005539806128291e-01
3.016968133835867816e-01
3.014147953413303660e-01
3.005969790853032508e-01
3.008941098439086304e-01
3.001835202310432216e-01
3.018225566379542646e-01
3.009007520581855610e-01
3.018969492260871190e-01
3.013153605794243184e-01
3.016672979148069533e-01
2.999756050017641229e-01
3.018909872017042639e-01
3.021184853792510117e-01
3.019949793048765097e-01
3.006622697406095002e-01
3.011750911290933530e-01
3.016185147560799251e-01
3.019298922782142069e-01
3.008372033702031989e-01
3.020142093007915918e-01
3.012074030829081095e-01
3.033425433449829511e-01
3.028856964005539054e-01
3.030339407839524046e-01
3.015865248457496595e-01
3.018713433374481392e-01
3.007896362633226683e-01
3.023351178172898335e-01
3.011898411948738530e-01
3.022605374663924205e-01
3.014472910330439626e-01
2.995739706709706907e-01
3.027770725254648743e-01
3.016366168035123363e-01
3.005955388645483173e-01
3.009101968533712812e-01
3.007090175642225804e-01
3.012505451114019794e-01
3.021128517178460759e-01
3.021848851111633150e-01
3.018277278513933348e-01
3.013267357110436806e-01
3.022286446447475239e-01
3.001061245930468080e-01
3.020385845364557675e-01
3.006508465517180317e-01
3.007508153691557107e-01
3.022407237540559732e-01
3.011060905589481029e-01
3.011943401712530721e-01
3.022510355463957632e-01
3.020563830560532015e-01
3.007785785808766987e-01
3.019964176789903254e-01
3.031635285678149772e-01
3.018645820421642645e-01
3.011858447671080796e-01
3.010833553095357829e-01
3.000765687162883499e-01
3.014920591931277705e-01
3.012986503643760305e-01
3.011140837698865758e-01
3.003932528652698553e-01
3.018298192953624004e-01
3.015099293181581763e-01
3.008625010132784383e-01
3.013980646127439322e-01
3.006167048251785490e-01
3.021333702896692452e-01
3.010299387966284268e-01
3.024359162080927366e-01
3.015926208027960853e-01
3.012565877120331193e-01
2.993710218334799666e-01
3.001777695236466093e-01
3.014452075225559913e-01
3.017855515786971310e-01
3.017923847684708671e-01
3.005393290195267353e-01
3.007640991027365485e-01
3.019267519759548102e-01
3.012002360076459495e-01
3.013422783944559868e-01
3.008944158769158994e-01
3.012226897755063693e-01
3.019716859974407863e-01
3.019048714555172541e-01
3.025832441147508489e-01
3.008105273465980223e-01
3.015371786893705219e-01
3.018829343363631512e-01
3.018784297106321679e-01
3.011677063229061813e-01
3.011623783984445635e-01
3.019136820992074366e-01
3.019106064672233414e-01
3.018358908541668995e-01
