3.767417754714281336e-02
3.911876030972949447e-02
3.933492822599728156e-02
3.975939712862164299e-02
3.862135309308298292e-02
3.932024944901465341e-02
3.869308940196977686e-02
3.987865076991850555e-02
4.028557662125568234e-02
3.750496046114468185e-02
3.937691338010428088e-02
3.885265687526993916e-02
3.910082692943730315e-02
3.917903848750291240e-02
3.813985372751108743e-02
3.868773286956611601e-02
3.892298800510033546e-02
4.006638791296142366e-02
3.956890541839484798e-02
3.838915679339848647e-02
4.003971243597387319e-02
3.899620839872317696e-02
3.994279219163823780e-02
3.946859545957577542e-02
3.863142381871661341e-02
3.904286989141160513e-02
3.923015151769768116e-02
3.865876294673557811e-02
3.915336920392932518e-02
3.923684111769839417e-02
3.935393083066847375e-02
4.014767079015259948e-02
3.869024203926184347e-02
3.956750654261886879e-02
3.884191357498344849e-02
3.923401761633729667e-02
3.945307356410670402e-02
4.020565433234968289e-02
3.949657938411321734e-02
4.013248114718760001e-02
3.964899190830149800e-02
3.875478455236042175e-02
3.851252848441162613e-02
3.880781029764920897e-02
3.909339459100993897e-02
3.899911715479915247e-02
3.835305817506092646e-02
3.930619301997442111e-02
3.818827528896164003e-02
3.918709982860964225e-02
4.007634369147987374e-02
4.004669397855088048e-02
3.978633800647952273e-02
3.860379342211710252e-02
3.805157335065413593e-02
3.907153251007188660e-02
3.813910036849391116e-02
3.986825718500301707e-02
3.843851595203527649e-02
3.926194160694169294e-02
3.820140851366841950e-02
3.934498208069921177e-02
3.941663455637014341e-02
3.843363578852504459e-02
3.924515593350288989e-02
3.929612415429811767e-02
3.915315521482269634e-02
4.052189884018480431e-02
3.921089499154162272e-02
3.930401390132397949e-02
3.962860470554509240e-02
3.900263507897192700e-02
3.951483939662221723e-02
4.015361994109278160e-02
3.863678381908607073e-02
3.873425813085402264e-02
3.862765857650440893e-02
3.967639043830200468e-02
3.938570364932075796e-02
3.921278701307025910e-02
3.959031501633469841e-02
3.912695502358830291e-02
3.878123154561978481e-02
3.914559758721984639e-02
3.904555829363191843e-02
3.868769024722473748e-02
3.872232769339772201e-02
3.913624163460908967e-02
3.895813253321603331e-02
3.952202181156685978e-02
3.948398696305455147e-02
3.976204932865846225e-02
3.869226373671857261e-02
3.929164317194087930e-02
4.014929535327858845e-02
4.010353290006072463e-02
3.824010977430250535e-02
3.854394351884474212e-02
3.925759919795042407e-02
3.965274716247525061e-02
