8.191736965509941459e-01
8.201861652942006309e-01
8.207889680024446077e-01
8.198756153714045203e-01
8.204821985175627663e-01
8.195557499913765920e-01
8.208131071110624788e-01
8.204802049563442168e-01
8.205343121346890811e-01
8.221681996373270129e-01
8.203741559375339332e-01
8.198759388027077044e-01
8.212228187407866198e-01
8.202241696332686072e-01
8.206319733442977160e-01
8.210639898971398010e-01
8.224271186406346690e-01
8.220058002910723971e-01
8.200491669703929842e-01
8.203357336953233103e-01
8.207854294698269104e-01
8.211827464336554083e-01
8.213823175373048402e-01
8.217499383911598398e-01
8.202482574867638876e-01
8.204830608648571166e-01
8.204281113696096916e-01
8.209256725098027507e-01
8.200367287528471660e-01
8.207467562254282534e-01
8.201979802968077937e-01
8.203002423019201128e-01
8.208274791398076919e-01
8.198456831064376837e-01
8.206632781704894519e-01
8.193269378231832212e-01
8.197760776374753977e-01
8.200805180859707111e-01
8.200259476270357339e-01
8.206667275237065073e-01
8.208334478447485427e-01
8.201422255658266103e-01
8.210808056642613373e-01
8.204765385866770178e-01
8.207217308082573881e-01
8.203520769863457129e-01
8.215218121087862757e-01
8.211724231972403754e-01
8.191744968717351583e-01
8.206141587604571797e-01
8.205032057289043390e-01
8.207588264033057746e-01
8.209080100846826156e-01
8.198296481924424173e-01
8.208123846192071360e-01
8.213688298456018888e-01
8.195692198153413655e-01
8.196438429195427311e-01
8.191767242119740722e-01
8.212323273273075541e-01
8.202804256334006450e-01
8.211066346064910260e-01
8.206355984425015571e-01
8.213175880283687391e-01
8.193034957692465481e-01
8.210930354860026537e-01
8.209836550863722771e-01
8.197660088684453061e-01
8.205021455170627975e-01
8.203596899658338604e-01
8.197352432267270839e-01
8.194088805339108106e-01
8.212626262732702909e-01
8.205011488134651421e-01
8.203965280300004048e-01
8.204098878766641345e-01
8.204792491777639363e-01
8.194928522454145714e-01
8.203217700094793674e-01
8.207815412362554630e-01
8.208916433740773844e-01
8.199602891961608186e-01
8.206389771939528455e-01
8.193063288024142743e-01
8.203800148340844034e-01
8.198398168883240800e-01
8.194612102262927023e-01
8.204076254192196327e-01
8.208705496255734868e-01
8.202182478803397014e-01
8.206680743476931772e-01
8.203209282247143630e-01
8.206267267969258317e-01
8.204215029319469332e-01
8.203325178793350325e-01
8.203683393289751269e-01
8.206548648669245161e-01
8.212860962187653602e-01
8.208963724112230409e-01
8.197888825500228016e-01
