6.386689691528750767e-01
6.404917661041349408e-01
6.396913057946940206e-01
6.395317495951196030e-01
6.395341734433868108e-01
6.394492890851999345e-01
6.399845494650350242e-01
6.398230862652796169e-01
6.395710278931803217e-01
6.392664634204625607e-01
6.393105452081669915e-01
6.392108325358759613e-01
6.394308746937612531e-01
6.400561314492275722e-01
6.393139592761359902e-01
6.398135170739437383e-01
6.393125993080243097e-01
6.388813019893676559e-01
6.389720137210408435e-01
6.397147475774420666e-01
6.378604883632946754e-01
6.385956085079389499e-01
6.386708238044138675e-01
6.389700957086368316e-01
6.382100481950302440e-01
6.391103131189777020e-01
6.408888889044622728e-01
6.403161540651209904e-01
6.399677611287215573e-01
6.385495853811083977e-01
6.384033297230512494e-01
6.401493838331722142e-01
6.394149555902641779e-01
6.389799082709660683e-01
6.400926997774015748e-01
6.394291810090778627e-01
6.384290863182604525e-01
6.388667533906804419e-01
6.399103702838095931e-01
6.399176968090796169e-01
6.402792604490428197e-01
6.393358969630009714e-01
6.400730584340467155e-01
6.395116511171337059e-01
6.391087707821365704e-01
6.388341946789439785e-01
6.404298553440654906e-01
6.397839681038109960e-01
6.386216751301827532e-01
6.393286228009258387e-01
6.393349260971433745e-01
6.390542305714852489e-01
6.382669487575558520e-01
6.397702602460597632e-01
6.393927613292618162e-01
6.410043047909133040e-01
6.391881079636718699e-01
6.391363646345334937e-01
6.394089767581420114e-01
6.401337793151488098e-01
6.392026322986594788e-01
6.386590173828731176e-01
6.390076151456811626e-01
6.395598511392825980e-01
6.395807575863344807e-01
6.395884199073300636e-01
6.401590195235286052e-01
6.388647291188983557e-01
6.396950987639676844e-01
6.396793182822813062e-01
6.409232506209086022e-01
6.385273569048264264e-01
6.392581817418949708e-01
6.394650905967638188e-01
6.391829947072154017e-01
6.407279776576483288e-01
6.396615933154998768e-01
6.411401291616828368e-01
6.403504548308929234e-01
6.389743194901560397e-01
6.392026736736615700e-01
6.387253597015603024e-01
6.406787188827600676e-01
6.391539598341546835e-01
6.401997211452661318e-01
6.385290791186569725e-01
6.396094258996668502e-01
6.389038295197372319e-01
6.387447275155642146e-01
6.404578323607368340e-01
6.395642464336920296e-01
6.390650172781882077e-01
6.393518317398286799e-01
6.397232396521113085e-01
6.394880031243281859e-01
6.392324086819298756e-01
6.392061855819528571e-01
6.399696449873104598e-01
6.388890908209565733e-01
6.399093040332284321e-01
