4.553670711542583405e-01
4.568823168451738304e-01
4.564360499917747838e-01
4.567737238324828253e-01
4.561934796895774635e-01
4.553847389521521460e-01
4.571560230037609585e-01
4.563106174129776260e-01
4.553075507087859242e-01
4.572356367812744349e-01
4.574504770753896610e-01
4.568028420064746964e-01
4.574744566740520657e-01
4.569535604782787863e-01
4.563225321957287139e-01
4.568496934973794166e-01
4.575408049882108141e-01
4.559282655957153652e-01
4.565265657092051343e-01
4.568737229052426407e-01
4.571437048505866407e-01
4.583281352274828357e-01
4.573398511140297495e-01
4.575506802642662629e-01
4.556428704401364049e-01
4.579610810521081987e-01
4.576610479615866867e-01
4.566380599428697673e-01
4.567961421885494699e-01
4.563834599240156886e-01
4.552344671277883670e-01
4.565179148155785183e-01
4.560423374221783122e-01
4.565119481153190328e-01
4.564504484943575635e-01
4.574376094466919840e-01
4.554421381651862499e-01
4.570747715368419506e-01
4.572376348564862192e-01
4.564091494186470754e-01
4.555875660119724224e-01
4.566025348316352095e-01
4.575416223506897917e-01
4.574585563247052233e-01
4.565514675161521652e-01
4.573903690008123690e-01
4.566454610863981411e-01
4.577789448346598622e-01
4.565853165045223871e-01
4.575316197397095164e-01
4.565622006751398620e-01
4.570059598510733401e-01
4.562992095015549476e-01
4.560203718867945621e-01
4.562025452502773692e-01
4.564325278278326126e-01
4.572583721351309305e-01
4.563124193800348616e-01
4.557441439556008667e-01
4.570528599896681032e-01
4.554087881525927806e-01
4.566244304978847590e-01
4.561075361660349436e-01
4.562200135441547566e-01
4.567629099817430705e-01
4.565344491723269948e-01
4.578144786333064875e-01
4.557790901201512757e-01
4.572696490635080879e-01
4.559563160164363804e-01
4.556094123395016959e-01
4.571839675744852061e-01
4.569059957976221997e-01
4.561414066540695478e-01
4.563377238466028718e-01
4.576841459831795800e-01
4.574175453679449888e-01
4.563745377695950234e-01
4.580934214430991691e-01
4.575947473723981362e-01
4.569446319234958254e-01
4.559494029939175630e-01
4.567517836217850347e-01
4.562272661051433031e-01
4.574779368721372808e-01
4.563058736461296228e-01
4.564114534459621231e-01
4.564735804642719996e-01
4.563213567947755900e-01
4.559191267796146585e-01
4.572501013374902223e-01
4.562054325446469050e-01
4.574220308541951940e-01
4.560024214102247342e-01
4.569907062697501354e-01
4.562865249716006044e-01
4.569828799186243518e-01
4.562543975853420863e-01
4.571916323679047212e-01
4.574530269638314994e-01
