5.476039073342486851e-01
5.486528919731612497e-01
5.485645417729942963e-01
5.488355907675973588e-01
5.492243581582587630e-01
5.487738311765659738e-01
5.480172008929327099e-01
5.475721438312082245e-01
5.479047625162616342e-01
5.490196090259045203e-01
5.483511190861904971e-01
5.490388521817671785e-01
5.486086497530228145e-01
5.482127378369052728e-01
5.498200445851361140e-01
5.483483342626147561e-01
5.488372739041960102e-01
5.488789531292954660e-01
5.484185143996456180e-01
5.484478244952502024e-01
5.489645065361486997e-01
5.488649759615875645e-01
5.476328972643835780e-01
5.490412557294259699e-01
5.482261913904225015e-01
5.482167749185586914e-01
5.484219709251751951e-01
5.489523955462767280e-01
5.484368602622198274e-01
5.482364753737452023e-01
5.484125260346185415e-01
5.488209004627062626e-01
5.482474095936207270e-01
5.490131742309789509e-01
5.492459634362329979e-01
5.483832751289614560e-01
5.502780400332821786e-01
5.484795130467801094e-01
5.480165346341072663e-01
5.483211418712068408e-01
5.477145465180294215e-01
5.483148978343412860e-01
5.490615686035482668e-01
5.494469291995565108e-01
5.485670559820234882e-01
5.478261445802772300e-01
5.486310558245864888e-01
5.485710787717524850e-01
5.483069240740933159e-01
5.488160576026426263e-01
5.495629074794143865e-01
5.487194228671250507e-01
5.485067915652965809e-01
5.502900451565861939e-01
5.500110946242291465e-01
5.486473847002537596e-01
5.479963355871925179e-01
5.475658054333059077e-01
5.486223255239048857e-01
5.486347739990186101e-01
5.496924313054949440e-01
5.484075187455056399e-01
5.481609938774227864e-01
5.488293374669593883e-01
5.499095440495955778e-01
5.488023722396262460e-01
5.495402548591996617e-01
5.504676099849110660e-01
5.490690395626814935e-01
5.494661812689676239e-01
5.489870868179076435e-01
5.494928433756579578e-01
5.502692853887520830e-01
5.487241633313360012e-01
5.502293611144715157e-01
5.495440659260082406e-01
5.493944240884641728e-01
5.496523196290792335e-01
5.497263021562984742e-01
5.493082098908553812e-01
5.486722186695826009e-01
5.499655296715664221e-01
5.500165205014587722e-01
5.498531504560995042e-01
5.491518921784761531e-01
5.493967791466645156e-01
5.506055420823157132e-01
5.481830973573263988e-01
5.495565718671758804e-01
5.491517961687955030e-01
5.496560075961194336e-01
5.494370685912877139e-01
5.490755905089155231e-01
5.496671148090559456e-01
5.480695734415464981e-01
5.488664994433964939e-01
5.487689084900213565e-01
5.488914976831351655e-01
5.485132384920341497e-01
5.497579149513072139e-01
