8.125874226452913796e-01
8.153190800580787378e-01
8.133025854010722533e-01
8.139078679422695473e-01
8.132825347408247918e-01
8.138871190996863625e-01
8.151295561770206533e-01
8.138701877415197572e-01
8.142993012878902981e-01
8.139075021391043441e-01
8.144089228072564079e-01
8.156973333522721248e-01
8.133220591538988797e-01
8.142657535368637012e-01
8.157206148707504267e-01
8.145001676493777154e-01
8.148987899148851799e-01
8.148656430859351207e-01
8.134697751758260820e-01
8.141433950482372950e-01
8.142236212947959739e-01
8.147131987547024945e-01
8.150756469773815516e-01
8.143830327165590965e-01
8.150172253747602902e-01
8.147936687836501157e-01
8.154050395230190151e-01
8.159084866938035585e-01
8.146121331732123494e-01
8.140097230017391272e-01
8.146070886677377887e-01
8.160970521202244310e-01
8.153672271317351505e-01
8.152815383199052413e-01
8.145812423949256864e-01
8.156783924718278289e-01
8.141883925382604748e-01
8.142866172337597241e-01
8.140820880163455175e-01
8.158235802343434262e-01
8.143176715287836487e-01
8.141374172504655116e-01
8.149377818919301131e-01
8.145133541281772693e-01
8.149526716808248583e-01
8.140946026955496739e-01
8.146436203550169175e-01
8.138875414242836559e-01
8.147567408199279937e-01
8.152070482393076745e-01
8.141862814022511330e-01
8.140870283511227878e-01
8.148140365800686791e-01
8.146841867658334291e-01
8.146544314232133654e-01
8.141900269365107690e-01
8.147852298265808590e-01
8.148001606276862319e-01
8.145702878674003777e-01
8.137195243176325032e-01
8.135793849881360895e-01
8.151914054910824881e-01
8.144431074310922725e-01
8.146097588571278303e-01
8.143596253015961128e-01
8.148988945153419206e-01
8.150206644059536654e-01
8.143758538263368152e-01
8.143908530098857845e-01
8.142026801091702959e-01
8.149187207048605996e-01
8.157655128717447024e-01
8.146716357054872848e-01
8.155498980800942599e-01
8.148130769975616694e-01
8.146712733829921671e-01
8.147864113455338675e-01
8.148642083093163846e-01
8.152652343049282546e-01
8.139732103242007799e-01
8.153565616870184218e-01
8.147903409451855428e-01
8.139782973947586875e-01
8.150039471083353471e-01
8.152580193843366185e-01
8.145687527769390757e-01
8.131492049574637893e-01
8.150383178480368196e-01
8.138262696598633772e-01
8.145954134827133597e-01
8.148199906446467189e-01
8.137956762080640338e-01
8.146898847234123053e-01
8.155328949163956898e-01
8.141644330020898490e-01
8.150267293432456039e-01
8.137691603293537579e-01
8.140609309039740227e-01
8.152874935323106698e-01
8.139946261234929370e-01
