1.691005630267427562e-01
1.694726679417258297e-01
1.698163123300943100e-01
1.705132520635834481e-01
1.696296893311781961e-01
1.695700739033312310e-01
1.702539781968098742e-01
1.708163674384638453e-01
1.706461681616047998e-01
1.706462204613818368e-01
1.703217035873991758e-01
1.704517457030225724e-01
1.697687955290766437e-01
1.696399955947196780e-01
1.691502602665581056e-01
1.694529815883326074e-01
1.702753291077434006e-01
1.700159656593088486e-01
1.701243111823225740e-01
1.700972674760381775e-01
1.702536027749551040e-01
1.691036668917719754e-01
1.701989418387471753e-01
1.685027032667494318e-01
1.706059102598806998e-01
1.693451097454521381e-01
1.705991277721218558e-01
1.696523338319800012e-01
1.695175360563807854e-01
1.703240194262613527e-01
1.708502964853990391e-01
1.702462550611223424e-01
1.707105530497268486e-01
1.694467699466818689e-01
1.695856535560072431e-01
1.700194731342851706e-01
1.694236235798452783e-01
1.697258111386153179e-01
1.690984365953732138e-01
1.695875659855332618e-01
1.692456846265369130e-01
1.688034213752279133e-01
1.696540649169755166e-01
1.695986697927393538e-01
1.690935973883463117e-01
1.705897528890765458e-01
1.695791788624567697e-01
1.686076333072781264e-01
1.704796102383625556e-01
1.696799575255989456e-01
1.701808989274587458e-01
1.696241758177613190e-01
1.696937862048657486e-01
1.697336432048886512e-01
1.705711520230314693e-01
1.702543739573371961e-01
1.706673263156794906e-01
1.698043736816258198e-01
1.694292659827696945e-01
1.705877887009985827e-01
1.700595293482178028e-01
1.711841642656541929e-01
1.702955581277230679e-01
1.703374935463135564e-01
1.696670223080380402e-01
1.698584326385781940e-01
1.702095334111348446e-01
1.700404619688484498e-01
1.696697528794020582e-01
1.695558560954964766e-01
1.700795887890354796e-01
1.696206165167443713e-01
1.708314194159529786e-01
1.696756609791332526e-01
1.699251362103335605e-01
1.704079526546218304e-01
1.693602209602113051e-01
1.702772035174819620e-01
1.700274730721484384e-01
1.703970554646783153e-01
1.687792412631946015e-01
1.692966968650387871e-01
1.690596101045959143e-01
1.707279565136609611e-01
1.703513303994650396e-01
1.687922423847961484e-01
1.695578684985045159e-01
1.693732012189373415e-01
1.689439219109511170e-01
1.693138369472259042e-01
1.708570019271345997e-01
1.697081921088996470e-01
1.700847318095888294e-01
1.697047980069977813e-01
1.696640477927168766e-01
1.692984252715658000e-01
1.694378253218066788e-01
1.691576295449725986e-01
1.687465371343288001e-01
1.702897668318323898e-01
