8.448299702592416693e-01
8.459592590153699465e-01
8.460595442505167707e-01
8.468253521149419205e-01
8.457063675738755171e-01
8.467694749235739060e-01
8.470226529120984393e-01
8.469463626784875521e-01
8.472772448624530384e-01
8.462104368297493906e-01
8.470888467649763109e-01
8.467008642097695326e-01
8.466569759783486582e-01
8.467181234018222868e-01
8.462744557541796997e-01
8.451644909951896434e-01
8.463012091176463914e-01
8.477323519191073409e-01
8.466886924513054025e-01
8.467770762097674986e-01
8.469522617230733630e-01
8.468366739825003986e-01
8.466388459672365974e-01
8.462254811950273847e-01
8.467107818745684966e-01
8.469452259627825441e-01
8.468336159375796646e-01
8.465848668733495508e-01
8.463129934386597331e-01
8.480974458836326724e-01
8.469658128791761609e-01
8.470712782571474531e-01
8.471120171307144897e-01
8.460032759439615191e-01
8.471714693561301912e-01
8.474072027014175612e-01
8.470641757181938125e-01
8.452203611019841745e-01
8.469563912216939716e-01
8.456156584195686499e-01
8.462758661736897725e-01
8.471393403434933633e-01
8.456986518306015554e-01
8.464177273469700724e-01
8.464741219024958241e-01
8.466693825909670235e-01
8.462029729386846277e-01
8.457062193116893223e-01
8.458320327009312134e-01
8.462264493339565208e-01
8.453128076961267112e-01
8.459002099595794855e-01
8.439561833945155023e-01
8.472229276087086536e-01
8.459691066725766317e-01
8.472607964656512225e-01
8.472688938220529487e-01
8.460788335393409909e-01
8.466818640215114655e-01
8.464909429599269952e-01
8.466397421819529256e-01
8.461860477092668642e-01
8.470459992840506658e-01
8.468783093346975432e-01
8.459417174655107230e-01
8.462576409282303036e-01
8.463987470752587505e-01
8.452977035917756954e-01
8.461081735653994684e-01
8.453476438945124460e-01
8.476801741847732607e-01
8.464108136984598296e-01
8.470457563292368430e-01
8.465228679177125848e-01
8.474103438526852106e-01
8.468083390921983256e-01
8.452598580637931125e-01
8.452514045912101759e-01
8.462560440702655562e-01
8.455610130058879292e-01
8.473364343642172392e-01
8.467532499386640765e-01
8.468997399535703741e-01
8.464750811428155552e-01
8.469096982482636760e-01
8.459543526820277881e-01
8.472055956649986452e-01
8.465528637735229012e-01
8.453372813072235203e-01
8.460322509586623019e-01
8.467036785134911536e-01
8.468838016268702695e-01
8.460698587177094554e-01
8.473490421393750083e-01
8.467178992700288287e-01
8.459668484787088438e-01
8.464594993225541542e-01
8.465507179984407271e-01
8.468935476785166561e-01
8.463170513837192654e-01
