9.418248559263247000e-01
9.431370025237519883e-01
9.430496493753560694e-01
9.435059313055471630e-01
9.432833803844851150e-01
9.431258830647856195e-01
9.437220063547978599e-01
9.439480307734413600e-01
9.424445740993412368e-01
9.432169744988468940e-01
9.429603047970045449e-01
9.435055566960839357e-01
9.437221756321025889e-01
9.438580290480911295e-01
9.430654663644023605e-01
9.425905808129992902e-01
9.437232508032618039e-01
9.427351746762839824e-01
9.434244930059729750e-01
9.428181277087548384e-01
9.416220121923326580e-01
9.419042808085701379e-01
9.433841024501699035e-01
9.429726995943386036e-01
9.424902811009681081e-01
9.422642375671621551e-01
9.435968708436069941e-01
9.413690433257437817e-01
9.419658079689090524e-01
9.425264439584406517e-01
9.433602192934087416e-01
9.429330306715351107e-01
9.430666080703059562e-01
9.424571973417779081e-01
9.426500427286589323e-01
9.434826062739336550e-01
9.417373165790696721e-01
9.421647732194021740e-01
9.427006537263926678e-01
9.432271835018742889e-01
9.420088406330294761e-01
9.442241016381183183e-01
9.428617104317132958e-01
9.434006884907043533e-01
9.425900320171487490e-01
9.424920603671262942e-01
9.422041807020914428e-01
9.428539903290868995e-01
9.433149176705453165e-01
9.423930282384778145e-01
9.425180748765131789e-01
9.427756313656426856e-01
9.432602547327094689e-01
9.427832974651366715e-01
9.425738014021336486e-01
9.426222888127697708e-01
9.420062604918618687e-01
9.424626455753373211e-01
9.434446087542297521e-01
9.427237504052221606e-01
9.429737864360883126e-01
9.425374886225413862e-01
9.430157101907696848e-01
9.427392698730745479e-01
9.428071234188339922e-01
9.434274534869038220e-01
9.430917211293957658e-01
9.428497857368276502e-01
9.436786228570557267e-01
9.424694250370855286e-01
9.430617711791253743e-01
9.426223241328388625e-01
9.429321036269751044e-01
9.425622218456315426e-01
9.420992808444654809e-01
9.420152401346900684e-01
9.434820201183806709e-01
9.423431833646068734e-01
9.426069353565633691e-01
9.437497639073653133e-01
9.437981575254523747e-01
9.426635831909129237e-01
9.427203799998188360e-01
9.428337067108074621e-01
9.423732118982233175e-01
9.438967876644677180e-01
9.425447400814888077e-01
9.434435729992303177e-01
9.436331660380707920e-01
9.420986253053824644e-01
9.433638282434360089e-01
9.430020502578410069e-01
9.427929187238055508e-01
9.430951593225568308e-01
9.431892810844622055e-01
9.439530182585136320e-01
9.416683256849049943e-01
9.426277303319920975e-01
9.426058675027237932e-01
9.436520358006558196e-01
