7.276213508938267349e-01
7.293303831396251713e-01
7.298590406158546040e-01
7.291537081014085597e-01
7.298407831778848109e-01
7.296189258766427876e-01
7.298931373282885327e-01
7.303230858335112430e-01
7.293145254436961267e-01
7.309713986946859698e-01
7.296164490637585542e-01
7.300944597785703483e-01
7.297133258531138811e-01
7.288198945238845150e-01
7.287947375956860263e-01
7.306630616378955168e-01
7.276626567213640984e-01
7.292331928099461402e-01
7.297704282063330883e-01
7.302266818248872582e-01
7.293100600359447849e-01
7.296684364945134060e-01
7.288341391642161327e-01
7.299697723837821339e-01
7.293013893205967380e-01
7.301424416511927973e-01
7.302210648754610123e-01
7.292615460755016432e-01
7.287197112963443857e-01
7.285780680445690383e-01
7.310038931562188314e-01
7.309061015370523773e-01
7.295096925772880381e-01
7.302808183290103727e-01
7.298151536191924693e-01
7.292155869173417848e-01
7.290678236641349175e-01
7.295048644850985475e-01
7.300384972142224260e-01
7.291117204568421384e-01
7.300293408505111881e-01
7.301627671683044163e-01
7.294404363363299337e-01
7.307624520153477299e-01
7.299787378361218826e-01
7.298773545368242299e-01
7.295564552740130271e-01
7.301214071593530308e-01
7.286472485874817551e-01
7.301855268857617709e-01
7.301484134996321096e-01
7.304343309379870419e-01
7.301358969110509634e-01
7.302896853632168117e-01
7.289909377832178849e-01
7.288446833601590624e-01
7.297208211891000884e-01
7.290670008708175498e-01
7.296937858902887708e-01
7.300747806900644843e-01
7.296565592814402423e-01
7.296890840018688262e-01
7.294741514005660399e-01
7.307686323399942285e-01
7.294781521722074613e-01
7.291885990345277069e-01
7.294282747063274286e-01
7.309898842378326211e-01
7.286668041147281727e-01
7.293590984931118681e-01
7.291337567280204990e-01
7.295083135814159903e-01
7.302268460259322413e-01
7.297835029209454039e-01
7.294332277860307023e-01
7.294140168124944035e-01
7.301887492928176293e-01
7.294645915353268339e-01
7.299896042886476755e-01
7.301424492082813078e-01
7.288829224739425960e-01
7.295970392067383514e-01
7.295756949889946608e-01
7.295565932859390257e-01
7.287877713212784769e-01
7.305745238964196364e-01
7.287480843185161206e-01
7.299693533626917530e-01
7.301716596822533933e-01
7.300390937933980418e-01
7.298278484656735010e-01
7.305193482638535629e-01
7.297940324346027241e-01
7.286893685148116973e-01
7.298104040064623543e-01
7.296256446859664679e-01
7.299037362236299176e-01
7.300686155500486496e-01
7.292849484551890971e-01
7.300796916233847078e-01
