4.325880128558531185e-02
4.330327333368180764e-02
4.407985275000321501e-02
4.319613501436488784e-02
4.406343100496366849e-02
4.469970177345007623e-02
4.402039159480090891e-02
4.327918029666098093e-02
4.439999090422645095e-02
4.421283177604459075e-02
4.351682228295723764e-02
4.434028759880694059e-02
4.377765062319100009e-02
4.349195446329698345e-02
4.401628245003923884e-02
4.377306452938063697e-02
4.459232815661290372e-02
4.259127051291927701e-02
4.418620278499865717e-02
4.318644156131343920e-02
4.508745093438519536e-02
4.310895721520342783e-02
4.362675583356569187e-02
4.397158274390061683e-02
4.373310312625221241e-02
4.488609742498268773e-02
4.327141162315893685e-02
4.353164039911045641e-02
4.474022808022566633e-02
4.415681322605292947e-02
4.339804885987652572e-02
4.420855424753308838e-02
4.468012575313878854e-02
4.419084861256157570e-02
4.407882765971133515e-02
4.275592070834646069e-02
4.416089397102935382e-02
4.280875056455664407e-02
4.438787294861609722e-02
4.395348114421177010e-02
4.383666224251753230e-02
4.344287713356748820e-02
4.272702059101292360e-02
4.338050273757741715e-02
4.399368989758580678e-02
4.192884618810559239e-02
4.472944079536497752e-02
4.319542196210764129e-02
4.338710801364514813e-02
4.380585042188396561e-02
4.370441671478158402e-02
4.374116902274759189e-02
4.263034383252940762e-02
4.408046724707508079e-02
4.419007418081402627e-02
4.376666187573578087e-02
4.394394120404215148e-02
4.267967642675273010e-02
4.462597374264294647e-02
4.407042252901746671e-02
4.383412853010184435e-02
4.458207761511946698e-02
4.292676551794027962e-02
4.497932353471961742e-02
4.495333400748378894e-02
4.277715002823638535e-02
4.338482377669906909e-02
4.406333282849035637e-02
4.277652219827172975e-02
4.347386136621549102e-02
4.413886356028166175e-02
4.454075699001795730e-02
4.453362781227949985e-02
4.383602094988309217e-02
4.364970940789235365e-02
4.422264112993566643e-02
4.394793816633023320e-02
4.339999373374498620e-02
4.295133073537148183e-02
4.413958346795386622e-02
4.469234968162186933e-02
4.418255861934966555e-02
4.352992513062363400e-02
4.379730297358599977e-02
4.488509688668217146e-02
4.372156572132573221e-02
4.414288597727830665e-02
4.471519469269780167e-02
4.372519298811675115e-02
4.406756886651821969e-02
4.472663144265402735e-02
4.350701897470569263e-02
4.378963179902635450e-02
4.401839321139990741e-02
4.354581678954115576e-02
4.433246025907770782e-02
4.418325351626475189e-02
4.452602801464981136e-02
4.365368929303106021e-02
4.408620804048721253e-02
