6.787076310306148219e-01
6.790798789272856073e-01
6.794920950813153615e-01
6.793297931779616050e-01
6.802190160525255491e-01
6.798711961249033209e-01
6.786540839673336212e-01
6.785249655740596131e-01
6.792986589068115144e-01
6.790230554576381916e-01
6.794677277611789190e-01
6.793278022722920584e-01
6.799303710082249541e-01
6.790243260859966101e-01
6.790255052215399267e-01
6.795947943832176819e-01
6.792945589727923394e-01
6.799487363790435168e-01
6.788452697516351719e-01
6.800361717340589474e-01
6.790650566866632820e-01
6.787990503648018148e-01
6.803447680476145676e-01
6.791381353347168970e-01
6.799484891382929774e-01
6.786852869849320236e-01
6.797192124448043771e-01
6.802970770511933551e-01
6.797802083442282539e-01
6.803947287784253284e-01
6.796591336444438580e-01
6.801660435848858599e-01
6.794051758665691221e-01
6.797704881443689118e-01
6.789049109224759571e-01
6.785552548151461139e-01
6.795644375095719614e-01
6.804119205078325017e-01
6.779966502587535526e-01
6.793764529650132555e-01
6.795589379532642749e-01
6.793648445161102334e-01
6.788028044425273855e-01
6.795882360754973428e-01
6.795914978186708977e-01
6.796134335706294216e-01
6.791689398361779872e-01
6.799466391018472722e-01
6.798895383471336151e-01
6.808858658570321465e-01
6.797951557810806289e-01
6.789791671026167430e-01
6.800204883239744369e-01
6.774787613155373034e-01
6.798157294819328067e-01
6.791855661609234041e-01
6.792899983691031984e-01
6.797922965759294334e-01
6.802579367287029388e-01
6.782399944815857840e-01
6.787921413446290630e-01
6.794213383243470350e-01
6.796722161669337403e-01
6.779040629288974884e-01
6.799998582906765510e-01
6.796643353955886813e-01
6.799372766004065927e-01
6.792858425116539145e-01
6.795633991438581045e-01
6.789205836704403918e-01
6.797269374195765712e-01
6.799564793019536868e-01
6.792092747808600173e-01
6.799581851142213473e-01
6.798446463835059461e-01
6.795678993229357090e-01
6.792944349441745189e-01
6.801848936108633170e-01
6.786802442946796576e-01
6.802636596104085775e-01
6.796401940954717169e-01
6.786110357031023277e-01
6.794527769954983309e-01
6.797508614966569773e-01
6.800753038870477329e-01
6.795992001258430726e-01
6.794440040643009437e-01
6.790432014189304866e-01
6.782232801067771266e-01
6.796313612457941522e-01
6.789137447197732822e-01
6.796403837339344278e-01
6.787545129662448939e-01
6.796889543325446148e-01
6.797564692262905162e-01
6.791457582026985129e-01
6.797966241312627389e-01
6.792561903316269856e-01
6.796144252151410381e-01
6.788949335059870638e-01
