5.734690704744382916e-01
5.731000971916719866e-01
5.733710253500097220e-01
5.740034246288242548e-01
5.750408739542098857e-01
5.730416079912017402e-01
5.728145670678261858e-01
5.736288934995830147e-01
5.738330780411408094e-01
5.728239820299553253e-01
5.726938406464980869e-01
5.737207820100247435e-01
5.742504181114629347e-01
5.735675467164755847e-01
5.737631473797980552e-01
5.737556863121474615e-01
5.745759034959282419e-01
5.735934153104143007e-01
5.735315752696980018e-01
5.731657149522455530e-01
5.744450110110879137e-01
5.728510331949809853e-01
5.732387191873156151e-01
5.729323593975528262e-01
5.738576743579684170e-01
5.736515297906196187e-01
5.741366872455166970e-01
5.730860986330468254e-01
5.739375423417267807e-01
5.736463692422500982e-01
5.734351443360720113e-01
5.730961320610716836e-01
5.742928993654476955e-01
5.735470091457933739e-01
5.736383509858429264e-01
5.736792192919527578e-01
5.748724363523456393e-01
5.750176178566426266e-01
5.747839783704604688e-01
5.735655211286969646e-01
5.743502074021872295e-01
5.735004701309449615e-01
5.739666384421618917e-01
5.737491859939379824e-01
5.740353914625655474e-01
5.732785763613146290e-01
5.731322454151419610e-01
5.733629508912856387e-01
5.723410774039210391e-01
5.742230918136614903e-01
5.739881563051763003e-01
5.749854015155906328e-01
5.741569842225824338e-01
5.735014580555017893e-01
5.741921745453053560e-01
5.732095359907565246e-01
5.726268242735155223e-01
5.737395621103863474e-01
5.728356516249862862e-01
5.732378903358039679e-01
5.732456809825816624e-01
5.746010145206077446e-01
5.744493668575005874e-01
5.731436803979129690e-01
5.727116251502031297e-01
5.736676110075573654e-01
5.733047274985917374e-01
5.728861688838626787e-01
5.741829187361990883e-01
5.732822931471154293e-01
5.747686704564241023e-01
5.739708775308181021e-01
5.732512738496347016e-01
5.742237488144636970e-01
5.739181462454084892e-01
5.732515588369619941e-01
5.729136282780649125e-01
5.745763133015214796e-01
5.732825196263211520e-01
5.739435492547659834e-01
5.739890140291661336e-01
5.731795925117819657e-01
5.737887939088234246e-01
5.742687783902098442e-01
5.728877359908729483e-01
5.731762735967436129e-01
5.720216860714351093e-01
5.735200094387522540e-01
5.733601058217425717e-01
5.735418528915446901e-01
5.734001700686126579e-01
5.741724871408762088e-01
5.737451022310509074e-01
5.728661352447854682e-01
5.741741827383661789e-01
5.729947953872942534e-01
5.732082271137939333e-01
5.732329072135654568e-01
5.729316855955817189e-01
5.731829492717811503e-01
