4.925820243363630002e-01
4.928207612217447298e-01
4.919328143158164801e-01
4.908245084639453193e-01
4.927865185658815150e-01
4.920019242240030732e-01
4.932690494972505890e-01
4.928974266197780896e-01
4.929019463121808720e-01
4.923297290469913490e-01
4.922694798332026833e-01
4.935465636412646462e-01
4.929835346911951577e-01
4.928402353964939642e-01
4.926735918568534989e-01
4.915123566597824345e-01
4.928358759687574420e-01
4.924579618947352300e-01
4.913928475074406665e-01
4.931371603213602905e-01
4.929046377164340020e-01
4.917181876115446215e-01
4.935236477901130403e-01
4.935658535251383761e-01
4.934730564120521912e-01
4.920254927886888452e-01
4.942072005021060366e-01
4.932102557148641542e-01
4.920834271070743116e-01
4.928181481909613693e-01
4.923752321170645208e-01
4.927886084449425996e-01
4.917880558366881094e-01
4.926660115859062827e-01
4.921086457933785963e-01
4.930852845650065541e-01
4.922560546254031721e-01
4.926079521395428928e-01
4.926764537912704522e-01
4.930392526439255074e-01
4.921994951223215287e-01
4.924098901139360440e-01
4.931410191168896229e-01
4.923649367837421575e-01
4.919720583190708707e-01
4.920655308051954391e-01
4.917321576103443892e-01
4.927708793859011949e-01
4.928754756152451955e-01
4.923961543023249732e-01
4.926832233522939197e-01
4.934310980400934410e-01
4.927275831421479846e-01
4.926269163633080761e-01
4.920677579792790968e-01
4.923020657662985911e-01
4.935797590868342688e-01
4.931791461337038385e-01
4.926843412833923352e-01
4.927989594758311886e-01
4.932013592344286490e-01
4.928839964031462850e-01
4.929245794507612355e-01
4.927695286060356783e-01
4.924253578542012733e-01
4.937784595657288556e-01
4.936145083639648101e-01
4.923698249332156829e-01
4.931369939241578293e-01
4.927358396398572316e-01
4.929082179707119371e-01
4.921143276451641624e-01
4.929535877924737242e-01
4.934848819293685129e-01
4.922388367816268318e-01
4.924390084584828187e-01
4.910118391458404563e-01
4.929062836449982221e-01
4.940923779276452099e-01
4.923595955373414323e-01
4.939760650673477582e-01
4.918681355578704006e-01
4.918133944697776760e-01
4.924277888753452181e-01
4.917948200065782038e-01
4.925470077782492240e-01
4.926568515283414884e-01
4.926103211691719719e-01
4.929040842817560275e-01
4.924982085854254787e-01
4.923902912003653709e-01
4.934807044162434764e-01
4.938977151431884760e-01
4.934653040374005206e-01
4.926652466430893051e-01
4.922614957864270835e-01
4.925881911562921545e-01
4.922160986752043277e-01
4.919715138788393616e-01
4.916791347420008673e-01
