3.270064231420062306e-01
3.270741875718402580e-01
3.286539009580279336e-01
3.269175103150085415e-01
3.270786099375586620e-01
3.267952022656588906e-01
3.272793233586365202e-01
3.268340514619398895e-01
3.272739802062589742e-01
3.269829560990989425e-01
3.267079859857604518e-01
3.270854902120504670e-01
3.278327566968028961e-01
3.265458219860624678e-01
3.270403424282466998e-01
3.276192791663380399e-01
3.280147759091267545e-01
3.273658520708437325e-01
3.273551856926472658e-01
3.274411520806262965e-01
3.273034494184589582e-01
3.275437326341474886e-01
3.271509653783823413e-01
3.284845615940171770e-01
3.279376855028582893e-01
3.265681596500019657e-01
3.273481998400186166e-01
3.267194881706446119e-01
3.268353774939485867e-01
3.278888341082397684e-01
3.258124398460274795e-01
3.270928002293624903e-01
3.274350981365158342e-01
3.265412759503913964e-01
3.271237884901817550e-01
3.262703114234144497e-01
3.269089882176752226e-01
3.264717226514607940e-01
3.281137776356030100e-01
3.278148106617622681e-01
3.284211396455090637e-01
3.272867345368400960e-01
3.273206681908840676e-01
3.267600932610906783e-01
3.266254707000078028e-01
3.279082960379489653e-01
3.272986469790026831e-01
3.267827030182308690e-01
3.263799314719457723e-01
3.267053317035363280e-01
3.281784971455541933e-01
3.275159542139760016e-01
3.271501825420972676e-01
3.274166023764785161e-01
3.283049785324401726e-01
3.279607064078507994e-01
3.279293506524327828e-01
3.267433288137719938e-01
3.267278954201514596e-01
3.265757315654331250e-01
3.280463367538503094e-01
3.278238090838127006e-01
3.266084046114786088e-01
3.272695979891081519e-01
3.263419014670743135e-01
3.270297690635167731e-01
3.270766641552270704e-01
3.264469067687565396e-01
3.269449349622858825e-01
3.278809894520897661e-01
3.271136646510655055e-01
3.264718397966750452e-01
3.273319852158960153e-01
3.282291418096126567e-01
3.270235520084636138e-01
3.268511840256433376e-01
3.278411809852853631e-01
3.268790489900998408e-01
3.271976995983689740e-01
3.271982112970503453e-01
3.281612623228283288e-01
3.269156817964078976e-01
3.277771631142242237e-01
3.268173796211470972e-01
3.287740847666050237e-01
3.269290877359440350e-01
3.270980000432104906e-01
3.274949804152337829e-01
3.271964965095091604e-01
3.274709632025776251e-01
3.286456683038196380e-01
3.280083453835828111e-01
3.260444078468580642e-01
3.271930459388355250e-01
3.271686708311066227e-01
3.276047745052440563e-01
3.270450715219946347e-01
3.280622421625578045e-01
3.268175540379079091e-01
3.283023582310100608e-01
