6.664280319248292450e-01
6.676967916139918691e-01
6.685844953736570506e-01
6.673824383468405230e-01
6.692621245529354335e-01
6.685310129184069972e-01
6.697870696266348123e-01
6.683842593018087808e-01
6.688711796398967291e-01
6.694044932092488853e-01
6.684097811103588693e-01
6.690172547348103294e-01
6.684020042935843176e-01
6.691668550103080371e-01
6.688080149100036342e-01
6.688714081634514752e-01
6.675962821522798407e-01
6.680722051298797481e-01
6.677255658779661651e-01
6.684379368039514713e-01
6.690925387886290654e-01
6.685498814217345487e-01
6.694211209262634910e-01
6.700490917155528248e-01
6.681105254020913709e-01
6.672464478066122417e-01
6.671281201060847987e-01
6.687532735016971097e-01
6.668637976513142052e-01
6.683415343185888924e-01
6.698124602167805364e-01
6.685440404506126644e-01
6.685778108638681383e-01
6.679281232919649369e-01
6.697129804656946073e-01
6.692695236015495652e-01
6.685675294253035084e-01
6.685429327781943210e-01
6.690019030037155368e-01
6.679722548307689411e-01
6.694259467259708885e-01
6.680289801339661659e-01
6.672595740821165577e-01
6.686513454550402358e-01
6.681858113273144717e-01
6.677870202409914580e-01
6.687135043288925385e-01
6.678923557086634544e-01
6.675680646574873034e-01
6.685810354594430294e-01
6.693464072593273695e-01
6.684838977054712306e-01
6.695340091219490475e-01
6.690424651965078962e-01
6.684606801177157553e-01
6.677778848555026014e-01
6.681682331896574567e-01
6.681369188949884963e-01
6.685905130580036548e-01
6.679800057347028419e-01
6.685935635596339521e-01
6.694381324059488492e-01
6.685137919326437084e-01
6.683821965795680997e-01
6.681541878120598188e-01
6.677973246378346994e-01
6.692532072694434842e-01
6.692174074037690046e-01
6.677211179707662758e-01
6.686969947194508768e-01
6.675742587976623010e-01
6.692227933850602994e-01
6.694494210319984484e-01
6.693513244070345980e-01
6.680082624347547515e-01
6.680879444638259113e-01
6.693930871788971171e-01
6.684551878811486603e-01
6.687285755958466416e-01
6.683380334204158668e-01
6.687578204656144942e-01
6.691230817489556282e-01
6.678818484505956166e-01
6.678099458764605867e-01
6.693462301831263339e-01
6.686918175147733567e-01
6.689429134785640496e-01
6.691429647882032317e-01
6.670701569703398892e-01
6.691490128115222813e-01
6.680872940508190139e-01
6.672515648336463379e-01
6.682122012950129086e-01
6.674434241158844205e-01
6.683707409714263470e-01
6.694790750298854620e-01
6.678444376442080888e-01
6.691495240946371270e-01
6.687321983307941142e-01
6.691352410715336596e-01
