6.480669057725300108e-01
6.498565690295563524e-01
6.498686389214975989e-01
6.486458770148961772e-01
6.488932789177082050e-01
6.493078496757813678e-01
6.494560195032850203e-01
6.496498786583279061e-01
6.504674136559537301e-01
6.498592554998622317e-01
6.496506263113861479e-01
6.496333696343936648e-01
6.505260588028825008e-01
6.502097067263699071e-01
6.489500812793811413e-01
6.499401430607096852e-01
6.497778843452659547e-01
6.492360428557013563e-01
6.482771660578148243e-01
6.489245239912209140e-01
6.482659687632850165e-01
6.493683993714143288e-01
6.497584631222317331e-01
6.483482555633333089e-01
6.503624543671040481e-01
6.501368391368905764e-01
6.500296817419686235e-01
6.492122219128579896e-01
6.496854276328268840e-01
6.505088006005071977e-01
6.492148592381897787e-01
6.506326901967360854e-01
6.501712386908413688e-01
6.485349579954621246e-01
6.498911403417140242e-01
6.501555846562291352e-01
6.499783012525025550e-01
6.491597268548877642e-01
6.498662304233859821e-01
6.504629766122458356e-01
6.497251243647302887e-01
6.500530991238262501e-01
6.498533043657247488e-01
6.493881270769330527e-01
6.492058184991366110e-01
6.508874340514194667e-01
6.494054669908754240e-01
6.491695303405821127e-01
6.492992485296137373e-01
6.497276824592824740e-01
6.499359752274608271e-01
6.500511568325689771e-01
6.501584672858987668e-01
6.497092559868405948e-01
6.493987568832668700e-01
6.484432018944713549e-01
6.499042522900260188e-01
6.490986515352584751e-01
6.493263810456453289e-01
6.486509476803847818e-01
6.486223966195202584e-01
6.500273629238120243e-01
6.498429089620908483e-01
6.501854360321606130e-01
6.503158852739026052e-01
6.494393553746367065e-01
6.497850918661545183e-01
6.508886044049460029e-01
6.493576601175997665e-01
6.494042636394110612e-01
6.499040645726488208e-01
6.501134017027383472e-01
6.485321104393748648e-01
6.506945097500312913e-01
6.503278883103608132e-01
6.504091401462046562e-01
6.488201906185453449e-01
6.506162659553977878e-01
6.501988551345185829e-01
6.497691698623462297e-01
6.497317591837663553e-01
6.498923873379472971e-01
6.487193215803244151e-01
6.493656772373287422e-01
6.502563942488951421e-01
6.499115238123336358e-01
6.495366144837670941e-01
6.500461291680950104e-01
6.485016346171015300e-01
6.487424651083948390e-01
6.499025467673990031e-01
6.488514114122528875e-01
6.492171998265559019e-01
6.494882321204717979e-01
6.493823470270868592e-01
6.499538862411513573e-01
6.494240177894324839e-01
6.497756444182619662e-01
6.487259211498295208e-01
6.482151229019148531e-01
