7.076789577845855606e-01
7.071350951244086414e-01
7.067392369211115133e-01
7.061723719092547480e-01
7.068485044652768057e-01
7.074715962358487653e-01
7.063914074152184419e-01
7.072821476544974839e-01
7.066408209478568514e-01
7.058657454965890921e-01
7.073326803701259768e-01
7.062498025983510175e-01
7.050115177255520393e-01
7.066094299037664062e-01
7.063790888958847436e-01
7.062392616643209386e-01
7.051976204523744407e-01
7.082177030537201157e-01
7.074373745275839287e-01
7.060248169467541191e-01
7.053925770496469738e-01
7.061995323488213794e-01
7.070277902750170540e-01
7.079127916293380673e-01
7.071610924130510289e-01
7.064218352295326131e-01
7.071433010997592028e-01
7.074724533769181090e-01
7.068102615082560991e-01
7.062208711572663944e-01
7.064416160934678945e-01
7.076368137307119666e-01
7.059343491922900338e-01
7.053353566545719211e-01
7.068926640924244609e-01
7.072685273642278503e-01
7.052162704633206936e-01
7.056782538498027613e-01
7.059893609169671791e-01
7.068526683214011452e-01
7.066216979014581234e-01
7.062250470646023182e-01
7.059099135661884850e-01
7.065577938287720405e-01
7.056407441959863247e-01
7.065364711408703702e-01
7.058733926949303239e-01
7.074369649448690733e-01
7.060207516388520288e-01
7.069984188524970348e-01
7.060327065728134732e-01
7.063573689716642345e-01
7.062138661126911021e-01
7.062573305390238421e-01
7.071535200277790922e-01
7.071812055280892739e-01
7.062205736475852813e-01
7.063136432178953594e-01
7.062294998211193775e-01
7.064533163649495684e-01
7.060509481985117741e-01
7.062313456081945606e-01
7.064680603739049713e-01
7.071489578793586084e-01
7.070305004894954504e-01
7.070999569011661157e-01
7.063168943884208240e-01
7.073440077734394205e-01
7.066574945473420577e-01
7.055296418578347328e-01
7.068705194669884229e-01
7.051732164809131342e-01
7.059407270915301069e-01
7.087981060869948946e-01
7.074458770981097988e-01
7.073732406288046892e-01
7.072368524243703991e-01
7.063369033267294927e-01
7.072516424452424122e-01
7.051050958649276446e-01
7.069924189863632247e-01
7.064678725143764826e-01
7.066867250825600300e-01
7.068561746608106322e-01
7.062416019503381381e-01
7.071652709403446480e-01
7.068192724772797142e-01
7.053371983799529010e-01
7.064001974179008325e-01
7.060246304615875879e-01
7.059798975379516506e-01
7.066305336170924933e-01
7.065645729539384856e-01
7.071593645139442330e-01
7.077257279443480709e-01
7.055906404927994036e-01
7.060990860569552607e-01
7.066752577149445491e-01
7.061696887666953915e-01
7.068969862522396230e-01
