3.945815881198173614e-01
3.964701204148931568e-01
3.960342181093139402e-01
3.969005301769769622e-01
3.959081049546087083e-01
3.965105624985611477e-01
3.968017972560488049e-01
3.974905859971300526e-01
3.960974940518134924e-01
3.963065901989951123e-01
3.962256153129896097e-01
3.963462112762362599e-01
3.965155988341940718e-01
3.958993280923627789e-01
3.974637478892357745e-01
3.960667306603329885e-01
3.953484589603135646e-01
3.976894196369067935e-01
3.951391209610927713e-01
3.962003139831203335e-01
3.967915108434950655e-01
3.965086048229321536e-01
3.969443932383153184e-01
3.971465022545994650e-01
3.962830076375357669e-01
3.964954266893366830e-01
3.973087087468690770e-01
3.965388242888451265e-01
3.970907872872022626e-01
3.960078656565667599e-01
3.969756776533829301e-01
3.959684657675734964e-01
3.968565611524108583e-01
3.964112841111216978e-01
3.959823610951377360e-01
3.963073463949522424e-01
3.958940253135081466e-01
3.966590196390408773e-01
3.958733870271445854e-01
3.969166204855960611e-01
3.978715778282815307e-01
3.963900286693208264e-01
3.967878755834247095e-01
3.954171915078997790e-01
3.966833619326981530e-01
3.954903715227670591e-01
3.962614966190941002e-01
3.968230767694343464e-01
3.960610556407213600e-01
3.955220961678647673e-01
3.957746770154492166e-01
3.962050954351308274e-01
3.959888425764820363e-01
3.962576523597002298e-01
3.968340277881308165e-01
3.960165102126268488e-01
3.955700195207215719e-01
3.961621240340804651e-01
3.962071458686684533e-01
3.956791856359233028e-01
3.966277701494663188e-01
3.959166818722491543e-01
3.968093366928239218e-01
3.966510857189181616e-01
3.959651247581958966e-01
3.966598111901949997e-01
3.969582925576228272e-01
3.964371534232967176e-01
3.965059654087317309e-01
3.966988148959292304e-01
3.961526155541558181e-01
3.977212403562009890e-01
3.957221565003895547e-01
3.958445530954532443e-01
3.963267288635592411e-01
3.959486097059278786e-01
3.959752411362748026e-01
3.969524627170799569e-01
3.974894745819742004e-01
3.945992150186810044e-01
3.964826465343049833e-01
3.982065652969496439e-01
3.973939381142528871e-01
3.963647958492769741e-01
3.967775592768026938e-01
3.954258422344024693e-01
3.956569540245792882e-01
3.956943881097288451e-01
3.968136204170964465e-01
3.965921353373684788e-01
3.961991064320382061e-01
3.965496147559302020e-01
3.963540305652777374e-01
3.957168883022321171e-01
3.966543307967558829e-01
3.976812767382006397e-01
3.963056721906651481e-01
3.958342738830399332e-01
3.969655489078410815e-01
3.970316967237580430e-01
