8.171001545675672384e-01
8.176362188647392504e-01
8.193976522478990665e-01
8.185129166138362944e-01
8.187417664910758841e-01
8.174652521338875433e-01
8.182353474894108469e-01
8.186313061166351490e-01
8.184886828973112483e-01
8.173127217245874654e-01
8.178651867660344799e-01
8.181301573002148775e-01
8.193869415247954091e-01
8.185979152757401067e-01
8.180453021760478727e-01
8.186776994992456258e-01
8.185740773152477834e-01
8.188910488510956487e-01
8.167916389056770754e-01
8.194470259517807609e-01
8.173348464932933544e-01
8.176815958838719034e-01
8.180854938621477945e-01
8.178403816455876996e-01
8.185507382423931055e-01
8.188080175420229256e-01
8.186716634484245692e-01
8.188699018585421374e-01
8.197218513301931520e-01
8.183309618879013314e-01
8.190366489725330323e-01
8.203397891292523170e-01
8.194158876938304470e-01
8.177682342558683093e-01
8.181924830749873756e-01
8.178336937358039460e-01
8.180841123788447078e-01
8.184415470778608759e-01
8.181328889750373312e-01
8.184435069826894171e-01
8.181552907089717497e-01
8.189121175676381537e-01
8.179100474391548525e-01
8.185353063395119921e-01
8.196391888751557442e-01
8.184745798307820897e-01
8.193790321651652775e-01
8.186138156296787205e-01
8.192753781708993488e-01
8.179903668683476958e-01
8.188919266761812699e-01
8.187354445069343623e-01
8.182906585524507559e-01
8.187008492789153991e-01
8.189971911701041662e-01
8.182263190829853761e-01
8.182509694624253704e-01
8.185693441146343341e-01
8.193694458470895947e-01
8.195408729915989454e-01
8.189346209423687961e-01
8.176120313083106161e-01
8.186570539095641141e-01
8.192826213415572711e-01
8.190611564599317163e-01
8.185888469965081349e-01
8.180109498293681725e-01
8.186560935684998874e-01
8.179775929963729597e-01
8.173496040803069906e-01
8.191881741525939287e-01
8.187752437823978546e-01
8.181445198652322892e-01
8.168097000480161185e-01
8.169029695581020434e-01
8.182358603577992717e-01
8.176297328094210837e-01
8.194467209895220927e-01
8.183253696884502659e-01
8.191068725406707163e-01
8.192465054373672118e-01
8.186603870961213225e-01
8.196141627146886766e-01
8.182504864822299773e-01
8.195500720538951844e-01
8.182208274742696075e-01
8.185209585045970515e-01
8.182593345480109193e-01
8.188003046430417653e-01
8.191389088882381486e-01
8.189623193029944570e-01
8.175057391541955543e-01
8.184946664448042863e-01
8.186483320643995754e-01
8.190075230407198870e-01
8.191494047091406605e-01
8.200356185419845900e-01
8.178294676213742065e-01
8.187727739938155391e-01
8.176727936332719437e-01
