9.702656449475040024e-01
9.729610013854876893e-01
9.725512855241721377e-01
9.720903807306120470e-01
9.718943393952439447e-01
9.726228419675875259e-01
9.726300082443777306e-01
9.727962015838390597e-01
9.727602815447706774e-01
9.728227360756310782e-01
9.731639952035353591e-01
9.716883536758678108e-01
9.731526130013382625e-01
9.720727027452064073e-01
9.721538905492306260e-01
9.728023248069234130e-01
9.712518262919975776e-01
9.722874340365365020e-01
9.719704919670535403e-01
9.717018425497030432e-01
9.727570573465444959e-01
9.733175355171561627e-01
9.736257821479745722e-01
9.732691156020203405e-01
9.720044232608859858e-01
9.717521138431344241e-01
9.725775330082030434e-01
9.721667176830628421e-01
9.723511110635117971e-01
9.721198284265230027e-01
9.712846584676285699e-01
9.726041212267054759e-01
9.715594772540214752e-01
9.729539689320845230e-01
9.713511114130697344e-01
9.719183228947700925e-01
9.722056873525539711e-01
9.720193735389310863e-01
9.728044742658444877e-01
9.724519956708657098e-01
9.711563840416512772e-01
9.723901227327780283e-01
9.723642894055383179e-01
9.724226679466376755e-01
9.732516676980080828e-01
9.712721625775341261e-01
9.720814761332914333e-01
9.715368182223881321e-01
9.711931394752215674e-01
9.726523959139519171e-01
9.718634726605108742e-01
9.726771900703857776e-01
9.722998513081280159e-01
9.719895812044803129e-01
9.715588124851490814e-01
9.728030076417468752e-01
9.728040355380219717e-01
9.725735171846154881e-01
9.718209105626793853e-01
9.724394299951740761e-01
9.713440876803187685e-01
9.717405566520341820e-01
9.716553013593055566e-01
9.717936175081032246e-01
9.728276490740788152e-01
9.722473929393614656e-01
9.726260410173637183e-01
9.741822121201926254e-01
9.722101572205553710e-01
9.725676991396886573e-01
9.724144950897570805e-01
9.718843978062232658e-01
9.714350006622594069e-01
9.722449664673116221e-01
9.713961327581341898e-01
9.718713158566132382e-01
9.726876321248449919e-01
9.720624104544342003e-01
9.730160245537093910e-01
9.720258360651345964e-01
9.717129392111869546e-01
9.728055102376829133e-01
9.734708120876232051e-01
9.727794127338802443e-01
9.720718503446037495e-01
9.730493347471873555e-01
9.718703284109846408e-01
9.727000790132415142e-01
9.721157706345913141e-01
9.721334709283167008e-01
9.738935913345792006e-01
9.724529577552376569e-01
9.721766264614235542e-01
9.717153127620880015e-01
9.710960983342717956e-01
9.721863414230474953e-01
9.711963278060500304e-01
9.721354076338192263e-01
9.720185677492605425e-01
9.719690632108846096e-01
