6.014908364527131734e-01
6.037480895546905035e-01
6.027458004197675523e-01
6.029035078271052228e-01
6.024011063980969638e-01
6.036645509909450702e-01
6.039617524299716322e-01
6.030269792936903128e-01
6.041280262229675735e-01
6.036375713806740873e-01
6.037331549512834350e-01
6.038984144698598122e-01
6.034861716884811766e-01
6.035327845186246876e-01
6.030053243185281575e-01
6.036813594643473113e-01
6.023652016502825113e-01
6.036885133295573080e-01
6.032750420416348458e-01
6.027208906475901573e-01
6.037432756372441700e-01
6.028107622852501013e-01
6.040512636436176086e-01
6.031083587683471192e-01
6.044200309378353619e-01
6.043737835359854760e-01
6.037030045769858910e-01
6.028924393867461928e-01
6.037165599030822616e-01
6.034527597119612174e-01
6.037637502219574959e-01
6.031840863586480639e-01
6.037865215759987692e-01
6.037111774650484319e-01
6.035028607762558117e-01
6.037196039436452111e-01
6.033682758710594563e-01
6.043681083497723927e-01
6.033635876362208883e-01
6.036164426398438199e-01
6.033356707805678232e-01
6.036836576330792958e-01
6.035466543942893392e-01
6.034067699179079813e-01
6.038952746742594080e-01
6.032549548819339247e-01
6.043590917740380153e-01
6.034247635770900731e-01
6.032986461028863046e-01
6.034472503944001698e-01
6.032582675180471199e-01
6.033867191203352576e-01
6.040609941380222780e-01
6.038214432730637515e-01
6.031907924797874632e-01
6.031633597205638964e-01
6.035961083517734638e-01
6.030269043543441398e-01
6.036907520330639931e-01
6.030332675004128618e-01
6.039722103671900655e-01
6.038282229426132908e-01
6.024539008586942135e-01
6.036339186089010322e-01
6.034674497723638842e-01
6.043436428320674292e-01
6.045462889700108366e-01
6.042724206393699227e-01
6.028084887455474883e-01
6.034264734772127881e-01
6.034391535861703959e-01
6.039687349658471316e-01
6.032628056989157717e-01
6.038024211582128098e-01
6.032124328129343516e-01
6.034300162454383498e-01
6.040223527303222317e-01
6.040642087899339430e-01
6.050785115915057188e-01
6.039776823185949439e-01
6.034421771217153285e-01
6.040651370949814414e-01
6.047212636236609651e-01
6.036801955089577953e-01
6.024049769685173583e-01
6.031337635567759481e-01
6.035706563854490447e-01
6.036672803813061261e-01
6.043413542450182252e-01
6.033255437038664848e-01
6.036822728967949914e-01
6.044099911166791461e-01
6.028259124493999810e-01
6.047118050451147919e-01
6.029756425226422412e-01
6.040554821744570368e-01
6.040407317019520494e-01
6.042357628307633011e-01
6.037936867924151851e-01
6.032324563797191175e-01
