9.812818799310029094e-01
9.831512021928131562e-01
9.819723258796553278e-01
9.828593644441676602e-01
9.820196440872326349e-01
9.839801304163490192e-01
9.828111752832279224e-01
9.828765385856668146e-01
9.823586251069682529e-01
9.828129925214289520e-01
9.827640012204054143e-01
9.826937548054746063e-01
9.826116964761653083e-01
9.822356735667652217e-01
9.820977318797773359e-01
9.827862843240451340e-01
9.820662131413853135e-01
9.829486234882907070e-01
9.839458641509561954e-01
9.823916696899686052e-01
9.839381694357990371e-01
9.831626876835830586e-01
9.833375092854044208e-01
9.837715865750464861e-01
9.826759556969261178e-01
9.835977300733670381e-01
9.827764856454097586e-01
9.820572069910808999e-01
9.827515853034994864e-01
9.823919684256732232e-01
9.839086761206424780e-01
9.826193664593440014e-01
9.840960952169917064e-01
9.832270967597414035e-01
9.826539378019865101e-01
9.830020188083024024e-01
9.826214146155323181e-01
9.840715194155967849e-01
9.825209248454735977e-01
9.830893378517702175e-01
9.827048793022750139e-01
9.834501641889619172e-01
9.825821263169005615e-01
9.823011816845795829e-01
9.817103655806841411e-01
9.822116197003702975e-01
9.830873529662034205e-01
9.831384051634459720e-01
9.833507001503025702e-01
9.827563712438933674e-01
9.828363486811291239e-01
9.826720946934872636e-01
9.823684250411122143e-01
9.829806493653352462e-01
9.835957351612814037e-01
9.825341443327035851e-01
9.816743658050708365e-01
9.831254706386876041e-01
9.818450580397721783e-01
9.819337881244822874e-01
9.828007514905665598e-01
9.824502599214570697e-01
9.824794355079429220e-01
9.826931536779135445e-01
9.833616377494391880e-01
9.834268965676998819e-01
9.822214465678582584e-01
9.839350329741314294e-01
9.822192634650404042e-01
9.825321682388545863e-01
9.826035655766625077e-01
9.835160310501668279e-01
9.820128456859111843e-01
9.836663350275464124e-01
9.838092755672733780e-01
9.830268546892597659e-01
9.822178003957185988e-01
9.833683024425901031e-01
9.826322997554801653e-01
9.825918473890759008e-01
9.828023927830846773e-01
9.824640753428562912e-01
9.824353775519667487e-01
9.823166902874720385e-01
9.825507953128851391e-01
9.831120885344492022e-01
9.828286392288793083e-01
9.836629155390735901e-01
9.826199669142536841e-01
9.820602932305224630e-01
9.833831862753517061e-01
9.824448983238380784e-01
9.821721444471087636e-01
9.826449075161896030e-01
9.828820808976455048e-01
9.822817361510538525e-01
9.830480951438177462e-01
9.830085261408365582e-01
9.835024559109545317e-01
9.836524497583692961e-01
