9.529300660904240772e-01
9.532328043716569166e-01
9.526027125516036698e-01
9.520112283232878836e-01
9.522495907273440530e-01
9.524149583483765280e-01
9.531037976301275361e-01
9.521637512378151591e-01
9.535210437212791046e-01
9.528686131558548045e-01
9.527241464778530844e-01
9.527212132641224018e-01
9.537452999997024783e-01
9.521823403285273324e-01
9.534462522439419718e-01
9.523359651724845332e-01
9.543239213543446287e-01
9.527420153583551210e-01
9.524259140022965919e-01
9.531283722496559641e-01
9.530099156666327342e-01
9.530388876991182645e-01
9.524741396273415095e-01
9.530663514096695543e-01
9.534488990385463492e-01
9.525498737615766265e-01
9.532163418195653826e-01
9.535372217762596581e-01
9.520283302104274314e-01
9.525649885368763226e-01
9.524273505446796406e-01
9.534721146490189314e-01
9.534820788146577408e-01
9.530022774138233732e-01
9.525696704056515474e-01
9.534436737719171884e-01
9.538755140882417827e-01
9.510616917442853424e-01
9.529209088756013246e-01
9.517432641505103597e-01
9.542187759095764887e-01
9.517492694879789994e-01
9.518919393579323707e-01
9.532140515039793094e-01
9.525930647413485275e-01
9.515615462077566811e-01
9.535835415317986952e-01
9.530930154371735075e-01
9.521750817329350802e-01
9.530166911612871772e-01
9.530411556715987498e-01
9.520399504440084648e-01
9.530401953984013463e-01
9.527104205833671902e-01
9.523832919680135234e-01
9.532422513827771837e-01
9.527430627712095701e-01
9.529426723818004152e-01
9.532571671839502603e-01
9.517673732098298478e-01
9.531965318062312065e-01
9.524852705062381020e-01
9.529053609940676406e-01
9.521512077778030436e-01
9.520281944402105845e-01
9.529225029359927879e-01
9.528960053444865963e-01
9.531212253185017413e-01
9.530733481408412144e-01
9.527291042056369452e-01
9.525776884004821810e-01
9.527756729824040649e-01
9.526900804093332287e-01
9.528980825145637601e-01
9.535467439060462125e-01
9.520645769835800465e-01
9.522839590700861168e-01
9.518132458173635957e-01
9.529176212144172542e-01
9.539785393402619995e-01
9.532630924336725764e-01
9.522142420280194086e-01
9.520604598221603654e-01
9.535400770693676087e-01
9.525064485472980458e-01
9.513963730293769627e-01
9.524358745626297917e-01
9.515813586950037095e-01
9.517821924428606639e-01
9.523117964260505719e-01
9.534440177863745536e-01
9.528137201164177394e-01
9.534534642724246112e-01
9.526018263585465107e-01
9.523393166225040396e-01
9.533559136675908707e-01
9.530973397931663538e-01
9.531160394654086820e-01
9.537285198026115296e-01
9.529109243893573167e-01
