3.665288574544331990e-01
3.664799659958149491e-01
3.668949865747424544e-01
3.667543832847209306e-01
3.668859490760063014e-01
3.681863286562488957e-01
3.671796303184715615e-01
3.669665917923752851e-01
3.669529963034601772e-01
3.667114669884585787e-01
3.685471272308926127e-01
3.677192838463061442e-01
3.668593932219598175e-01
3.668808064585276640e-01
3.685097534079482262e-01
3.678356600504197882e-01
3.672093834964174630e-01
3.678789166281089540e-01
3.674542034334284946e-01
3.661777578419840307e-01
3.672695374816132285e-01
3.680847567635440742e-01
3.673064261307808498e-01
3.680290309232613910e-01
3.693523128655850085e-01
3.677213138604743525e-01
3.659337439131407077e-01
3.671833141784428545e-01
3.669444168757874936e-01
3.675644140183879638e-01
3.670822643128884843e-01
3.668445815622843886e-01
3.668541716227280425e-01
3.661770205514284227e-01
3.656138261711992521e-01
3.670710935372405448e-01
3.677282311536391179e-01
3.679497145542361958e-01
3.675507577175584073e-01
3.667118693264169171e-01
3.682963528122280006e-01
3.666366687135264590e-01
3.678999567888712741e-01
3.676852443377920387e-01
3.677792623271034511e-01
3.676445168759254756e-01
3.673666363668126045e-01
3.662368476349662227e-01
3.677525479792219110e-01
3.677275082829221109e-01
3.682849831078700564e-01
3.667339173167624145e-01
3.668600095478304346e-01
3.677098043027970942e-01
3.678954782375029042e-01
3.670172488454216952e-01
3.669667207928517527e-01
3.668135442977368821e-01
3.675166273700351538e-01
3.674499097991373864e-01
3.678093724288308275e-01
3.660594527686876765e-01
3.665854906594718798e-01
3.668592972189091972e-01
3.674824967325862612e-01
3.682844456779351683e-01
3.663542398354605600e-01
3.679934804023246020e-01
3.667553292499827755e-01
3.677641493733456723e-01
3.681555127522336268e-01
3.669274188730126118e-01
3.668496484732591822e-01
3.674819482838371232e-01
3.682137472444795279e-01
3.673925127253967471e-01
3.678383543933528843e-01
3.679572459797191275e-01
3.678510084011334946e-01
3.669243181629883721e-01
3.667766806582086758e-01
3.671357272992465948e-01
3.665024129271145514e-01
3.691109386452398611e-01
3.683759397664201907e-01
3.680935092032427414e-01
3.681317926591154421e-01
3.671189833916617684e-01
3.672670718980103888e-01
3.673636684239218186e-01
3.679057161436409262e-01
3.675209208153868423e-01
3.667099682180714471e-01
3.678031200677110979e-01
3.679786989573764489e-01
3.669507821279993642e-01
3.670648723726771534e-01
3.673193692063725369e-01
3.673994103036562486e-01
3.683656734417214418e-01
