3.024840679433128399e-01
3.037288666262970005e-01
3.030884394907737422e-01
3.034762107721160063e-01
3.034099448773491803e-01
3.035847626103988506e-01
3.034891567381285404e-01
3.033446853067521820e-01
3.030940598037610290e-01
3.032147077749915431e-01
3.027913454432381579e-01
3.034579513136851370e-01
3.031427834890492168e-01
3.028503430985586276e-01
3.028388563416383739e-01
3.037381064345046622e-01
3.032555015176482960e-01
3.025328250063802904e-01
3.037560088465355301e-01
3.033701749103195899e-01
3.045174543922766208e-01
3.032136866757820792e-01
3.043910370779960295e-01
3.025277466315294816e-01
3.029352457816525956e-01
3.030874450519192020e-01
3.035525644354326591e-01
3.034387712060387932e-01
3.036966637485577492e-01
3.030982373643347771e-01
3.026549405945273552e-01
3.036677776260562345e-01
3.031001957596733964e-01
3.028716518555241155e-01
3.044584718370565435e-01
3.028984472853325505e-01
3.035993680908871672e-01
3.035520877253593541e-01
3.037006815780265989e-01
3.031083710107897455e-01
3.021168516372343404e-01
3.029011340707697952e-01
3.035903808802102866e-01
3.031222304508842669e-01
3.028017725844735497e-01
3.031843106098718876e-01
3.020852912988062910e-01
3.031182177198326055e-01
3.024436562349599456e-01
3.033974672496070890e-01
3.037166058372993693e-01
3.028454476655161320e-01
3.033952171695545319e-01
3.037490299546636852e-01
3.027978283656919678e-01
3.037055579884374024e-01
3.029653104388529972e-01
3.035517846717287194e-01
3.028999416506927833e-01
3.039551107033972577e-01
3.027604189388228284e-01
3.021736944466754671e-01
3.041460760473734815e-01
3.037919251475574289e-01
3.036729120061942844e-01
3.031867343041502183e-01
3.039861607041293157e-01
3.029052263249965016e-01
3.038657564350746298e-01
3.038579682892477152e-01
3.044460551922876790e-01
3.046801485480815086e-01
3.032908424939801395e-01
3.042547258447001468e-01
3.027210770183071942e-01
3.041021870562345408e-01
3.028865266779200982e-01
3.034298966961111454e-01
3.025981843370760815e-01
3.035771214264892937e-01
3.037564393670602048e-01
3.041122165705688607e-01
3.031638923640129213e-01
3.035158377682707354e-01
3.033571729273364381e-01
3.038388401034300967e-01
3.031847069190886090e-01
3.023066789628225393e-01
3.031309139453944312e-01
3.038580992503895906e-01
3.037962280412179750e-01
3.034228809632321111e-01
3.052003616399533437e-01
3.045866570880457203e-01
3.024987823067067372e-01
3.047253530320465642e-01
3.035303458568018309e-01
3.046306114627104766e-01
3.036716574483789843e-01
3.028621463193687524e-01
