5.785782681589269894e-01
5.814686973158016414e-01
5.810593280473685951e-01
5.809958050608857727e-01
5.805485605064747423e-01
5.819893243694111984e-01
5.804489170122690833e-01
5.803234791479494614e-01
5.809419499282462152e-01
5.810536176444476286e-01
5.811702625186005999e-01
5.804331519538683537e-01
5.803391755023199483e-01
5.811034986682954706e-01
5.807038185238297956e-01
5.812374513114968444e-01
5.797087731002744659e-01
5.804280245139307182e-01
5.811449770730363618e-01
5.811581509506104082e-01
5.809733163340357054e-01
5.818434965436385387e-01
5.801114374255792461e-01
5.802857869751624209e-01
5.809023699027648924e-01
5.802264212111116759e-01
5.820026379314677811e-01
5.804275992415890428e-01
5.796457251338156258e-01
5.818998659125196316e-01
5.795222832618680542e-01
5.810845222988616499e-01
5.806021524283364599e-01
5.808263952092267424e-01
5.799426685105222301e-01
5.801637142679221260e-01
5.809038500594118082e-01
5.804759713092244588e-01
5.799387438999692446e-01
5.803297313167004035e-01
5.805212496115165210e-01
5.804734179475831146e-01
5.804673537100392133e-01
5.813328890932061288e-01
5.808676428895224175e-01
5.805325896223231252e-01
5.809776839600857556e-01
5.796747394421353228e-01
5.808710731441242281e-01
5.810152823985673676e-01
5.812154017376582882e-01
5.802046788753127959e-01
5.793498566648882520e-01
5.806953953536682089e-01
5.811442273297421357e-01
5.791201611300517138e-01
5.801554785480103060e-01
5.804632975198489309e-01
5.804079730081942445e-01
5.802972340482029923e-01
5.806874815742733009e-01
5.802695025880928448e-01
5.802548850087698717e-01
5.805780663817058374e-01
5.803272349607248026e-01
5.805724139773740244e-01
5.808517390978700234e-01
5.803742234859869953e-01
5.816779679743394604e-01
5.795818133851176057e-01
5.795328984279409790e-01
5.804496507573742026e-01
5.808838388685695353e-01
5.812311738077114986e-01
5.805056583789001134e-01
5.800657183271650252e-01
5.800328213641664510e-01
5.804899297782942780e-01
5.808280565954817565e-01
5.814614692940611729e-01
5.810156017974485998e-01
5.796205781709905525e-01
5.801557877909840899e-01
5.814365227805198266e-01
5.801141444237329914e-01
5.804581376773646495e-01
5.801961199415093251e-01
5.806614536607622723e-01
5.808579258230530673e-01
5.806991701482151491e-01
5.812324538948576702e-01
5.793898414810348951e-01
5.817449334779312142e-01
5.811221855005486159e-01
5.804283918961592459e-01
5.812276908521851748e-01
5.797748183813618006e-01
5.797301128525859104e-01
5.811733504497706981e-01
5.800595027260398995e-01
