9.213273882783730162e-01
9.223612736803283862e-01
9.210444547491107858e-01
9.226700230808847492e-01
9.224874335945790760e-01
9.227549738314370087e-01
9.216737177594855890e-01
9.225294220611528484e-01
9.220363563017567321e-01
9.227012356321164788e-01
9.212470708525545282e-01
9.219588160617567807e-01
9.219037703109083104e-01
9.218287213697823335e-01
9.223080230070461738e-01
9.220872362419547663e-01
9.222400728006194814e-01
9.210416859116250521e-01
9.213953994178299967e-01
9.222805692964350932e-01
9.223148438198023324e-01
9.211440206659000651e-01
9.207537742713765017e-01
9.216476233120455275e-01
9.219341709445045829e-01
9.222023174308564553e-01
9.227722077169081549e-01
9.221395306780311163e-01
9.220538025046238761e-01
9.228935861754202774e-01
9.211936114197920578e-01
9.215200064346809050e-01
9.224506424512564084e-01
9.229775410282652359e-01
9.214797224972309797e-01
9.215096542806049396e-01
9.222264830675609426e-01
9.227849683759823396e-01
9.222919616776228402e-01
9.224370129456745948e-01
9.220275659152110670e-01
9.224726949838761847e-01
9.225224609195697978e-01
9.215455745396550213e-01
9.211858557675289827e-01
9.215499262460938867e-01
9.218907315214425191e-01
9.215343025945268440e-01
9.223283030743045785e-01
9.211680640493500327e-01
9.228341970055127241e-01
9.228263548518728099e-01
9.224052675428930925e-01
9.215619903816192338e-01
9.221261304104050316e-01
9.209977183349156160e-01
9.213355608122199003e-01
9.219092409106361963e-01
9.209332171887545382e-01
9.215275127836871638e-01
9.218718306779377647e-01
9.212559198485080758e-01
9.215314069514345396e-01
9.212605844785330955e-01
9.204557470443903711e-01
9.219816240365739102e-01
9.217555415037228528e-01
9.217523053218242834e-01
9.230189849257786072e-01
9.217001217211612252e-01
9.222167209668037380e-01
9.208818806984442329e-01
9.224059200376760748e-01
9.214449421126991169e-01
9.221965631371028538e-01
9.225795943926340392e-01
9.218113797600667736e-01
9.227934554527045252e-01
9.221888290610122940e-01
9.214648540818083378e-01
9.226413144790391874e-01
9.225167467644543873e-01
9.224283470371162919e-01
9.220473397547357397e-01
9.213137214556706978e-01
9.226988651479186565e-01
9.211656158739289779e-01
9.217812385702053302e-01
9.219389979946942537e-01
9.217330305557298598e-01
9.229574231879202895e-01
9.203404673462354246e-01
9.217337838942354367e-01
9.223513840042296685e-01
9.227116638128691761e-01
9.219900108530578731e-01
9.224286133928417675e-01
9.219751582076951557e-01
9.229438914932415194e-01
9.218058201992744838e-01
