7.554544641957245954e-01
7.576798338532315658e-01
7.561482010369465767e-01
7.565465619918170237e-01
7.563359924746287932e-01
7.562807072195194547e-01
7.567775968807436415e-01
7.577442278779299434e-01
7.559337933970331491e-01
7.562739575668451231e-01
7.569520006862338057e-01
7.569566178932606304e-01
7.568629504587485179e-01
7.560255167155250922e-01
7.560159921137862282e-01
7.570468505437016882e-01
7.567167854205762989e-01
7.560534869697996818e-01
7.561086448992815345e-01
7.571030574490706933e-01
7.563899379322263083e-01
7.577353673596169958e-01
7.569888519033941554e-01
7.549005668492799748e-01
7.570004835221102457e-01
7.560276114043642526e-01
7.568100750601840510e-01
7.564864686266092875e-01
7.569807722851472631e-01
7.557130640920250997e-01
7.556136241351809613e-01
7.557920595447065182e-01
7.557294920481987255e-01
7.560093437008021944e-01
7.570792659237449707e-01
7.575899781892589946e-01
7.560704427587177090e-01
7.566719508230296265e-01
7.569115179796339632e-01
7.572741418412615166e-01
7.555195517153681095e-01
7.563407063847216172e-01
7.562344295058041066e-01
7.561061708385188318e-01
7.574692945505550057e-01
7.567359874139096831e-01
7.566960857923832329e-01
7.559813539156978734e-01
7.565739616955535762e-01
7.559476672175818868e-01
7.561138280830259628e-01
7.558812112738525490e-01
7.576106774340523042e-01
7.571170126236276277e-01
7.554886537819088810e-01
7.562737455180662538e-01
7.564550137203099878e-01
7.556900143307412332e-01
7.570728401832576004e-01
7.560228401050745894e-01
7.578596986707459848e-01
7.567117921411394832e-01
7.559323435674282221e-01
7.573400021083951383e-01
7.566787968869815861e-01
7.557815524087795334e-01
7.568246928061422851e-01
7.571753835699618351e-01
7.562912145058768854e-01
7.564642349133505750e-01
7.571909238527660957e-01
7.568391756842061113e-01
7.570339115613800018e-01
7.555428270263955248e-01
7.557256994636653014e-01
7.568881760730594710e-01
7.567517145802922229e-01
7.572585218269629603e-01
7.564990247399465684e-01
7.565510690798349369e-01
7.563316104753867730e-01
7.567379747313776051e-01
7.562918703833283463e-01
7.563511934995823527e-01
7.566254953873692291e-01
7.574123815663910131e-01
7.548282080694960205e-01
7.562635970886369963e-01
7.568406757052166256e-01
7.562279392528737931e-01
7.556559860888387714e-01
7.563201749273764651e-01
7.557459766339648111e-01
7.578408586059424135e-01
7.569458143770201319e-01
7.566329197823203900e-01
7.563388916367511650e-01
7.554336926852056600e-01
7.562681912850759414e-01
7.563091511354713692e-01
