7.836283980335319033e-01
7.849423506893649094e-01
7.845202622704805506e-01
7.835409829861208486e-01
7.854136008311780603e-01
7.848844952287695742e-01
7.833800163000885775e-01
7.841803652500949351e-01
7.849433553245985795e-01
7.851681701919238643e-01
7.837080332310850661e-01
7.849612819314097933e-01
7.832403239040655052e-01
7.849023045050608216e-01
7.838610938803751704e-01
7.848388827353441899e-01
7.841524081704015492e-01
7.838087089306708943e-01
7.834697031376463006e-01
7.847459242075311980e-01
7.845698529864914006e-01
7.838290144403843307e-01
7.844628365861122665e-01
7.837172421325734328e-01
7.847510568787354757e-01
7.850466861172908928e-01
7.835709740854772676e-01
7.831795253705097215e-01
7.845558940375056967e-01
7.840685772139708298e-01
7.850764938308627539e-01
7.838016207981530759e-01
7.842088499633554921e-01
7.846736724390801498e-01
7.843297540430986814e-01
7.840318214410859632e-01
7.842427768464750315e-01
7.837719676622869613e-01
7.858937835599135724e-01
7.843670761635470612e-01
7.851298707117506659e-01
7.835562667895246136e-01
7.841009460952432786e-01
7.857846551170221128e-01
7.858609081271767938e-01
7.852475766553734804e-01
7.847244255826612003e-01
7.829001889759880095e-01
7.842080446168607777e-01
7.847913666801017429e-01
7.847506511561739284e-01
7.844491860887483625e-01
7.854553168397909735e-01
7.855939420669018070e-01
7.849445624028880131e-01
7.844129204562595437e-01
7.847877835032174287e-01
7.840451047479799485e-01
7.849272690394699659e-01
7.847576195821776013e-01
7.854919205761938805e-01
7.848851719253500114e-01
7.855738343870444229e-01
7.846318079136784807e-01
7.846918818919177419e-01
7.838745780610731906e-01
7.855175872195370168e-01
7.848172900366536808e-01
7.834781573633200491e-01
7.853958488011694161e-01
7.840908306222083013e-01
7.852146537048010355e-01
7.848366088748609526e-01
7.849950213124761156e-01
7.850362041366882870e-01
7.833160590822354497e-01
7.858664409333099288e-01
7.843258993875263929e-01
7.850007455670718892e-01
7.852994540184058403e-01
7.838497780204103371e-01
7.851999064013557295e-01
7.853947327038206527e-01
7.848144456300475413e-01
7.847864213142732304e-01
7.846859110866646336e-01
7.842006204301064098e-01
7.849319394300686703e-01
7.842454224750265990e-01
7.845837869005551912e-01
7.846538733916752495e-01
7.846782625585031479e-01
7.854554213248472472e-01
7.843752123209933869e-01
7.854741065290293811e-01
7.855606509383756819e-01
7.838482362395585712e-01
7.839290520323742850e-01
7.846461319519919542e-01
7.844092382079910220e-01
