1.721011837511559617e-01
1.726589649508615265e-01
1.729356175117089389e-01
1.732457034143770891e-01
1.740167274085036020e-01
1.735780104802933099e-01
1.733688726971093219e-01
1.729616713888926238e-01
1.723758083735222046e-01
1.730126967059570364e-01
1.727442587480109704e-01
1.727578733309438896e-01
1.727371380068389584e-01
1.726398130093309280e-01
1.724739872918175654e-01
1.732298263521044601e-01
1.738900848188155712e-01
1.735931201860789752e-01
1.720609274073474360e-01
1.731262636284991441e-01
1.747907359849680820e-01
1.740411205612284185e-01
1.730311133391053968e-01
1.728098073866207174e-01
1.731381594423361536e-01
1.737126609883863915e-01
1.731672022031969516e-01
1.735836620839995015e-01
1.719814847510662270e-01
1.725195449263456082e-01
1.729745959037536363e-01
1.720131681340202889e-01
1.726353157062113786e-01
1.735806908042600849e-01
1.731586595339785206e-01
1.729373654777718872e-01
1.727305290429821671e-01
1.726155283888552716e-01
1.732204197632375431e-01
1.726020071561713831e-01
1.723556125496067404e-01
1.724007527238183290e-01
1.723883351092412586e-01
1.724797094575143963e-01
1.725755606859168401e-01
1.734646145312552235e-01
1.721205646242769394e-01
1.733846421658113701e-01
1.733257900234284887e-01
1.732784885821145870e-01
1.738930995649498046e-01
1.717505339319166380e-01
1.733277032561690856e-01
1.726950946340246873e-01
1.724113306094919307e-01
1.729436277177609504e-01
1.729659783925723004e-01
1.731538558738986433e-01
1.726327969675789942e-01
1.736112089335667130e-01
1.730679093342561703e-01
1.734740246737353497e-01
1.727640984537301139e-01
1.735562113011258623e-01
1.726522217288775085e-01
1.730312327039719711e-01
1.726548292294092235e-01
1.738312697738437773e-01
1.744724475468092395e-01
1.729378094694567491e-01
1.728341102576124722e-01
1.718410096456526315e-01
1.733345602017362097e-01
1.732432630869529255e-01
1.734675385012583171e-01
1.728406774113526445e-01
1.724583334327414452e-01
1.723177167690983502e-01
1.728767576620266477e-01
1.741792147263547808e-01
1.724676268526085521e-01
1.737196726605270969e-01
1.733083998884864252e-01
1.732194237040919071e-01
1.718743174973314802e-01
1.735655207295163371e-01
1.727980394419536825e-01
1.730320467145786134e-01
1.731173764231871692e-01
1.735828599334017230e-01
1.730381419353341499e-01
1.724004951139046782e-01
1.724524931221508850e-01
1.727321283771088289e-01
1.722591573653652064e-01
1.725468488825109004e-01
1.724818639217498839e-01
1.732779255958299125e-01
1.728189465736622021e-01
1.738617334984215446e-01
