2.709995367055084148e-01
2.714216138095849051e-01
2.723246794677621208e-01
2.715083695055499069e-01
2.722628975075702118e-01
2.724852103169537187e-01
2.721929613387745750e-01
2.719362152136338695e-01
2.715928148465539538e-01
2.725868632082751875e-01
2.727758130972169903e-01
2.715312451881389255e-01
2.723279729104950420e-01
2.705399061632715041e-01
2.724166830210807411e-01
2.725433158687330382e-01
2.725496030196969399e-01
2.714108770785491065e-01
2.720723319434767418e-01
2.719518323106385749e-01
2.726273855089086373e-01
2.717853882507163532e-01
2.718993878587096513e-01
2.720709639148443104e-01
2.723545065339411653e-01
2.711670281648467240e-01
2.726347449360495556e-01
2.715781394420775374e-01
2.731425270771947189e-01
2.719009722410105079e-01
2.721578229277142325e-01
2.725213528371247529e-01
2.721828872890547091e-01
2.730691054292592734e-01
2.724611900995574376e-01
2.729364378078757425e-01
2.722779781719485426e-01
2.724532384563201903e-01
2.720144752874147365e-01
2.716585492700099302e-01
2.720362356699584372e-01
2.714263627308635130e-01
2.722825029161943244e-01
2.720090437231323932e-01
2.715092564751261928e-01
2.711116757659479681e-01
2.728988077682284463e-01
2.721454265665704808e-01
2.722070760170489101e-01
2.717161948706253716e-01
2.718078296167246166e-01
2.728345831658388065e-01
2.720107295215148380e-01
2.711131887251818084e-01
2.724594080336708024e-01
2.716499739348699483e-01
2.719189612529526179e-01
2.726159394395844537e-01
2.716313771077541461e-01
2.721723369970222572e-01
2.724131222235216532e-01
2.726672960360257969e-01
2.720000121102856272e-01
2.722847781293171732e-01
2.725998804488347083e-01
2.720466577978348233e-01
2.729120258933712129e-01
2.724549643079010042e-01
2.715873901976921800e-01
2.721413158598642301e-01
2.723534594830597788e-01
2.716032999882547205e-01
2.719843832659503136e-01
2.719605060213806103e-01
2.728151327869375309e-01
2.729440926231463393e-01
2.733808386281928460e-01
2.714980957974105769e-01
2.733761961675755248e-01
2.726929537009437077e-01
2.719167235579145192e-01
2.722708259600729597e-01
2.713089171067385452e-01
2.712524864835567096e-01
2.726527701716907059e-01
2.731972870750621896e-01
2.723534868892391048e-01
2.718701051390587375e-01
2.718570763177766136e-01
2.717409681779083264e-01
2.716918812790449222e-01
2.720612259276936618e-01
2.722516436232291226e-01
2.723279143093976229e-01
2.715042170294778567e-01
2.720658182733203256e-01
2.718195442028663589e-01
2.720133111644088553e-01
2.722300085134818914e-01
2.728224542547205700e-01
