9.935032273723042318e-01
9.931841663793304908e-01
9.937317994215035810e-01
9.944008037800375899e-01
9.940015983750093431e-01
9.936528589763489183e-01
9.937437656432145383e-01
9.953455018990267078e-01
9.938676061081532787e-01
9.944401834251155314e-01
9.945027579407275109e-01
9.939707786727675076e-01
9.946235441323236781e-01
9.949158073969377458e-01
9.930212997274561193e-01
9.949022369893756323e-01
9.939371467619897427e-01
9.930366243317638730e-01
9.934283545358315592e-01
9.940212080759546209e-01
9.944431149871204578e-01
9.939788649427360179e-01
9.945072313607586922e-01
9.945534695935324132e-01
9.943704159579769275e-01
9.941044694196827791e-01
9.939563151276415987e-01
9.942687605736229006e-01
9.950021162605953151e-01
9.936936921935236589e-01
9.944997900148194736e-01
9.942224715075012043e-01
9.945543180472745659e-01
9.951656765065138854e-01
9.948269975186443403e-01
9.950037876618633703e-01
9.945706640392646403e-01
9.929644465963279876e-01
9.931244446173461693e-01
9.946789825889030823e-01
9.947864090259928016e-01
9.938567902107016128e-01
9.942511696769309459e-01
9.938643849046155943e-01
9.958968765117697242e-01
9.951093266620564259e-01
9.941762432520915294e-01
9.940948334047271517e-01
9.945268483392621928e-01
9.933265909432125174e-01
9.947360789409638304e-01
9.933297738529645038e-01
9.939936750517859299e-01
9.943487321082209451e-01
9.942190199045026766e-01
9.937465493717183573e-01
9.937736657906284243e-01
9.942592776385872355e-01
9.943441019133604231e-01
9.946400771509777972e-01
9.936035492215092857e-01
9.946414732709878415e-01
9.937393108092460459e-01
9.937720115008874533e-01
9.942713458839409491e-01
9.949931482588096898e-01
9.940339644892848270e-01
9.937079326009937708e-01
9.950782608525032824e-01
9.948524793244919451e-01
9.936735594852770248e-01
9.942601638503417716e-01
9.936321638511280696e-01
9.942429787053328472e-01
9.931882683921511301e-01
9.934533014000744844e-01
9.950098739985913099e-01
9.939799526664314655e-01
9.940476221348450991e-01
9.939807014788886175e-01
9.937288225556886179e-01
9.942691643695140691e-01
9.957562597788709446e-01
9.939252992682616750e-01
9.932544349133429762e-01
9.938721455876027289e-01
9.941401029852607873e-01
9.939901348013717719e-01
9.941878510860756579e-01
9.938157264743241459e-01
9.936071829676669243e-01
9.943458874025872252e-01
9.944284158404190777e-01
9.943853517500409467e-01
9.941546614216996147e-01
9.941055702849580511e-01
9.945327964192193226e-01
9.938944707882158003e-01
9.940241301082510805e-01
9.944976982386727338e-01
