1.010912119904483764e-01
1.010582960838189437e-01
1.017377988173723546e-01
1.018605112215338337e-01
1.017418841584086381e-01
1.033018094222909189e-01
1.012386147058743913e-01
1.024105925699790309e-01
1.010942884289360300e-01
1.015648436530170590e-01
1.020705432677459501e-01
1.017249191030803884e-01
1.013638766182069495e-01
1.016716446424260900e-01
1.016740462977065856e-01
1.014014512814142427e-01
1.008818587815097645e-01
1.018427822863961635e-01
1.016209242464277129e-01
1.021064854355632490e-01
1.011092783382527005e-01
1.013079688006062046e-01
1.009986108396673660e-01
1.022822292983600057e-01
1.018011737451718079e-01
1.012975064137932868e-01
1.020341678408743930e-01
1.017435142766086875e-01
1.029212500301224797e-01
1.022191828335395070e-01
1.014160920520726927e-01
1.012668687668442924e-01
1.016473732721579620e-01
1.013645659509665731e-01
9.959466697027818949e-02
1.016558752602657600e-01
1.006935735856883396e-01
1.016132002954782121e-01
1.011129230112620681e-01
1.005831243995679442e-01
1.014947524767993436e-01
1.023050613584337992e-01
1.008917507825925763e-01
1.023185685995457450e-01
1.014972398281498156e-01
1.017622945144684016e-01
1.017058824135551320e-01
1.013584072913593370e-01
1.013828008154539773e-01
1.017505478285792853e-01
1.016372829028041880e-01
1.011965681418692115e-01
1.020518666912284683e-01
1.025989361908516140e-01
9.965012530942538027e-02
1.007611972588019073e-01
1.019461292283818099e-01
1.012688336443993420e-01
1.006252035449149845e-01
1.021196489928999640e-01
1.006398707411718385e-01
1.018660841558987340e-01
1.012441288097080672e-01
1.003035640002743895e-01
1.014097645183556218e-01
1.018686211600076108e-01
1.025408327776929085e-01
1.016003679235517182e-01
1.025606695761863973e-01
1.003752552984287505e-01
1.010240359827081630e-01
1.020082429652275635e-01
1.011376937482052207e-01
1.010722399608574712e-01
1.015592826623121919e-01
1.017718012883807172e-01
1.003865299072006778e-01
1.022522775664244377e-01
1.029079195410873143e-01
1.008048258691771476e-01
1.015630102421535702e-01
1.010500280950252239e-01
1.011959345557014722e-01
1.023486219928083918e-01
1.013825565972664711e-01
1.014120493093295106e-01
1.018838409734148104e-01
1.024406065748407479e-01
1.022919154183886126e-01
1.008864523454703344e-01
1.015800935293851848e-01
1.013664671897641922e-01
1.019608378436789586e-01
1.022835996448225176e-01
1.014374934418353913e-01
1.005641110632652657e-01
1.008179410749293764e-01
1.017272146469140048e-01
1.019990462374035511e-01
1.009594466773870436e-01
