9.070919488179027823e-01
9.085341634221407725e-01
9.069222429472448832e-01
9.085942010596848029e-01
9.078176948479741437e-01
9.093945575038422380e-01
9.091983142820039276e-01
9.081478085866534489e-01
9.085961872833039354e-01
9.089753201964501095e-01
9.081831557326125459e-01
9.076362264249357992e-01
9.090759250900992683e-01
9.078668660011217639e-01
9.093036384886094003e-01
9.067374061990500778e-01
9.079201675451730180e-01
9.083278216105302727e-01
9.093604720925452245e-01
9.085582368505854545e-01
9.089496085769734890e-01
9.088404332520758633e-01
9.077694162286347179e-01
9.077505799145187959e-01
9.086397519182911608e-01
9.079589625406161435e-01
9.082692637129816671e-01
9.082454554662402479e-01
9.079838079504403137e-01
9.086668371872550498e-01
9.073900222355897327e-01
9.087680203792981581e-01
9.083731962824684869e-01
9.090212338893625121e-01
9.094041430314052654e-01
9.087230041466676234e-01
9.095638589714699629e-01
9.072693485920521050e-01
9.088347928552442667e-01
9.085560087655029093e-01
9.095262523398794929e-01
9.082422855175900089e-01
9.080295459247101908e-01
9.077982060047919965e-01
9.092854052831731426e-01
9.083723826109525445e-01
9.094568772689470837e-01
9.090352119706693879e-01
9.090098797137726727e-01
9.089711565732292442e-01
9.080263010171876203e-01
9.077752313980411714e-01
9.088974844681444454e-01
9.095785846619856008e-01
9.099498272847197367e-01
9.090919610684322638e-01
9.085982277912820759e-01
9.082759781584527348e-01
9.077755956430008100e-01
9.084377831691065053e-01
9.086532409151941714e-01
9.075233859996957309e-01
9.073132202154160497e-01
9.087972986846615253e-01
9.076448258321694329e-01
9.080471372112453032e-01
9.082900838404306398e-01
9.081548200503253288e-01
9.080935421352291925e-01
9.074967656600831933e-01
9.086685955110713753e-01
9.087298509223431520e-01
9.080689325294839520e-01
9.084641902206216368e-01
9.089758931259015462e-01
9.084339821605476040e-01
9.085278879902400906e-01
9.090484825533451385e-01
9.094848642285318085e-01
9.097092585785842012e-01
9.089209392256439868e-01
9.096320651874375551e-01
9.090632513931500291e-01
9.090076423561086472e-01
9.090205387139940196e-01
9.080978232331589073e-01
9.096977977389920644e-01
9.088590143787735887e-01
9.085434365806921431e-01
9.097924362669171927e-01
9.091588806118875432e-01
9.076909808892313913e-01
9.093914759379880808e-01
9.081466551669289400e-01
9.083336912772042027e-01
9.090026833295994368e-01
9.096388089502771557e-01
9.084268430977948672e-01
9.076663101907003206e-01
9.096528749438604899e-01
