8.077849996532648902e-02
8.332346027422443679e-02
8.244649028391987100e-02
8.381984448239160335e-02
8.191397431961344733e-02
8.214993759914479554e-02
8.283248123910279259e-02
8.259957142731982893e-02
8.209854850681977401e-02
8.214290279022318231e-02
8.336385371960081114e-02
8.383936465148707218e-02
8.279100350459371593e-02
8.202892737996081429e-02
8.248832301773376119e-02
8.171033395699567325e-02
8.373903168174956502e-02
8.268889955192131047e-02
8.246412224586319173e-02
8.271118377935889054e-02
8.400100700824034150e-02
8.414716197493110617e-02
8.199458271326860725e-02
8.291983747493705814e-02
8.269859370069509996e-02
8.251760814256503540e-02
8.394701148184297024e-02
8.303685476848782221e-02
8.258037186781509720e-02
8.241403219041186501e-02
8.270177995505328949e-02
8.374475791829752436e-02
8.211199656236049804e-02
8.283614603935471332e-02
8.371175257856608432e-02
8.252723659813528123e-02
8.287271928179998359e-02
8.253222791900785560e-02
8.378756817638806365e-02
8.226728485382642231e-02
8.275872161716030240e-02
8.293792815379542882e-02
8.303872637992107397e-02
8.360779941843599072e-02
8.190746861899955711e-02
8.333320725653116379e-02
8.298339768242282699e-02
8.222320509139977029e-02
8.341457163636796512e-02
8.316102223405213989e-02
8.279242849324310038e-02
8.285309146466689201e-02
8.349929797502456119e-02
8.380149495558580908e-02
8.299446738917157229e-02
8.252281659067758901e-02
8.409927686932094915e-02
8.281117082921418682e-02
8.325926121079890718e-02
8.255834129591796411e-02
8.289065189431940595e-02
8.201575201185837272e-02
8.423526126863825625e-02
8.188382004242543422e-02
8.364386660519013139e-02
8.357865971541100780e-02
8.366854042964577687e-02
8.250467629294534755e-02
8.234808921649958147e-02
8.273331393527807998e-02
8.270972211305785415e-02
8.272943863768555950e-02
8.428999630625028106e-02
8.262642978465195576e-02
8.319557562508532456e-02
8.313498944859468165e-02
8.251834182743611468e-02
8.362836099933110279e-02
8.262889381858967708e-02
8.245899543296839052e-02
8.230633869660902713e-02
8.248593661121149390e-02
8.266063257507418049e-02
8.450393991106247560e-02
8.259968597180625260e-02
8.167240916100382275e-02
8.325807775763957586e-02
8.334880643052938742e-02
8.301810672570822391e-02
8.305112365520012085e-02
8.334665424154713564e-02
8.270145019452063151e-02
8.276734433659939383e-02
8.186563944029535966e-02
8.349122751733620285e-02
8.235728591614044358e-02
8.410196173932882324e-02
8.222780664332363099e-02
8.280468391549566931e-02
8.383951843883627464e-02
