9.631636248803335798e-01
9.627912843805166432e-01
9.640344029460772290e-01
9.648870700428597846e-01
9.638387699792092533e-01
9.640755277363752818e-01
9.636206007750540703e-01
9.637379891827051459e-01
9.644281415453839212e-01
9.632393767124760586e-01
9.641888818375916603e-01
9.630146592793102922e-01
9.635562256105572043e-01
9.626291789956329392e-01
9.620609998123555995e-01
9.637062610995126288e-01
9.624764533499035046e-01
9.635369010303276305e-01
9.634798280766978529e-01
9.631363668911914200e-01
9.632820890570691352e-01
9.631970374521748868e-01
9.639344382004167988e-01
9.639082313798685853e-01
9.623950543410557668e-01
9.638114115710679775e-01
9.640133083309831985e-01
9.623312725271412349e-01
9.627665139129086835e-01
9.638135561908357518e-01
9.636623180358905305e-01
9.635037226984692893e-01
9.640688821611650416e-01
9.634893646538263967e-01
9.628375695056810013e-01
9.622573112978355381e-01
9.630495460425296805e-01
9.633847811284783624e-01
9.633736970929133170e-01
9.628005081987883740e-01
9.638505124120737566e-01
9.631117047689587984e-01
9.628323418495183805e-01
9.652518548560259370e-01
9.633623342275017265e-01
9.631846885736010666e-01
9.627170869890318006e-01
9.628800197736160360e-01
9.632038952544041965e-01
9.636602746424388632e-01
9.643590779734247942e-01
9.635625281988666746e-01
9.639063861576215864e-01
9.634242063074237583e-01
9.635355289883844598e-01
9.626200765132112425e-01
9.622470291824161137e-01
9.628817264336351212e-01
9.639278843932712615e-01
9.625822442658139577e-01
9.634382568447564799e-01
9.634810178380760481e-01
9.634466817520016546e-01
9.635019709283609846e-01
9.626670320647936485e-01
9.631413305613607534e-01
9.637272962495740947e-01
9.629053252695647380e-01
9.635654733514920078e-01
9.636814953904597747e-01
9.635726675002798114e-01
9.628121476142440516e-01
9.632518289970446457e-01
9.636332950861878910e-01
9.646525514621523412e-01
9.641592273482257891e-01
9.648840122625309546e-01
9.633929441781355907e-01
9.631924384513542714e-01
9.631546760857239153e-01
9.638488909185163322e-01
9.626160543334506547e-01
9.645289594018549018e-01
9.628434748655134712e-01
9.641477380910150607e-01
9.636037296943140706e-01
9.638524675058472990e-01
9.640673750333099701e-01
9.640961203012080594e-01
9.639378388327053404e-01
9.636300371685568855e-01
9.636194932326470619e-01
9.641853451594736280e-01
9.626636541030668681e-01
9.626772029399095487e-01
9.630077308231966837e-01
9.643610283789816329e-01
9.628565313160099004e-01
9.636777451147169327e-01
9.638571567634787174e-01
