5.586898823569343975e-01
5.597866073947566079e-01
5.611524957239186762e-01
5.604419070865069852e-01
5.601621346912457611e-01
5.609202103624185698e-01
5.609202234873471582e-01
5.597877043496103378e-01
5.605544804315252261e-01
5.604530869072101851e-01
5.605500854622431639e-01
5.606406676046327142e-01
5.603503815093120455e-01
5.609390350491455512e-01
5.598782992022974803e-01
5.614671194056085612e-01
5.612159911684744262e-01
5.599999635840128276e-01
5.608291902696085351e-01
5.611516170093893141e-01
5.609060001035203191e-01
5.606030244467082868e-01
5.613317355665827790e-01
5.601588699233961410e-01
5.607501856378036553e-01
5.602412137720546026e-01
5.614286819610718737e-01
5.600061974251788754e-01
5.609806103939578570e-01
5.614752022378676211e-01
5.610620802564070253e-01
5.609808293541603819e-01
5.605880819491984024e-01
5.607051690866455829e-01
5.607294111442057138e-01
5.604542853773495370e-01
5.611620929928957668e-01
5.604812211655438858e-01
5.606032043296975687e-01
5.603978374410930607e-01
5.603370097251364479e-01
5.609975174131404119e-01
5.604551297986448688e-01
5.609491679896181360e-01
5.598118259373464634e-01
5.604918040556386982e-01
5.613445132344049293e-01
5.597473331221347603e-01
5.597708622103862997e-01
5.594279588674848647e-01
5.608510853619133041e-01
5.603411046433821596e-01
5.610837952553783259e-01
5.616812486579335628e-01
5.609896633687627698e-01
5.598753913961969086e-01
5.598899088603230823e-01
5.604736627795156023e-01
5.593725382523413447e-01
5.598822843046276088e-01
5.600393367705579495e-01
5.613088587240201432e-01
5.596923720677835501e-01
5.606604008550200025e-01
5.597420786754497835e-01
5.614742593211877741e-01
5.602458124349621871e-01
5.591670254928675643e-01
5.603988828229181651e-01
5.612614632403181147e-01
5.596230104525731219e-01
5.609658229651118821e-01
5.611605198552884755e-01
5.605425566812538563e-01
5.615049174859534364e-01
5.610443916675302845e-01
5.606399080752537678e-01
5.612942424086333482e-01
5.608697211450615061e-01
5.601510156668187967e-01
5.615509448506983414e-01
5.604771672312671704e-01
5.604539702129440748e-01
5.605504541077455105e-01
5.604284140009601067e-01
5.605265027597980954e-01
5.609733085026170629e-01
5.595827480471481374e-01
5.607434835342798296e-01
5.600401502843055379e-01
5.599843977488545566e-01
5.602015593897730072e-01
5.605935781058735135e-01
5.591811445760083155e-01
5.605285685825491804e-01
5.602056973648795735e-01
5.602812609619698403e-01
5.615143239374055240e-01
5.594996746669655963e-01
5.603921876771433830e-01
