2.878267763729042139e-01
2.899184359533711897e-01
2.889518422932412234e-01
2.889318565142537931e-01
2.899763849925964254e-01
2.893981623701136208e-01
2.897529093814841250e-01
2.901386222966092499e-01
2.902323068606285084e-01
2.891819589248662559e-01
2.888147889272526525e-01
2.897342986549073518e-01
2.894635086095826981e-01
2.886002455702348923e-01
2.896198449248809648e-01
2.894472350010742212e-01
2.883634299947554491e-01
2.888398247531731577e-01
2.893427420115552429e-01
2.892672619902675879e-01
2.899383670295320736e-01
2.888517270245043456e-01
2.906548667072378356e-01
2.891277507265720415e-01
2.894854284045283443e-01
2.899518817657230629e-01
2.897101729478478438e-01
2.897492859826986678e-01
2.893301587263102381e-01
2.893291585504890739e-01
2.897386828119563607e-01
2.886207631191801126e-01
2.885682042171829331e-01
2.890804377282313875e-01
2.897224406682066267e-01
2.892240697392732263e-01
2.893012537263775497e-01
2.905893419087048346e-01
2.896172870213985506e-01
2.878633741207535235e-01
2.893322527229437169e-01
2.897670908145234536e-01
2.898988828202935242e-01
2.900193815558870791e-01
2.904008472664122986e-01
2.899827054620421340e-01
2.893912432531212664e-01
2.889245600446746498e-01
2.884226722116424724e-01
2.892223477660157971e-01
2.885950198648381537e-01
2.902347748338123812e-01
2.896441974316326662e-01
2.888806728385718836e-01
2.903838679133044498e-01
2.891563363028138989e-01
2.895164493589962307e-01
2.887117922543623316e-01
2.892809924297513047e-01
2.896852157407941442e-01
2.884862154097908027e-01
2.893022999234450277e-01
2.887059090719883980e-01
2.885616316302107576e-01
2.875466782499435103e-01
2.898806267373174594e-01
2.888074570802964258e-01
2.892678300736553076e-01
2.900653690929181350e-01
2.894083154248227041e-01
2.891127799709898860e-01
2.889138506121511907e-01
2.894305634189784371e-01
2.899440121743360188e-01
2.895515325818172059e-01
2.887746606114661163e-01
2.887345757543574032e-01
2.886231333055874759e-01
2.899631680145853818e-01
2.893553687629454862e-01
2.894385975275732825e-01
2.902855412282706604e-01
2.892527417713800508e-01
2.900093122773081400e-01
2.893302705788470264e-01
2.887874188557136290e-01
2.891372824852010415e-01
2.882682181701671786e-01
2.886850446598378528e-01
2.892528485015167239e-01
2.890912608598312228e-01
2.886720222248905787e-01
2.892656312080248426e-01
2.890500796963786923e-01
2.898189491609962642e-01
2.893491459536690624e-01
2.896133930075804885e-01
2.894943509559126937e-01
2.896468469153761216e-01
2.891321562993186545e-01
