5.980875299371761766e-01
5.981523837565506652e-01
5.989557749126214192e-01
5.980811787316258066e-01
5.983552712433637399e-01
5.992236380169539967e-01
5.979919551374246467e-01
5.983268474939047454e-01
5.982825927506167929e-01
5.985675977142185245e-01
5.983740414067477698e-01
5.990047316881008665e-01
5.990609526495148662e-01
5.991188199572753392e-01
5.974153535614166177e-01
5.979096281446747430e-01
5.976785100057275812e-01
5.989698293409452257e-01
5.990506609635470880e-01
5.986275899169579695e-01
5.991429391845318753e-01
5.980852317831848453e-01
5.985618230911913251e-01
5.976970370656216058e-01
5.981751726604946917e-01
5.979656178562160473e-01
5.972133533150003615e-01
5.979495840521995564e-01
5.983464741322679359e-01
5.994190955134062193e-01
5.983631125650792359e-01
5.987747800758570493e-01
5.978289790566455597e-01
5.976665590980151377e-01
5.986371370887305643e-01
5.975675939934397274e-01
5.994322318324304399e-01
5.985921729646207501e-01
5.985419483593067413e-01
5.977509740115971582e-01
5.986718013153298212e-01
5.977786513133459545e-01
5.979309522924098896e-01
5.997126142197950482e-01
5.971215294349447866e-01
5.978953310400800802e-01
5.984408649496013588e-01
5.991185387287241149e-01
5.993646561324827982e-01
5.990644566814722349e-01
5.987487139723111085e-01
5.991879681373620814e-01
5.985096009761187164e-01
5.985164145949083414e-01
5.978973297590222113e-01
5.994031926648081265e-01
5.996982572933008404e-01
5.991975875954609343e-01
5.991281480453067854e-01
5.973444771561078337e-01
5.985535668727441916e-01
5.994831527327139087e-01
5.987343731114572742e-01
5.978343349509275262e-01
5.983948219911894295e-01
5.986091364622552202e-01
5.974630608432538459e-01
5.982664166165492237e-01
5.991556175824497288e-01
5.993028006091329907e-01
5.984015562452511539e-01
5.972836867283171092e-01
5.976549986036723272e-01
5.982550011323310990e-01
5.981771111904184979e-01
5.997944015550139563e-01
5.985945858995460611e-01
5.979024878415921673e-01
5.986626510611507967e-01
5.986192576433193580e-01
5.997430852587617434e-01
5.980595330326445858e-01
5.988713167396093606e-01
5.992251646708006696e-01
5.997932373087559998e-01
5.980318749055903993e-01
5.989738505198662910e-01
5.990419968765776648e-01
5.985767602646199226e-01
5.984099185105287155e-01
5.978828753908809190e-01
5.987420228366120423e-01
5.980996092678192433e-01
5.979334667809316217e-01
5.991560273961934469e-01
5.991119393131658644e-01
5.978818767835196724e-01
5.990001831660024534e-01
5.992060733119586313e-01
5.989473752217718827e-01
