9.773560253757700433e-01
9.793149899506955469e-01
9.778479284934766813e-01
9.783975223842239499e-01
9.780456860022209709e-01
9.775632340591142722e-01
9.782907860804330724e-01
9.784362253035263635e-01
9.785056043076898469e-01
9.783155274109816002e-01
9.786967800928983996e-01
9.779920085623353687e-01
9.781941535503875240e-01
9.780903656396862100e-01
9.794420076732581748e-01
9.785812485394382865e-01
9.786631058331498600e-01
9.784896120151005405e-01
9.777762298631792470e-01
9.779473708352417471e-01
9.787106410431559711e-01
9.792212818007446362e-01
9.782817037020706818e-01
9.782853041470680466e-01
9.791578426816742731e-01
9.789602262149874612e-01
9.781360623704324908e-01
9.781402439456789999e-01
9.791162401230067980e-01
9.785182850974794011e-01
9.784321789204117881e-01
9.791496291964744136e-01
9.799670399605786564e-01
9.779296912685956356e-01
9.793686885624294236e-01
9.784968962743774146e-01
9.776687875470351230e-01
9.787925540542609104e-01
9.781980832249792535e-01
9.777698375671387554e-01
9.791682987500250901e-01
9.773136679364342605e-01
9.781567804286805945e-01
9.788974423741065856e-01
9.791978078698886367e-01
9.785962109051358215e-01
9.783954276775419512e-01
9.791621746991094888e-01
9.782830657829495458e-01
9.777182120989122982e-01
9.789240897585391732e-01
9.789053557388636140e-01
9.795328450942036858e-01
9.786958482516858737e-01
9.779969095381344513e-01
9.780133965406009322e-01
9.778649405377950465e-01
9.781527046667798375e-01
9.789619048590406658e-01
9.780134572805543325e-01
9.784139280356654034e-01
9.772128721371152738e-01
9.792975612113143935e-01
9.779824319423154888e-01
9.779109569677899572e-01
9.782434301907719787e-01
9.789823195420547242e-01
9.789894178163933702e-01
9.788028315453000117e-01
9.782332390546559786e-01
9.781505898111262365e-01
9.785561791052500569e-01
9.784063389463808491e-01
9.789307662899597862e-01
9.779765610976207668e-01
9.781893909522731967e-01
9.780198623778267875e-01
9.780905602401506194e-01
9.792591520621722889e-01
9.773494419055255289e-01
9.785801928778328218e-01
9.790282973359433205e-01
9.789537446541711763e-01
9.769862521280394674e-01
9.786284617383205209e-01
9.787758279235512227e-01
9.789966986247977676e-01
9.777163262827778256e-01
9.778691406300514810e-01
9.789125034726144925e-01
9.790178515279833737e-01
9.776458613082243954e-01
9.790667836462508822e-01
9.790819618164698923e-01
9.787090767464113883e-01
9.774629901181590697e-01
9.784713098933475184e-01
9.790322617081043122e-01
9.779607551093775220e-01
9.783572132633844287e-01
