4.135376326841794792e-01
4.140309698692992701e-01
4.151060645232960145e-01
4.142162601014915957e-01
4.141122332772184667e-01
4.155192533533728083e-01
4.148446605095870154e-01
4.150088042244152176e-01
4.138318605612848478e-01
4.144286962401804164e-01
4.152996137384889486e-01
4.159835342350705067e-01
4.142611587106443949e-01
4.142181688542335705e-01
4.148843320327325612e-01
4.141760244955062786e-01
4.154053618695218164e-01
4.145063934881001999e-01
4.150492810446907987e-01
4.147417822378176577e-01
4.156288470620377873e-01
4.141028441349884348e-01
4.150767825090901364e-01
4.144329574398413207e-01
4.153979947015723484e-01
4.141856103999699834e-01
4.138872883960789117e-01
4.151319857314739736e-01
4.139483758770875488e-01
4.146398398323879464e-01
4.150716295549143897e-01
4.162405762983504842e-01
4.137620157389795272e-01
4.149541877003503076e-01
4.147185333652794181e-01
4.149177999543692263e-01
4.134358671471901614e-01
4.143441756031535084e-01
4.145484681412378025e-01
4.143082891429423764e-01
4.133323297504717386e-01
4.132847986863051881e-01
4.145057420442725404e-01
4.143018351480946548e-01
4.141326186396224740e-01
4.144437771943544901e-01
4.147726128117411593e-01
4.139208281061318440e-01
4.142286648421330542e-01
4.135874936851647865e-01
4.151781360663986398e-01
4.154173947234204300e-01
4.152244845879773938e-01
4.146593797977292106e-01
4.147673724393435846e-01
4.145448297999441700e-01
4.139986444926776477e-01
4.147317606503958531e-01
4.143604683995010252e-01
4.143904083466092292e-01
4.146753702540270092e-01
4.140386330652409130e-01
4.147733492269898292e-01
4.154544806887847108e-01
4.149115680202478118e-01
4.143264799486482408e-01
4.147220637281304745e-01
4.135363854624438673e-01
4.146690043858320962e-01
4.148709034102321946e-01
4.144771142928763696e-01
4.137608788440461649e-01
4.139694021043051064e-01
4.138596582207322294e-01
4.160407381490138778e-01
4.148241348657664140e-01
4.140779678115734663e-01
4.147647774662343023e-01
4.146110600375119137e-01
4.154687579267342112e-01
4.144515511880889624e-01
4.146149971155395075e-01
4.144057400387961554e-01
4.139198706120675308e-01
4.139667478356973129e-01
4.136777421217515682e-01
4.148534042439973035e-01
4.144732815009098958e-01
4.141226277345554929e-01
4.153888980851451196e-01
4.155374862850664819e-01
4.139167699347187646e-01
4.148919776110774893e-01
4.141617366328173566e-01
4.140026204037414725e-01
4.145563579128860310e-01
4.141471640750031824e-01
4.141029816432167387e-01
4.145148122612403174e-01
4.147309608745302079e-01
