6.335924148631530972e-01
6.331173670306710077e-01
6.340358679814890319e-01
6.329758478043556735e-01
6.341540513248380417e-01
6.344897864831546830e-01
6.328002850037697247e-01
6.336090656998059067e-01
6.335807000650218734e-01
6.326619044356183164e-01
6.339797908710813612e-01
6.342680640545035331e-01
6.339158738614023569e-01
6.334420389290762454e-01
6.339989644376196054e-01
6.331161677195809023e-01
6.334234385306447557e-01
6.327928005201645112e-01
6.344397975566027359e-01
6.324808055043695809e-01
6.337160880933992990e-01
6.339501330928805078e-01
6.343310363734795398e-01
6.333624504274137923e-01
6.326734159076108366e-01
6.329474214032980717e-01
6.340241935095725090e-01
6.331242513316396314e-01
6.334769294356399350e-01
6.338919648294931708e-01
6.331917077077597877e-01
6.332781330478221005e-01
6.338655527295430359e-01
6.333317018539077470e-01
6.342752173949889327e-01
6.328793290800118765e-01
6.338594268179730262e-01
6.325813446667503115e-01
6.335836559205971774e-01
6.336908254921442829e-01
6.335463428205194703e-01
6.334908031156972763e-01
6.339316358597393286e-01
6.338025488496850102e-01
6.325600388357981441e-01
6.332495296243224603e-01
6.336590903590419988e-01
6.324810897177574054e-01
6.335524165428247922e-01
6.330272810309769405e-01
6.336454001360585231e-01
6.333230667917553181e-01
6.335859640381823477e-01
6.328746000586589204e-01
6.338003058092773756e-01
6.335222387386900689e-01
6.321589679515604576e-01
6.328430978626402581e-01
6.339700523889653105e-01
6.327584860590697025e-01
6.327634665970818251e-01
6.333148262332023437e-01
6.343017652884479496e-01
6.331684809794977387e-01
6.335496340214031852e-01
6.338362126074492675e-01
6.344596193338744028e-01
6.333294007514267410e-01
6.330026651413773742e-01
6.339820820813991675e-01
6.344414550816006582e-01
6.342007696010232287e-01
6.342452466406058864e-01
6.334831163854908187e-01
6.339397101752819452e-01
6.340969544167798233e-01
6.328819924620192605e-01
6.340717795970307602e-01
6.344919260557402296e-01
6.338837608548414382e-01
6.337483669228030081e-01
6.331831805477123876e-01
6.348343760715794426e-01
6.338313888658386741e-01
6.336186026072374577e-01
6.338666079262589292e-01
6.334201088404377566e-01
6.329518477455169378e-01
6.328110235110299131e-01
6.336497753823905343e-01
6.331447600801212161e-01
6.329710736037847951e-01
6.326367448253809034e-01
6.331372067191912700e-01
6.340423357225439815e-01
6.325812197509951273e-01
6.341005024102981391e-01
6.346283764223398238e-01
6.331415233200905490e-01
6.338761748785020078e-01
