9.426440473917998553e-01
9.440463675216109740e-01
9.444563876661549173e-01
9.438327251458921152e-01
9.430893973187940427e-01
9.438346531969470377e-01
9.433970883126209239e-01
9.446919213203220922e-01
9.427729062603038557e-01
9.441280004675234316e-01
9.438072050862426066e-01
9.442525736985484253e-01
9.428324873205010670e-01
9.436338869021813069e-01
9.438643017373962163e-01
9.444656618190820918e-01
9.434274445484176486e-01
9.433899645850927218e-01
9.437442456019017323e-01
9.442492531519741661e-01
9.438150206682502930e-01
9.439155866365664949e-01
9.439079009514904639e-01
9.435699716212818666e-01
9.437018924631255246e-01
9.435847101177258223e-01
9.437791893889959649e-01
9.435906166171631471e-01
9.437236332002755246e-01
9.432600886773709892e-01
9.434260303071126952e-01
9.445309458524974167e-01
9.438422441638771865e-01
9.438553980110260255e-01
9.434725318611931755e-01
9.444264347781932134e-01
9.434097100001402891e-01
9.446300009022792210e-01
9.447088157416503318e-01
9.440416784441587605e-01
9.438296026853933984e-01
9.446991288707567991e-01
9.427267620656409886e-01
9.437714345194685439e-01
9.435691246064311644e-01
9.435734797046411160e-01
9.436429104944006330e-01
9.427054174223996608e-01
9.443901462391879331e-01
9.438133558215506813e-01
9.437430856890947073e-01
9.428519599579971988e-01
9.439994613064107698e-01
9.428155403734033158e-01
9.436253672081023058e-01
9.440617670608701939e-01
9.438635692796630838e-01
9.447749261732495407e-01
9.434367311787031918e-01
9.441900213127134567e-01
9.432080406005054485e-01
9.449103516127757008e-01
9.436596952626726820e-01
9.442690818649541740e-01
9.442454077707681526e-01
9.435407628585613660e-01
9.434902152348823012e-01
9.437479849225685058e-01
9.447387652108707456e-01
9.439532457932886533e-01
9.437980301112687265e-01
9.445428396775200630e-01
9.438720478144910775e-01
9.438430725612949601e-01
9.449763599570837336e-01
9.432709206162805948e-01
9.442899648307596649e-01
9.425444928793136334e-01
9.437212493315647599e-01
9.437108351566857456e-01
9.442794817670212559e-01
9.439426655764007190e-01
9.438973553534157901e-01
9.431904909915052038e-01
9.434253328727193466e-01
9.432433424146920986e-01
9.439030477749343895e-01
9.447153232376497289e-01
9.438479854867720675e-01
9.435787879476837947e-01
9.431685188474525638e-01
9.444032791695050610e-01
9.444436785395255995e-01
9.436135305384563132e-01
9.435764832950370717e-01
9.443979353739828664e-01
9.443888242706427461e-01
9.446122568501551520e-01
9.437126585296273795e-01
9.426114136094139173e-01
