9.594379174505329733e-02
9.625482627779131939e-02
9.763479124181854985e-02
9.672473556491123503e-02
9.778674756730423856e-02
9.785928761635728779e-02
9.582105019729197926e-02
9.742076384680657675e-02
9.656311732324390773e-02
9.714776366204999625e-02
9.646836942095496359e-02
9.667193258625601804e-02
9.676851945014268430e-02
9.674105874350219514e-02
9.742629571353426943e-02
9.760717387754247465e-02
9.685780199544166691e-02
9.607632114058084483e-02
9.708878919966526522e-02
9.793558323199239024e-02
9.751254852368586301e-02
9.769443597959576175e-02
9.756392160995223939e-02
9.841620172008599954e-02
9.715341767169342890e-02
9.817815306817331833e-02
9.616813068920215812e-02
9.695467077894556751e-02
9.689580650432390307e-02
9.800257753143554185e-02
9.718988793132582460e-02
9.694653511332733398e-02
9.711783613707392071e-02
9.604151177426846486e-02
9.704163155110200056e-02
9.785496960063458372e-02
9.603648081021654015e-02
9.821230574866135488e-02
9.759355557241469747e-02
9.768777473129731936e-02
9.731947477857540163e-02
9.717542702436275659e-02
9.737384657794606602e-02
9.689757406334836842e-02
9.566122934632501074e-02
9.563666330334297250e-02
9.680055142321490613e-02
9.640121511721368164e-02
9.655921427748861974e-02
9.750086785061240491e-02
9.703159968960310688e-02
9.736640204797504528e-02
9.634896960502553620e-02
9.623533410787839248e-02
9.651567041431000082e-02
9.770147664034124768e-02
9.654480807957371846e-02
9.596517237105511855e-02
9.621734252022462464e-02
9.714596829775386244e-02
9.796705005749251072e-02
9.670395616604841871e-02
9.726660508909046321e-02
9.718327475604651711e-02
9.601670630718403543e-02
9.755285885986185457e-02
9.742027981348176657e-02
9.721991802669555094e-02
9.701234063081140557e-02
9.633971931083221141e-02
9.746128160420358677e-02
9.708244902790461039e-02
9.849747771275285668e-02
9.671064533858288181e-02
9.708723457228454756e-02
9.773059577153425659e-02
9.711217859981392808e-02
9.753761823517624607e-02
9.636193981201124359e-02
9.801202470327485816e-02
9.662767988194133351e-02
9.793360895567884694e-02
9.735542864669241570e-02
9.631749782634756174e-02
9.681755619749372876e-02
9.693290816936561693e-02
9.679356081883512541e-02
9.723747371133908968e-02
9.756057987170292656e-02
9.744222648009591425e-02
9.634034094370795553e-02
9.710440875500488123e-02
9.763862770226867938e-02
9.801977345195006519e-02
9.631145098486794398e-02
9.700973490014064282e-02
9.694111191820931062e-02
9.776971615095939039e-02
9.721834779772658974e-02
9.615128305672734910e-02
