5.284428115806267812e-01
5.284820357016067893e-01
5.286323132766654886e-01
5.294762916066175773e-01
5.283151028184616127e-01
5.286495464074659756e-01
5.278901489233565059e-01
5.290307150258261037e-01
5.289320393065845005e-01
5.295073990637523265e-01
5.286353534618524197e-01
5.285522821179564623e-01
5.296469108452446228e-01
5.295248692144596259e-01
5.287294260710613258e-01
5.291434820489816504e-01
5.278610239399359472e-01
5.284328445245467520e-01
5.284823408206361650e-01
5.291183151072021973e-01
5.283038262400873153e-01
5.282468291132822458e-01
5.286506486518222081e-01
5.292041431079256286e-01
5.296278667743543611e-01
5.284808083113579080e-01
5.288721369031130770e-01
5.294482555424662173e-01
5.284068359499872747e-01
5.285164274106108895e-01
5.279034557386730331e-01
5.277775506579399645e-01
5.283494024045323201e-01
5.293532993720744262e-01
5.288111236401376036e-01
5.291801479753428517e-01
5.274829644288681063e-01
5.284545716530352211e-01
5.285636130564654867e-01
5.286627154993428501e-01
5.286291994158324181e-01
5.284188689318358723e-01
5.290505536032812373e-01
5.280878213729423010e-01
5.280078040925625382e-01
5.300345040594183210e-01
5.272045887920201457e-01
5.292057005008874437e-01
5.281082394505334232e-01
5.286694213730618319e-01
5.301776747047982630e-01
5.281574345022730377e-01
5.288206806836007745e-01
5.282212996675353933e-01
5.275401091094561457e-01
5.283497317242279445e-01
5.278570230690422527e-01
5.282041107037888095e-01
5.289482550197635025e-01
5.291723736418416646e-01
5.291465054829060932e-01
5.287026124617664191e-01
5.291094379046883400e-01
5.291965062080151716e-01
5.286783192214361549e-01
5.281567231769362936e-01
5.279013532068804748e-01
5.285269343944578591e-01
5.280400313638228260e-01
5.286873928174088411e-01
5.300818392505844967e-01
5.288633224524532661e-01
5.289842262120214578e-01
5.282788357999099738e-01
5.284595148812418763e-01
5.295497879907187233e-01
5.298265094529803765e-01
5.285404890499675323e-01
5.279871254286095938e-01
5.286032387767324314e-01
5.293221178503695334e-01
5.293846576182064112e-01
5.280900553676505238e-01
5.289170395793731938e-01
5.288556527843590871e-01
5.286137529806180790e-01
5.286243437886268826e-01
5.281025277120066086e-01
5.296041389794650112e-01
5.289735701475507534e-01
5.280356295182206949e-01
5.285958737820785069e-01
5.291033169418145610e-01
5.293150217384532397e-01
5.274635264463112261e-01
5.273793532612991442e-01
5.281428132947548759e-01
5.283298534399414326e-01
5.296966358382597662e-01
5.282126960690549655e-01
