4.367138772819432191e-01
4.385582729782692146e-01
4.385427369740994563e-01
4.384528945934793032e-01
4.397898223052282285e-01
4.385785209997206113e-01
4.388409696088357848e-01
4.377480104940630889e-01
4.377095796237064906e-01
4.382271758303186160e-01
4.385300388274577243e-01
4.382428702182932234e-01
4.388251404562431013e-01
4.382110387477532454e-01
4.385960156926942410e-01
4.402252938243168545e-01
4.397596714502783888e-01
4.383544315275678116e-01
4.396052964028205334e-01
4.386097085028296538e-01
4.388848153014039410e-01
4.386217655603527055e-01
4.395234286324961603e-01
4.383796440119905879e-01
4.394916059286145815e-01
4.383928088739222906e-01
4.382067345378289902e-01
4.379287061921461888e-01
4.393612439761530042e-01
4.385592772199142786e-01
4.392552535838103456e-01
4.381367018998101326e-01
4.381770933504638421e-01
4.385353634643807119e-01
4.378281135742786434e-01
4.393015882492481428e-01
4.388885568885311228e-01
4.380082885960934203e-01
4.381974146798346403e-01
4.387738771518135406e-01
4.390464819437022159e-01
4.390581667623185691e-01
4.381536723105833864e-01
4.382832129340026306e-01
4.399830643645570305e-01
4.382978427396191923e-01
4.379334395814727943e-01
4.379684255799254355e-01
4.388995384981135839e-01
4.386227088587497103e-01
4.384031137370200115e-01
4.390117512562701219e-01
4.379181429749603449e-01
4.392392374064625904e-01
4.384312407757399166e-01
4.389996238996403122e-01
4.385313708822812240e-01
4.383832827983831226e-01
4.382794657196619759e-01
4.384103016908151851e-01
4.383438827533490123e-01
4.383814376121416001e-01
4.383562872075513761e-01
4.386642588472544624e-01
4.380634785724859537e-01
4.383649552228893742e-01
4.377484879747130520e-01
4.382458635745323239e-01
4.393501259820057347e-01
4.388023068656201064e-01
4.379337721186127297e-01
4.382301558124547247e-01
4.391542843387769013e-01
4.386474093534748486e-01
4.384514458643969936e-01
4.388111706000677459e-01
4.393059007160642349e-01
4.386215020274695231e-01
4.383319214509854289e-01
4.388487557405706951e-01
4.391486685576654891e-01
4.390530916373858172e-01
4.377344360386620226e-01
4.390610574749064798e-01
4.378081947975128174e-01
4.379097018304340949e-01
4.383205783710829584e-01
4.380493328286905186e-01
4.377717338457139951e-01
4.385164506362946302e-01
4.378920230283280812e-01
4.375050989359731135e-01
4.383770642445240506e-01
4.394896979101615697e-01
4.385125886233296466e-01
4.387243219306402597e-01
4.390421254908496440e-01
4.379640406631184479e-01
4.394720854982220315e-01
4.379651520132602505e-01
