6.804008623593676974e-01
6.818628545310887468e-01
6.824284878955336753e-01
6.823000107596253194e-01
6.818729512868297871e-01
6.813893004672788578e-01
6.811041601103819954e-01
6.811998040296485257e-01
6.816904947833488659e-01
6.820124637329989525e-01
6.814076667448465408e-01
6.812485875566847149e-01
6.815280834197575688e-01
6.815862686781528623e-01
6.813767213003687484e-01
6.813876761664718895e-01
6.804856764748361542e-01
6.825876807063817608e-01
6.822503900753515982e-01
6.816770441301712724e-01
6.820296429472278987e-01
6.807630908003001746e-01
6.826629599828075712e-01
6.818084185055133251e-01
6.831005560120911868e-01
6.827096301322184146e-01
6.803336198872699248e-01
6.815783829124832938e-01
6.813889179356900083e-01
6.815427354960699180e-01
6.810827815640043692e-01
6.810820851394940867e-01
6.813781177538253964e-01
6.822721235112165772e-01
6.824112777731912161e-01
6.808071060896792037e-01
6.811942057683861851e-01
6.831509107634705646e-01
6.822011490200150519e-01
6.822776731440984843e-01
6.825730500952797986e-01
6.812738339573756186e-01
6.805669365039554997e-01
6.819240747832387983e-01
6.827206308790114697e-01
6.810540032140151023e-01
6.814973466852384254e-01
6.812509000009204785e-01
6.814838575101980211e-01
6.809541576336901603e-01
6.814727217101241852e-01
6.822956310593479845e-01
6.810760760032773531e-01
6.810841240659517570e-01
6.807797437125695517e-01
6.821149608186598545e-01
6.818856706936307077e-01
6.813905296524320754e-01
6.816702043729041538e-01
6.819584795784494613e-01
6.819761230785994499e-01
6.811482811277570493e-01
6.813951104682357540e-01
6.808260135620044506e-01
6.810806492664098766e-01
6.814607967523601539e-01
6.814041624237658912e-01
6.811562177635319681e-01
6.811154559381807916e-01
6.834084789862256981e-01
6.812607768500293925e-01
6.824427651931156413e-01
6.795067469024131945e-01
6.819385174424591467e-01
6.814820423072887046e-01
6.815642158503321113e-01
6.820339123017720162e-01
6.817533840847465054e-01
6.818812965185840902e-01
6.809189438338457689e-01
6.795062670597203924e-01
6.813984230407298393e-01
6.812852804886915248e-01
6.806575809421180345e-01
6.812780431557562411e-01
6.806376932318938255e-01
6.825300550605492012e-01
6.818355843175974984e-01
6.813945216663390703e-01
6.809001695376757368e-01
6.814966987426233080e-01
6.815112207389283361e-01
6.812914537494986211e-01
6.822646104887453156e-01
6.818007187332535413e-01
6.827544399647448303e-01
6.812693633852925368e-01
6.814723106009461517e-01
6.825843627664311963e-01
6.823742506937687802e-01
