1.292731917044651901e-01
1.293920286095598116e-01
1.299382707310913765e-01
1.301326173539060771e-01
1.293809577490265261e-01
1.289409333041836303e-01
1.291275379269640755e-01
1.287941351726668848e-01
1.301574961240109518e-01
1.287383301509533728e-01
1.290373721672477825e-01
1.299861178815233664e-01
1.295199550484765760e-01
1.297905647555790409e-01
1.277181199457105287e-01
1.301949351260502374e-01
1.295500519282100915e-01
1.300172184539920006e-01
1.302962325256381282e-01
1.298683171346828036e-01
1.296307527242515911e-01
1.302073517726109186e-01
1.298597635319538313e-01
1.293108684133204567e-01
1.286424598937140340e-01
1.288077591218921292e-01
1.296790184189351158e-01
1.292647824356357167e-01
1.300554335254676119e-01
1.294630541016315028e-01
1.303226578735351415e-01
1.283907061727490584e-01
1.307987747237232268e-01
1.291998489999512945e-01
1.291895542221056237e-01
1.300514752085403236e-01
1.296644329352157066e-01
1.295917220810410830e-01
1.285459235335733030e-01
1.295064855268803772e-01
1.292744609997291683e-01
1.294601633280329789e-01
1.296769484028403308e-01
1.300677325585794242e-01
1.293386934936099908e-01
1.295820273676321910e-01
1.304692848821184803e-01
1.293474347089600407e-01
1.297677660565230706e-01
1.300797542905625104e-01
1.300686493572912050e-01
1.289273404960683544e-01
1.286532775832041064e-01
1.291724309869097254e-01
1.290255137730142998e-01
1.299577586617942926e-01
1.296706124951398365e-01
1.291983211106796370e-01
1.302995520040916844e-01
1.286380721121383464e-01
1.291775742621716350e-01
1.299123314875909596e-01
1.297543516334839220e-01
1.295963445725635543e-01
1.297924484855367266e-01
1.288780233540593734e-01
1.292685849580799962e-01
1.292138378810469557e-01
1.289727127195288703e-01
1.303565620267284897e-01
1.299524759787793748e-01
1.294702092313800290e-01
1.303844673775861884e-01
1.295907567660408433e-01
1.288145423266597867e-01
1.290958292620448533e-01
1.291657300488894822e-01
1.303193515296149907e-01
1.310496343684958709e-01
1.295509410086548574e-01
1.295275322847328214e-01
1.291443164387422182e-01
1.292857384429716427e-01
1.289437073727374705e-01
1.282575451180056336e-01
1.289946378459123633e-01
1.294121401419306983e-01
1.298262992851098030e-01
1.288975085638221496e-01
1.290147024376623319e-01
1.296117716003249432e-01
1.309673856381955437e-01
1.295415114200494378e-01
1.293258402979426958e-01
1.297308767612987968e-01
1.296030443956473488e-01
1.299633921556549998e-01
1.287282983186477103e-01
1.280432122084826374e-01
1.296437783594539539e-01
