2.906929238321422915e-01
2.906109917033885548e-01
2.908837073905272130e-01
2.920660553811080806e-01
2.910041072249412997e-01
2.923948524591227782e-01
2.907137973464228309e-01
2.910568893054915618e-01
2.915252827069020891e-01
2.923893746288627749e-01
2.916814176896163069e-01
2.907317343152984734e-01
2.905595831234829007e-01
2.912481087082855469e-01
2.917564300211097916e-01
2.904349163533390676e-01
2.908456271887105427e-01
2.912343263919125458e-01
2.916659245368670161e-01
2.925943174181354633e-01
2.927864386400182983e-01
2.908550640722474823e-01
2.911119105967728271e-01
2.898725771407847929e-01
2.919997932595408408e-01
2.920702035131672036e-01
2.899796205635541968e-01
2.922039955830630920e-01
2.903459760125916000e-01
2.901663211205325332e-01
2.910970738408480973e-01
2.920551457410201501e-01
2.910591061007564706e-01
2.908831830407786478e-01
2.924853692156586527e-01
2.908719088502152439e-01
2.914051304375531726e-01
2.918049977393552541e-01
2.920267916627496962e-01
2.912040804839418628e-01
2.913379316068476221e-01
2.905327231834695101e-01
2.904930185190226499e-01
2.901913569988956998e-01
2.908953259491811050e-01
2.912967054541403256e-01
2.918118730838848984e-01
2.910069306934159328e-01
2.911944076100033696e-01
2.910893350760893616e-01
2.922146006025955201e-01
2.914668362860355910e-01
2.903078070079014306e-01
2.909912028173608500e-01
2.917819163373097657e-01
2.901163632279946669e-01
2.910844070276721873e-01
2.914133833635137449e-01
2.914479550753519832e-01
2.927306032407803738e-01
2.922364751983898001e-01
2.922280345161166748e-01
2.914405930235768882e-01
2.917043199948016752e-01
2.909461359011237258e-01
2.917616682165873887e-01
2.920728291259824250e-01
2.911520984279136748e-01
2.917434015662235813e-01
2.913937053027334523e-01
2.916638083310302276e-01
2.915186482249280675e-01
2.916857336313643523e-01
2.921253924832467042e-01
2.915458667945450277e-01
2.906938521396745245e-01
2.896749846788875260e-01
2.914636914323487371e-01
2.917079721770506895e-01
2.900891733956317275e-01
2.907829249741458177e-01
2.912757780837467725e-01
2.908204878439187846e-01
2.908496133893810898e-01
2.916147896140017792e-01
2.904124307266852112e-01
2.910410517460656488e-01
2.910743849116057547e-01
2.910120185497478973e-01
2.920929786996485089e-01
2.911634544035126559e-01
2.920609196455619672e-01
2.907598027310062672e-01
2.912315514136715189e-01
2.904956079537983626e-01
2.912288669178552114e-01
2.906324649879045152e-01
2.912996078349042728e-01
2.921464123545184921e-01
2.910730539026132879e-01
