6.653353536070210072e-01
6.675731340117578849e-01
6.658680848985749634e-01
6.683527429856255253e-01
6.659852487000798016e-01
6.666059536714251665e-01
6.666375588427659871e-01
6.657903254386514647e-01
6.667543545985092912e-01
6.658441036676173708e-01
6.663554072791545435e-01
6.663233687279804807e-01
6.667356477670300929e-01
6.653119487424430378e-01
6.669174448219890028e-01
6.669279990729015672e-01
6.658891004064053654e-01
6.668840269015223754e-01
6.675059211132752246e-01
6.666075444680605866e-01
6.658602161894864313e-01
6.672391829878557834e-01
6.667145257565388894e-01
6.673750425662678953e-01
6.663055193005824606e-01
6.671481306574776893e-01
6.651725423540302273e-01
6.664181848426604660e-01
6.676729884935570514e-01
6.668215053565151873e-01
6.670480493784616272e-01
6.668457239571379258e-01
6.676230448801977468e-01
6.664016492859050622e-01
6.674291668364930041e-01
6.649127747068612759e-01
6.669036039728797327e-01
6.663009394096716109e-01
6.667079195280479764e-01
6.668353259787389575e-01
6.660867700233823463e-01
6.662887732530640150e-01
6.667820190662254731e-01
6.669821415431089751e-01
6.672067099351935981e-01
6.668332345709548914e-01
6.665106948254947428e-01
6.661544772076193333e-01
6.675151755398325282e-01
6.667551503951160141e-01
6.660227311418221996e-01
6.667967385966246940e-01
6.655143698681886821e-01
6.670263291543797601e-01
6.664416189812681912e-01
6.670408698495972066e-01
6.671728770377325368e-01
6.672272772472245261e-01
6.665206600543320814e-01
6.676948221904206449e-01
6.667206957217415297e-01
6.668829128433358955e-01
6.668549461943369394e-01
6.669613984658739891e-01
6.671511287469251705e-01
6.648133251105402541e-01
6.670092744822332387e-01
6.669190363509216457e-01
6.657452505419082511e-01
6.656395975356266259e-01
6.665883977870159516e-01
6.670649285055199051e-01
6.670880261503937536e-01
6.667664676574713845e-01
6.672389360103592182e-01
6.655297661753534211e-01
6.667196734691589466e-01
6.667383990534230254e-01
6.677556728553125653e-01
6.661336537908792987e-01
6.663209478072951164e-01
6.661679032579033155e-01
6.653560756792167297e-01
6.662891409458777670e-01
6.663736840003733342e-01
6.668199556730496358e-01
6.663852919918558104e-01
6.673019341760298984e-01
6.667085080569474798e-01
6.662478777621856363e-01
6.676119716466784038e-01
6.664517288776677928e-01
6.674890487987981125e-01
6.667651745451390610e-01
6.669213875640316314e-01
6.666078550544416448e-01
6.660684567463194261e-01
6.674060638304006865e-01
6.660859096029675408e-01
6.675444586522359947e-01
