9.158742179070783473e-01
9.168660360111953178e-01
9.162418064910330395e-01
9.158987774032372187e-01
9.161691849057338466e-01
9.173851747696150083e-01
9.166333473333658777e-01
9.173718256969631835e-01
9.157632496252926524e-01
9.174810655396405945e-01
9.165227678281575585e-01
9.158611429748582111e-01
9.169446014072254458e-01
9.163203781408300053e-01
9.171232149671020295e-01
9.157729830170817653e-01
9.162094739722719261e-01
9.158849856582683691e-01
9.172377446775957788e-01
9.162655491383987494e-01
9.166472057032182263e-01
9.168716806430370347e-01
9.163854942279522353e-01
9.157158989548173089e-01
9.170766305119379957e-01
9.161874641589394797e-01
9.159079672800991556e-01
9.158390838181191818e-01
9.170083379257206735e-01
9.164898200651778737e-01
9.155837647112312627e-01
9.165769175457044726e-01
9.170763012566710559e-01
9.157389058041813801e-01
9.157945627472502403e-01
9.162637200795868964e-01
9.173671400463572212e-01
9.170440310651097882e-01
9.166400845001981823e-01
9.171502729729820169e-01
9.153911328448809392e-01
9.164514561849921304e-01
9.167165854311913886e-01
9.160792655328429124e-01
9.156467605033904444e-01
9.161465454729611491e-01
9.163475170830431837e-01
9.166704971770598398e-01
9.154141127531268962e-01
9.162347564962192159e-01
9.152891973342700549e-01
9.169431743504060650e-01
9.166732083912509932e-01
9.161533675653722453e-01
9.163878141988177628e-01
9.161254741312655492e-01
9.164194614606968603e-01
9.162644576450906797e-01
9.158485246332243035e-01
9.162598680535141149e-01
9.170586623451111308e-01
9.167737250261609461e-01
9.162897893989290221e-01
9.172902639571057781e-01
9.165998731613720363e-01
9.162181764058090483e-01
9.165285769373243685e-01
9.164230628635190445e-01
9.170576242338931428e-01
9.159673288065958152e-01
9.170460920340025579e-01
9.169003365843788611e-01
9.164766887890793967e-01
9.164516291434949835e-01
9.160724837482041583e-01
9.173928904312450561e-01
9.160670745654775349e-01
9.162736017812349587e-01
9.173826484639135970e-01
9.168055881400682949e-01
9.163135958438315409e-01
9.154729928149368812e-01
9.159299745495943501e-01
9.169445676307745874e-01
9.159630051513172333e-01
9.171775406483060333e-01
9.160319624202125643e-01
9.169332239165072229e-01
9.162073478167918061e-01
9.158610669748388222e-01
9.159267938455082358e-01
9.159752227169597472e-01
9.151974005541867463e-01
9.159327857658042804e-01
9.174294237938610541e-01
9.171546264399578208e-01
9.159849682563886430e-01
9.168078548277476258e-01
9.165949873637112555e-01
9.156937589943936473e-01
