2.404367464775459817e-01
2.415235331240818129e-01
2.413144567854494105e-01
2.404630597121734104e-01
2.407448352226985167e-01
2.410228080167051146e-01
2.406389970329372019e-01
2.413499156754014274e-01
2.407023362400909361e-01
2.418742851014401007e-01
2.420975585196685487e-01
2.399456831588460959e-01
2.409974070758595377e-01
2.415723515748154360e-01
2.412537265534377418e-01
2.406228545946265396e-01
2.418182179275664145e-01
2.416153110249374958e-01
2.405157975749344645e-01
2.401614320003423453e-01
2.407242127782742158e-01
2.422426896822177100e-01
2.417023448829296317e-01
2.397653988743175257e-01
2.407988091807281572e-01
2.407889887488705583e-01
2.409607032063564858e-01
2.415159507716895804e-01
2.397066452174720919e-01
2.417872329413222054e-01
2.412543430111875331e-01
2.408005398765818150e-01
2.412690769446115269e-01
2.422035976923908318e-01
2.422010222917075073e-01
2.416067116312401175e-01
2.414154774698353823e-01
2.416776880062532773e-01
2.411281576289039663e-01
2.408804128855306925e-01
2.401731498816979116e-01
2.408095252802765762e-01
2.415183608251046943e-01
2.416341888064723609e-01
2.414721365775999717e-01
2.408428440608181564e-01
2.409405993985730965e-01
2.417365967457134890e-01
2.407561904755247950e-01
2.408487791859688365e-01
2.408092818866713614e-01
2.411378781367790602e-01
2.418074852892500015e-01
2.411431817792935028e-01
2.412391486989918510e-01
2.404688681900879199e-01
2.408699931049012588e-01
2.411207966628184929e-01
2.411783287563841194e-01
2.406543176175648946e-01
2.406612526917147332e-01
2.416276200558794274e-01
2.412311673343450202e-01
2.414606095182838252e-01
2.412984231594493267e-01
2.411570549899912375e-01
2.409526591224825098e-01
2.418756454805554013e-01
2.411684109331694859e-01
2.413142136908376645e-01
2.410452549285662105e-01
2.403585898471381210e-01
2.411598765265403066e-01
2.406070832918389968e-01
2.398749761352206022e-01
2.406400288728261505e-01
2.416765675047574113e-01
2.418655835104609464e-01
2.410769471040428436e-01
2.422356074053077513e-01
2.404609014757563834e-01
2.419345287769097685e-01
2.407256591692477632e-01
2.403408916290294406e-01
2.402484947129499560e-01
2.419337647840718031e-01
2.403426744798888848e-01
2.400912734837876150e-01
2.408338471816281467e-01
2.403230096119313708e-01
2.412752164991063819e-01
2.415162820326295368e-01
2.423111745421028806e-01
2.398802662656636664e-01
2.420001776723392228e-01
2.418760885276574069e-01
2.407309439372612991e-01
2.408073077518304017e-01
2.412127293659485638e-01
2.417158707232236192e-01
