9.911991757218868715e-01
9.918982442988180104e-01
9.929319709657173920e-01
9.916996481147510867e-01
9.931937039899230157e-01
9.918449939456551734e-01
9.927792781016644419e-01
9.923718829656632545e-01
9.924901198482801723e-01
9.929248503464009890e-01
9.931448210505267049e-01
9.920040347651867263e-01
9.918332916813493716e-01
9.929248045435384862e-01
9.920735557264912519e-01
9.911688644454229591e-01
9.925511941265594551e-01
9.916760699859106243e-01
9.929934754209328585e-01
9.924321765980772536e-01
9.929800860497984827e-01
9.924049141610911118e-01
9.914005233732239297e-01
9.922306394053016509e-01
9.908934249205703093e-01
9.923754799340785970e-01
9.918651474201559681e-01
9.920799043670971429e-01
9.925859864851667158e-01
9.930543613853245466e-01
9.924866304297720321e-01
9.920939440831598732e-01
9.921737210439046661e-01
9.920345006182706982e-01
9.931322024643761681e-01
9.929860379424615413e-01
9.933152645376448486e-01
9.930557554433080414e-01
9.919908038091886926e-01
9.918827689210649723e-01
9.917780643133271568e-01
9.922163330687818750e-01
9.920694052039106259e-01
9.915481787932294289e-01
9.929581573568384556e-01
9.914821439994874197e-01
9.925188475207065153e-01
9.928970917337307522e-01
9.917099076869905216e-01
9.936251169287653173e-01
9.919865820991549121e-01
9.926869849348523012e-01
9.923557893467551683e-01
9.933340595079869217e-01
9.916268918525387166e-01
9.923468216178485957e-01
9.928715630468314401e-01
9.912756530064200655e-01
9.934951067180449735e-01
9.937373634390807009e-01
9.918892704121127224e-01
9.934401200674924937e-01
9.931521753396387320e-01
9.920296351789652523e-01
9.925217313587022527e-01
9.926556342873660288e-01
9.928488230597920516e-01
9.935587112002355337e-01
9.920426225765854866e-01
9.917441574741214794e-01
9.921609142713789797e-01
9.925626131960865184e-01
9.924408642454880525e-01
9.919355866618262407e-01
9.932089338043428306e-01
9.918980435441892007e-01
9.919453247174260246e-01
9.924511738254883086e-01
9.933756685799002284e-01
9.927693804729221805e-01
9.922882645285837633e-01
9.935725462783937534e-01
9.928731351530823979e-01
9.910433594514793665e-01
9.938890268599718247e-01
9.919698623916259894e-01
9.920743627471317883e-01
9.931329162270552402e-01
9.919018682800058162e-01
9.921451842933711740e-01
9.940012738948056370e-01
9.930586302316143366e-01
9.928806200775366353e-01
9.907874282842226155e-01
9.920414542427007376e-01
9.925484074403352341e-01
9.913563052352406535e-01
9.933207734056601623e-01
9.921478810922008673e-01
9.914060596319315133e-01
