6.864455227583974306e-01
6.841728380688749667e-01
6.868637326653320718e-01
6.866195571678818110e-01
6.863564126015510025e-01
6.870687799113960326e-01
6.858365265610244510e-01
6.846523546597053089e-01
6.863331023088072858e-01
6.864316008342633557e-01
6.862000806660648600e-01
6.870551326410454518e-01
6.862333610993192057e-01
6.853756566444633158e-01
6.853357641906805409e-01
6.861372229573065029e-01
6.852801826202530311e-01
6.867571185774041798e-01
6.858651967007730610e-01
6.865133242238337097e-01
6.859468580568102158e-01
6.866131557602199731e-01
6.870861027496802942e-01
6.864512596681880963e-01
6.862352886415282738e-01
6.864150519706986309e-01
6.869837496481959738e-01
6.868804188405139843e-01
6.869679270093131951e-01
6.865209722124291369e-01
6.863903056792095558e-01
6.868019920492456354e-01
6.869264561037071726e-01
6.868984261045738560e-01
6.867494341393917123e-01
6.858536652040857495e-01
6.882612707674219399e-01
6.862503721824639857e-01
6.857159326903451424e-01
6.879296960246941151e-01
6.870089802393223311e-01
6.870664480412146391e-01
6.868913708741948287e-01
6.852978513992539211e-01
6.877001660225156021e-01
6.874390618808778886e-01
6.871343019614908343e-01
6.852138120237969421e-01
6.872983544206747730e-01
6.857589659835308105e-01
6.865817991694767031e-01
6.871273422370235417e-01
6.855909065962664251e-01
6.867435767715979189e-01
6.862450907778638864e-01
6.869980569835006934e-01
6.869762139434406611e-01
6.863669183319343059e-01
6.859738000903610189e-01
6.882279312457493248e-01
6.873245328559085543e-01
6.869713656133904500e-01
6.864556319435795029e-01
6.870216948093719189e-01
6.865297576319415729e-01
6.858624630221800134e-01
6.852535393077510140e-01
6.857501968641117607e-01
6.869196305874860631e-01
6.855106276477020977e-01
6.868815596600841289e-01
6.859525234537149352e-01
6.869561054311907888e-01
6.864960339763257480e-01
6.861155435409029835e-01
6.864844874030033850e-01
6.873036470612907678e-01
6.866163472195407902e-01
6.867913018001443604e-01
6.873709605684622526e-01
6.858708390205430216e-01
6.873627296542832443e-01
6.864031850685541336e-01
6.861526260716628300e-01
6.864943745840185185e-01
6.865419376733066237e-01
6.861909236317808025e-01
6.868536128323914358e-01
6.871224304088443535e-01
6.872097469519518054e-01
6.864580759567588952e-01
6.864928654944217890e-01
6.858536523872429402e-01
6.864471689657325459e-01
6.868515349414263671e-01
6.864033097827488827e-01
6.860615847561963854e-01
6.866929295438126690e-01
6.869891542413925078e-01
6.858616208595424979e-01
