7.444329453302054311e-01
7.478885886272483852e-01
7.464904223061453736e-01
7.464734192120899836e-01
7.465621001576657756e-01
7.467105009969046137e-01
7.468528282617790115e-01
7.457323516233002048e-01
7.460267287909714273e-01
7.468220053736505104e-01
7.469667814570082331e-01
7.475991728505506639e-01
7.462952330657297573e-01
7.445190142942484934e-01
7.447859672540726450e-01
7.459737868321065779e-01
7.456267404954938227e-01
7.463391552768797732e-01
7.461283775898983617e-01
7.465083645336973994e-01
7.470115596615580777e-01
7.464206785609890371e-01
7.469487470736088097e-01
7.469638068762796124e-01
7.469472518138194905e-01
7.448693349036854539e-01
7.466420359476673152e-01
7.461317694720428495e-01
7.460446060764930332e-01
7.469943961193565851e-01
7.468818453722894102e-01
7.472024148918025022e-01
7.469600399096247845e-01
7.465597302692796866e-01
7.459753502916244283e-01
7.470692586072987806e-01
7.463043723153351960e-01
7.467400338291902973e-01
7.474309993426586640e-01
7.466003762361578255e-01
7.473495384208562742e-01
7.458360048122558705e-01
7.460392413362872954e-01
7.477373407678858941e-01
7.463355266108118169e-01
7.473067785995497481e-01
7.462255885329942551e-01
7.459485585789421558e-01
7.456230076531760176e-01
7.451773329363891030e-01
7.461451719530037829e-01
7.465028396821531409e-01
7.468369393779483723e-01
7.467661202427258171e-01
7.472430799893394759e-01
7.459394517707511607e-01
7.468714641570105561e-01
7.475509428722046934e-01
7.459956974646551053e-01
7.446356336597704795e-01
7.463109967687743262e-01
7.468374361638122627e-01
7.459337718289431596e-01
7.466663995965256984e-01
7.450071312601797002e-01
7.461288398021697077e-01
7.466017823297552702e-01
7.467142905069051873e-01
7.472545892441022630e-01
7.457780704020151585e-01
7.457415080551390574e-01
7.460757060629537030e-01
7.469933203289188528e-01
7.462006024534018067e-01
7.468686608905011903e-01
7.464637445065174237e-01
7.467124299361158624e-01
7.467707953098772222e-01
7.460372566828770147e-01
7.467453918952060565e-01
7.468723405470598653e-01
7.457478177234000416e-01
7.473657895900306380e-01
7.468407124159879285e-01
7.463161917658965860e-01
7.464295881070184269e-01
7.459702797571108324e-01
7.466338422935011598e-01
7.458545607489855955e-01
7.465429510525634083e-01
7.473738129459962520e-01
7.463235590003189923e-01
7.462517862085302767e-01
7.463499678355650646e-01
7.460962882485628889e-01
7.482072754032571549e-01
7.475386428385413229e-01
7.465004180477652351e-01
7.456147981702974104e-01
7.469640253895302173e-01
