9.144231085354299626e-01
9.144057197021522310e-01
9.155770266154772408e-01
9.139539508025510406e-01
9.145631678737111692e-01
9.153419306276955325e-01
9.149267973534203069e-01
9.156421538744548005e-01
9.151302150277156322e-01
9.154125993696475838e-01
9.144342703380293758e-01
9.146956143313612619e-01
9.146044563375682612e-01
9.143001027993752361e-01
9.158607308909675337e-01
9.143720889206656821e-01
9.158128502113400682e-01
9.155780038713994262e-01
9.140036649449987394e-01
9.137851337229788706e-01
9.148769909311151860e-01
9.151328878242788178e-01
9.140121926838233879e-01
9.155883233870780735e-01
9.144606844069658180e-01
9.150497336865628384e-01
9.140638434811618751e-01
9.140808116973115904e-01
9.148757780987107902e-01
9.146112826703856058e-01
9.147443403320849598e-01
9.150214670699676756e-01
9.149757667395794769e-01
9.151497301030848686e-01
9.140460853053282708e-01
9.139960184741889870e-01
9.148372512953630853e-01
9.150613503910940416e-01
9.141980252688122199e-01
9.139792954682861570e-01
9.150022078064447006e-01
9.149431281365747459e-01
9.157597210956553990e-01
9.142331917510433392e-01
9.138534555535592352e-01
9.143733144029435600e-01
9.147187023685512397e-01
9.134902320322856317e-01
9.141713953003397508e-01
9.142856851705323251e-01
9.149260948413433514e-01
9.145818573829226361e-01
9.141267730991171625e-01
9.145042712315791800e-01
9.145652420606356081e-01
9.145889131508528891e-01
9.155579286431836383e-01
9.147502088486372251e-01
9.146619563902782524e-01
9.146647358292141483e-01
9.140832932446207870e-01
9.142804266841727534e-01
9.151571949946261109e-01
9.143750968227215559e-01
9.146897485331810795e-01
9.141235117248376341e-01
9.138498707569908674e-01
9.146121612237048115e-01
9.149135030075951081e-01
9.165178528593647123e-01
9.155521540458428920e-01
9.145789680425535639e-01
9.138395738568096949e-01
9.154684913743504904e-01
9.140854148873088780e-01
9.155572696272000766e-01
9.150194654572453290e-01
9.150600757832096921e-01
9.141174351027390177e-01
9.135632354988347803e-01
9.143394572197658388e-01
9.152853352970755640e-01
9.146088506020778608e-01
9.137828311838611661e-01
9.151515260354101677e-01
9.145296501415860480e-01
9.141138275189943929e-01
9.142440883771449922e-01
9.147627225302843446e-01
9.153368344057539741e-01
9.146897971774505809e-01
9.142418685971087644e-01
9.155103397000186050e-01
9.137051101823661092e-01
9.149311389099739067e-01
9.157948527399150107e-01
9.146838379890419590e-01
9.142738831871746186e-01
9.137000872876233082e-01
9.146405482001285225e-01
