8.024660547954773904e-01
8.052345042811870357e-01
8.050137449711957105e-01
8.047613103774875487e-01
8.044958144115561538e-01
8.045916517033676607e-01
8.045844812501624643e-01
8.030764904993401565e-01
8.040847043446663900e-01
8.035428692521111582e-01
8.038303413461632685e-01
8.043239011716059039e-01
8.044624266500408627e-01
8.055267316999157323e-01
8.033710700056494458e-01
8.044371508003891336e-01
8.046542529418064804e-01
8.047864853748668557e-01
8.048400066499051819e-01
8.055459806027918113e-01
8.047033523584609105e-01
8.048944674947036138e-01
8.051280828457432204e-01
8.045790422758490879e-01
8.041831767788443219e-01
8.051073764866876203e-01
8.054835817529206743e-01
8.042847819015803701e-01
8.050000365725704654e-01
8.046255147898545568e-01
8.041236192326125520e-01
8.045832515804192120e-01
8.045017241356356985e-01
8.042185695445276394e-01
8.053677491876282124e-01
8.049894537679966877e-01
8.051448403518469688e-01
8.047302082145582069e-01
8.053323405058694373e-01
8.060051103782610582e-01
8.043546818947768795e-01
8.051472212869714706e-01
8.047496226176016343e-01
8.047765121026462243e-01
8.049533247648085199e-01
8.054460291972300734e-01
8.042031731778223058e-01
8.037228795485062971e-01
8.043338677318530028e-01
8.048011839445641247e-01
8.038322164433622241e-01
8.044358822827664124e-01
8.050288493913728693e-01
8.043626078758083775e-01
8.046672022693737159e-01
8.036210484193144765e-01
8.051694761166716674e-01
8.044100236667339754e-01
8.054824219882213976e-01
8.040520223033968961e-01
8.039442501297542343e-01
8.050598025502453403e-01
8.054320593392945149e-01
8.032679845084627068e-01
8.049561651160933584e-01
8.039794894360300370e-01
8.048285523459569601e-01
8.058400397248265401e-01
8.041510552302668646e-01
8.049374838255842768e-01
8.040902537825060925e-01
8.042832622445392765e-01
8.032322398769629057e-01
8.041306447394571677e-01
8.050560511089652760e-01
8.036475195823103990e-01
8.042956675255585886e-01
8.040872139916817041e-01
8.031042804764975118e-01
8.048466555934553623e-01
8.037177841036636794e-01
8.043373854945030654e-01
8.037014899925838396e-01
8.052165357781496668e-01
8.056974191070485070e-01
8.038171671685655495e-01
8.048397090614045624e-01
8.043753087022188497e-01
8.038023048207976196e-01
8.045740406364239039e-01
8.042339370579494329e-01
8.047881373390652904e-01
8.050751620895958416e-01
8.038204237669926977e-01
8.038940073599981639e-01
8.043881640672447819e-01
8.043342362044154648e-01
8.047308997796878138e-01
8.040736967461665774e-01
8.040421863356665977e-01
