2.938705699093015489e-01
2.961506224265121889e-01
2.959629246935481794e-01
2.958031917292199831e-01
2.957748736758603614e-01
2.959443258566314405e-01
2.969078708068100259e-01
2.976149188165177484e-01
2.968211023025344453e-01
2.963405613877288514e-01
2.968587476468490527e-01
2.965534839437276027e-01
2.957807530467956303e-01
2.966937216350508111e-01
2.965897126665854033e-01
2.966536695879282703e-01
2.956157163323125392e-01
2.959570595457932107e-01
2.961346442546943791e-01
2.971042121546688120e-01
2.966521101131066596e-01
2.960854681342255934e-01
2.958806012545061592e-01
2.967040904317002070e-01
2.959923980131047294e-01
2.978545856034507389e-01
2.969482139892477557e-01
2.965788848041056580e-01
2.967961087419137001e-01
2.970614262535171690e-01
2.965669668337347353e-01
2.968658513567538626e-01
2.962638247824141979e-01
2.960460963442655413e-01
2.963125342846549271e-01
2.967604562145383928e-01
2.963315630047262950e-01
2.963558270345923451e-01
2.963825962282441440e-01
2.960310711347174939e-01
2.973244279626818254e-01
2.967845573581325835e-01
2.958205708139757251e-01
2.968289788580617539e-01
2.959587664249523908e-01
2.963273048382014663e-01
2.965474428620291647e-01
2.966928699631937727e-01
2.963608585454678979e-01
2.955742951078340064e-01
2.967084088714493362e-01
2.962528190632446323e-01
2.972982527659326357e-01
2.972165902917176528e-01
2.953832358007857373e-01
2.972326002662343258e-01
2.960529998186707257e-01
2.961605868569787692e-01
2.952869831256326738e-01
2.960059823466206219e-01
2.969722041954712677e-01
2.960346759680202444e-01
2.967858818043630498e-01
2.964502516545217681e-01
2.960481919740106105e-01
2.971437933935384135e-01
2.964902505863493132e-01
2.969008161382221678e-01
2.970727671132323833e-01
2.965479301045776395e-01
2.955241685830699572e-01
2.954480205960479666e-01
2.950889745217478155e-01
2.952100064949674807e-01
2.958127332188472680e-01
2.954578201990996078e-01
2.959882409535583569e-01
2.967449556038481706e-01
2.958988304519455381e-01
2.956906801003746366e-01
2.960792738182967954e-01
2.959194537080069853e-01
2.973754117862661417e-01
2.968239807996644886e-01
2.965879913995517203e-01
2.966855712749312257e-01
2.968944897366043723e-01
2.975312160388395855e-01
2.966982034685843872e-01
2.960413924224586379e-01
2.969572246853044439e-01
2.961770865625883431e-01
2.961676288843612670e-01
2.974778986695539307e-01
2.970168565672431926e-01
2.973255217107118042e-01
2.958475295260885041e-01
2.960483542666394463e-01
2.977315449133237091e-01
2.967040770972837471e-01
