9.830476150931640733e-01
9.833905437190149090e-01
9.836871652805684318e-01
9.842090059880714836e-01
9.842061974459370699e-01
9.831353931005532010e-01
9.833527973929774291e-01
9.827427029324629082e-01
9.836918896528232814e-01
9.839519659266180440e-01
9.841853442719965539e-01
9.842706223296098234e-01
9.833064071271294670e-01
9.845932624430826507e-01
9.839522280764485540e-01
9.836395875428252111e-01
9.843900036307142720e-01
9.827965591685063895e-01
9.837574951649074029e-01
9.842324654084928515e-01
9.830599584116421763e-01
9.844201986418352757e-01
9.825089309138368421e-01
9.838935467750354880e-01
9.848346271873777980e-01
9.836237494155690708e-01
9.839812198446071800e-01
9.834949215142176904e-01
9.836096593406478128e-01
9.839574769815030431e-01
9.828494240406995264e-01
9.834272478184614696e-01
9.844079022098571885e-01
9.835990201022841717e-01
9.843523955779093226e-01
9.840882341271071088e-01
9.849396599445079392e-01
9.836157210515039662e-01
9.829260710696956505e-01
9.841141192402775850e-01
9.838376654581904024e-01
9.840207428433919157e-01
9.832175587057372379e-01
9.838070219817348638e-01
9.831806931883191325e-01
9.832530982492538874e-01
9.838517248711773355e-01
9.848880081123310148e-01
9.841401491063159757e-01
9.828724839162840121e-01
9.838293221999636629e-01
9.835714205433916391e-01
9.841685695417707880e-01
9.826899764315731867e-01
9.844012001335578077e-01
9.838123281242350249e-01
9.833007419071603250e-01
9.838922683390946000e-01
9.833882409597373142e-01
9.839085328925580853e-01
9.838938292859346069e-01
9.838060603314418007e-01
9.831120405444924160e-01
9.839747634448758884e-01
9.844038998317656830e-01
9.835597040663764945e-01
9.841611358486450634e-01
9.839133659714094371e-01
9.834826183522692444e-01
9.832651939339160929e-01
9.834409157083568997e-01
9.824184265318691711e-01
9.827965462077230541e-01
9.836180446468757443e-01
9.839023059048728204e-01
9.834378840571806890e-01
9.834930000713906217e-01
9.840727682155580025e-01
9.830071049916966341e-01
9.821344369995161916e-01
9.835295277902051936e-01
9.841558412340305484e-01
9.827496457785311890e-01
9.851625715947749384e-01
9.838645527123339729e-01
9.838642305448573877e-01
9.832354608999014367e-01
9.840583506777434986e-01
9.826384205165281660e-01
9.840891631892336733e-01
9.839371689303448854e-01
9.832012538510265243e-01
9.830422551761681671e-01
9.835632813327392920e-01
9.831017786524121060e-01
9.831548044719795598e-01
9.832601065835504528e-01
9.843015028370452058e-01
9.835488570156287746e-01
9.835291848328178155e-01
