6.523517172836015288e-01
6.555258600372584343e-01
6.553356309894675658e-01
6.559795840932347577e-01
6.557290169693745785e-01
6.560381498699239256e-01
6.548404370955065446e-01
6.557073960945101199e-01
6.552693603494414987e-01
6.550423063066852514e-01
6.557799552176042379e-01
6.551077457120177971e-01
6.567602590389141071e-01
6.570568933636368181e-01
6.553974868917737950e-01
6.547899541346450247e-01
6.553635441508041115e-01
6.551974574349874736e-01
6.567325339605816215e-01
6.551385529982078904e-01
6.573725842870093983e-01
6.546102593206984954e-01
6.565572146692395528e-01
6.564376127634597990e-01
6.548616603453063512e-01
6.553785255630495410e-01
6.551258613556454335e-01
6.565530203635407958e-01
6.565306641823350775e-01
6.554817175719007682e-01
6.563214191400689179e-01
6.558785730399849800e-01
6.563071946424876568e-01
6.549284146715634858e-01
6.562503997272939316e-01
6.552958026769868383e-01
6.549034200045126264e-01
6.562790467033858821e-01
6.540573939433702577e-01
6.546743588554959636e-01
6.570012694544790088e-01
6.548025274514326366e-01
6.546075064748115846e-01
6.552598067538543125e-01
6.560841251551512432e-01
6.573009900276443052e-01
6.561092519312270444e-01
6.550996114709985996e-01
6.550068403557910424e-01
6.550983332394049174e-01
6.557125378162000917e-01
6.550097593760857428e-01
6.545713246990081391e-01
6.556085749522946315e-01
6.553872868369553517e-01
6.552744501868319471e-01
6.539071402768472652e-01
6.543438435308511769e-01
6.561974891913044949e-01
6.556818654407148284e-01
6.556797558318430141e-01
6.551235968069326621e-01
6.569414700315820976e-01
6.568317430766923426e-01
6.557551013006119867e-01
6.566018278524317076e-01
6.549509848489603048e-01
6.557732242175793314e-01
6.558476539515120107e-01
6.553363896162092139e-01
6.551131537857957099e-01
6.551478338582462646e-01
6.558529389406861920e-01
6.549997444747610587e-01
6.553888225379238541e-01
6.558772298365433961e-01
6.548824082169616423e-01
6.549838048386416034e-01
6.556297312218831719e-01
6.559957992555358608e-01
6.558919376781515709e-01
6.554754323687197459e-01
6.545294220484839665e-01
6.561440188885767633e-01
6.556445119360451157e-01
6.559059378812118757e-01
6.560051319966795358e-01
6.564877619918003671e-01
6.549798038514125231e-01
6.553706115806230414e-01
6.548941039849545120e-01
6.558744404729195399e-01
6.550852446144062036e-01
6.556552629782413932e-01
6.550571033007461796e-01
6.556231446845660615e-01
6.555536819556713191e-01
6.548267209278418877e-01
6.558723874599552417e-01
6.558630900845124900e-01
