1.789964649587016399e-01
1.796323348333517811e-01
1.791951103701572845e-01
1.802162242663547520e-01
1.807339735913929268e-01
1.804103339400239259e-01
1.798853103122908803e-01
1.793391489954739848e-01
1.804856046779947376e-01
1.803806399457703880e-01
1.800006138600671601e-01
1.805529669328683473e-01
1.806761622019307512e-01
1.804754018970528284e-01
1.807960247000783283e-01
1.814625135015129342e-01
1.795098778457737687e-01
1.790238594690041207e-01
1.800730434189996287e-01
1.807199448697074384e-01
1.815399336846186817e-01
1.795838680372875695e-01
1.795257640121260267e-01
1.803699649179349995e-01
1.789721866655983040e-01
1.801706326582030449e-01
1.809697947625186487e-01
1.805999094329583943e-01
1.802021971986773885e-01
1.796831018424967508e-01
1.802750213138814006e-01
1.800371041132654837e-01
1.786203120589323068e-01
1.799158229213065063e-01
1.803358781695634239e-01
1.802154782589304727e-01
1.809151642523675885e-01
1.801886175387773237e-01
1.807523809576234153e-01
1.807504008377127103e-01
1.794406673023505872e-01
1.797753511512863445e-01
1.803920600111533490e-01
1.792330021838164922e-01
1.792252299122762127e-01
1.811585250421013649e-01
1.794324460147828926e-01
1.813508296999830349e-01
1.793374550400956002e-01
1.799887124256565607e-01
1.804259274183150907e-01
1.795750348958200515e-01
1.790626867233994779e-01
1.792771817988561278e-01
1.794229010747433184e-01
1.804361809219597879e-01
1.796284413062813334e-01
1.791855590803575760e-01
1.786634372106942203e-01
1.796950282566975587e-01
1.800978920676281347e-01
1.796838882152833605e-01
1.809510925161918471e-01
1.798124094732482525e-01
1.804652848367684081e-01
1.795238945707168798e-01
1.793378419618208430e-01
1.786349068338986545e-01
1.796571290089903072e-01
1.797301473306723296e-01
1.797435330224285699e-01
1.800350779733951856e-01
1.802405282902282135e-01
1.805917642874363960e-01
1.804180825019979229e-01
1.808855506543450009e-01
1.802692180742100636e-01
1.790897557105353699e-01
1.810170254416676450e-01
1.797887934694556988e-01
1.796661713319047116e-01
1.807097640156083984e-01
1.797293597206633120e-01
1.802183698873162654e-01
1.794849231977498349e-01
1.791617592624978328e-01
1.799899139101393541e-01
1.806110700734357422e-01
1.804715537006548187e-01
1.803643034053526439e-01
1.798279310489455940e-01
1.798587052535724484e-01
1.797169436313155455e-01
1.796822484934704756e-01
1.788543195423306920e-01
1.786086781479520602e-01
1.795549726849306471e-01
1.793387939567155920e-01
1.797086344468203367e-01
1.796880223397803178e-01
