     7.23751e-07      1.46799e-07      1.56838e-07 0
     5.04361e-07       4.3457e-08       3.6343e-07 0
7.650740000000001e-08      2.41395e-07 5.895890000000001e-07 0
     2.58985e-07      4.06874e-08      5.48199e-07 0
      1.1713e-07       5.2652e-08      7.23971e-07 0
     8.34871e-07      8.01432e-08      9.58242e-08 0
     8.73722e-07      1.12961e-07       6.1906e-07 0
     3.91802e-07      2.01002e-07      2.78095e-07 0
     8.18685e-07      1.47303e-07      3.95616e-07 0
      6.6167e-07      1.88467e-07      9.90383e-07 0
      6.5368e-07      1.89055e-07      1.84766e-07 0
     1.14352e-06      2.10756e-07      8.36202e-07 0
     1.63733e-08      1.34848e-07      1.02772e-06 0
8.411409999999999e-07      1.88302e-07      2.29504e-07 0
     1.13371e-06      2.32227e-07      1.12358e-06 0
     2.16112e-07       1.0884e-07      2.52917e-07 0
     4.29823e-07       5.9773e-08      6.49345e-07 0
     9.28321e-07       1.8033e-07      1.09819e-06 0
     4.16094e-07      5.52157e-08      8.79948e-07 0
     4.56739e-07      2.10091e-07      1.13044e-07 0
     4.13515e-07       1.2273e-07      1.40467e-07 0
     7.56513e-07      9.95182e-08      9.26404e-07 0
     8.79055e-07      1.55526e-07      7.87653e-07 0
     6.49055e-08      9.70793e-08        6.524e-07 0
     1.19534e-06      2.12238e-07      2.23051e-07 0
7.331970000000001e-07      2.37445e-07      6.61448e-07 0
     7.34666e-07      2.56684e-07      3.09561e-07 0
     3.36118e-07      2.02855e-07      3.75495e-07 0
     3.38766e-07      2.42515e-07      1.01835e-06 0
      4.9587e-07      2.49147e-07      7.67351e-07 0
     4.30033e-07      2.14246e-07      1.10487e-06 0
     6.31721e-07      1.53635e-07      5.97442e-07 0
      5.9516e-07        1.673e-07       1.1656e-06 0
     4.91262e-07      1.58895e-07      1.83457e-07 0
     1.25835e-07        5.084e-08      9.04686e-07 0
     2.02944e-07      1.40007e-07      7.84692e-08 0
     4.31435e-07      2.29536e-07      3.84927e-07 0
      6.0485e-07      1.01623e-07      9.06586e-07 0
     1.99392e-07      1.31205e-07      3.43181e-07 0
     1.90008e-07      1.22812e-07      4.35973e-07 0
     1.04517e-06      2.31931e-07       9.7074e-08 0
     1.05921e-07      9.79865e-08      3.51817e-07 0
     7.87571e-07      1.58053e-07       8.1544e-07 0
     6.85039e-07      2.49051e-07      4.42503e-07 0
     4.05523e-07      7.28808e-08      9.79237e-07 0
     3.56789e-07      2.10842e-07      5.32977e-07 0
     7.01012e-07      2.48107e-07      7.63115e-07 0
     2.46332e-07      1.08744e-07      6.62203e-07 0
     4.17119e-07      8.10556e-08      5.03906e-08 0
      2.5276e-07 6.515579999999999e-08      9.23663e-08 0
     5.09591e-09      1.94174e-07      3.80888e-07 0
     2.04282e-07      2.45085e-07      4.36661e-07 0
     3.97367e-07       1.6506e-07      1.03672e-06 0
     3.61722e-07      1.08673e-07      3.30241e-07 0
     6.23459e-07      1.50448e-07      8.26243e-07 0
     1.05704e-06 9.859409999999999e-08      1.18415e-06 0
     1.11531e-06       5.4211e-08      1.04451e-07 0
     5.43424e-07 9.106630000000001e-08      4.49305e-07 0
     7.76115e-07      5.56337e-08      6.36036e-07 0
     6.83744e-07      7.78052e-08      2.49859e-07 0
      9.0708e-07      2.07155e-07      4.97787e-07 0
     6.03367e-07      2.01125e-07      4.30407e-07 0
     9.03099e-07       9.9549e-08       1.9205e-07 0
      8.0559e-07 8.477210000000001e-08      5.10223e-07 0
8.825970000000001e-07      2.18258e-07      1.19337e-06 0
     8.83063e-07      1.36823e-07      6.30899e-08 0
     5.13272e-07      1.91197e-07      2.79013e-07 0
     1.05061e-06      9.98314e-08      1.28763e-07 0
     1.11917e-06      9.00962e-08      4.35737e-07 0
     1.12095e-08      2.25097e-07      5.19412e-07 0
     3.71558e-07       1.3584e-07      1.16982e-06 0
      5.4784e-07      1.31077e-07      3.34325e-07 0
     6.56074e-07      1.94294e-07      5.29176e-07 0
     1.48842e-07      1.18904e-07      6.30994e-07 0
     9.77845e-07      2.53815e-07      5.88927e-07 0
      2.4854e-07      4.47012e-08      8.29242e-07 0
     4.96455e-07      1.52772e-07      1.16291e-06 0
     2.85006e-07        2.338e-07      2.79465e-07 0
     1.15387e-06      1.15495e-07      6.37046e-07 0
     5.65495e-07      2.04048e-07 9.645179999999999e-07 0
     1.05715e-06      8.43179e-08      1.02728e-06 0
      1.0838e-06      2.42514e-07      2.25566e-07 0
     8.96931e-08      1.57148e-07      1.08725e-06 0
     3.31699e-07      1.40114e-07      5.97097e-07 0
      9.0457e-07      1.30592e-07      8.86081e-07 0
     1.11403e-06      1.60598e-07      1.99953e-08 0
     3.98467e-07       1.5879e-07      4.16308e-07 0
      7.2621e-07      1.22748e-07      1.66247e-08 0
7.584359999999999e-09      4.28017e-08      3.67326e-07 0
9.555020000000001e-07      4.10186e-08      1.22411e-07 0
     8.10123e-07      1.75584e-07      1.17041e-06 0
     7.94609e-07      1.98182e-07      4.86411e-07 0
     6.16993e-07       1.1052e-07      1.21757e-07 0
     7.41387e-07      2.37241e-07      1.01193e-07 0
     2.59273e-07      8.98341e-08      1.19918e-06 0
     5.12476e-07       2.3982e-07      6.48209e-07 0
     1.10493e-06      2.47716e-07      3.47332e-07 0
      1.0202e-06      2.46762e-07      8.83608e-07 0
     8.48101e-07      2.54703e-07      7.19668e-07 0
     1.92287e-07      2.29203e-07      1.05851e-06 0
     6.35277e-07      2.33839e-07 9.308090000000001e-08 0
     3.50833e-07      1.41172e-07      2.23496e-07 0
     4.81853e-07      1.55962e-07 9.625009999999999e-07 0
     4.76702e-07      2.21959e-07      5.02183e-07 0
     1.19723e-06      1.18801e-07      8.91947e-07 0
      5.9729e-07      1.46841e-07      7.47521e-07 0
     2.40358e-07       4.9187e-08      1.08146e-06 0
     8.19102e-07      9.11704e-08      7.79662e-07 0
     7.90984e-07      1.53193e-07      6.13518e-07 0
     6.76249e-07      2.54922e-07      1.04744e-06 0
     2.25352e-08      7.69285e-08      4.99502e-07 0
     2.58333e-07      2.56637e-07      3.71481e-07 0
8.056800000000001e-07       2.0055e-07 9.999280000000001e-07 0
     1.21068e-07      1.47488e-07      8.17248e-07 0
     3.37402e-07      1.26662e-07       9.4867e-07 0
9.634749999999999e-07      2.22254e-07 7.800269999999999e-07 0
     2.70106e-07      2.45708e-07      6.57899e-08 0
     9.22524e-07      2.38762e-07      3.96422e-07 0
      1.0842e-06      2.07489e-07      5.84565e-07 0
      9.4264e-07      7.65816e-08      4.85646e-07 0
     6.56152e-07      4.66663e-08      3.53037e-08 0
     1.36416e-07      2.32274e-07       8.2274e-07 0
     1.08873e-06      1.52239e-07      3.55614e-07 0
     5.78522e-07      1.30588e-07      1.90437e-07 0
7.450529999999999e-08      4.31472e-08      1.62281e-08 0
     1.06548e-06      1.62829e-07      7.12277e-07 0
     6.14357e-07      6.62456e-08      6.12316e-07 0
     1.10697e-06      2.19274e-07      1.03621e-06 0
     6.52321e-07      7.03377e-08      6.90557e-07 0
     8.54469e-07      1.33214e-07      1.02433e-06 0
     6.91636e-07      2.42021e-07      1.17273e-06 0
     6.45412e-07      7.41956e-08      4.88535e-07 0
     1.02444e-06      1.86402e-07      1.19111e-06 0
     1.27868e-07 9.094000000000001e-08      1.15567e-06 0
     1.79356e-07      1.14398e-07      1.76463e-07 0
9.491340000000001e-08      1.88096e-07       1.1616e-06 0
     1.41664e-07      1.44243e-07 9.684609999999999e-07 0
     2.33468e-07      2.46839e-07      1.15019e-06 0
     3.46983e-07      9.16773e-08      6.61117e-07 0
     7.69145e-07 6.609100000000001e-08      2.28598e-07 0
     9.85486e-07      4.90733e-08      1.18027e-06 0
      1.4668e-07      2.09438e-07      6.98489e-07 0
     1.07995e-07      1.16028e-07      5.32428e-07 0
     9.76618e-07       5.3765e-08      2.13871e-07 0
      1.1296e-06      1.31918e-07      5.04741e-07 0
     3.75337e-07       4.6324e-08      7.86424e-07 0
9.633599999999999e-07       7.6239e-08      7.48581e-07 0
     2.18809e-07      2.51734e-07      6.91551e-07 0
     3.26987e-07       2.1299e-07      8.89603e-07 0
     1.09941e-07      1.95749e-07      1.67645e-07 0
     1.01301e-06      7.50711e-08      1.10539e-06 0
     3.08901e-07      1.20082e-07      5.17269e-07 0
     1.73482e-07      2.38578e-07      5.61519e-07 0
     2.65053e-07      7.72144e-08      4.03659e-07 0
     3.91425e-07      2.12648e-07      4.43303e-08 0
     1.11178e-06      7.97784e-08      1.89477e-07 0
     3.11872e-07      1.76472e-07      7.90282e-07 0
5.579829999999999e-07      1.75654e-07 8.925559999999999e-08 0
     9.14376e-07      2.16108e-07      1.86545e-07 0
     5.63479e-08      6.35826e-08      9.42772e-07 0
     6.49838e-07      2.10279e-07      7.13278e-07 0
     6.05197e-08      2.24618e-07       1.0094e-06 0
     4.60166e-07      1.15828e-07      5.23814e-07 0
9.795140000000001e-07      4.68116e-08       6.2868e-07 0
     2.67479e-07      4.85781e-08      7.16934e-07 0
     1.00195e-08      2.24825e-07      7.06855e-08 0
     6.75336e-07      2.57369e-07      5.83599e-07 0
     2.22712e-07      1.81367e-07      5.96507e-07 0
     3.75472e-07      4.86645e-08      5.52451e-07 0
     4.77137e-07      2.39067e-07      9.45169e-07 0
      8.5904e-07      1.70261e-07      9.47505e-07 0
     6.75484e-07      7.11923e-08      1.11607e-06 0
     1.14479e-06      4.76006e-08      1.02392e-06 0
     1.10412e-06      2.43697e-07      4.74385e-07 0
7.863980000000001e-07      2.06306e-07      7.38191e-07 0
      3.9044e-07       1.8851e-07      9.37982e-07 0
     1.12028e-06      1.74449e-07      9.06132e-07 0
     1.01865e-06      2.50343e-07      4.46602e-07 0
     3.07375e-07      8.72118e-08      8.74084e-07 0
     1.60363e-07      2.52969e-07      7.18792e-08 0
     2.93405e-07      1.02745e-07      1.65832e-07 0
     3.60303e-08       2.2159e-07      7.61568e-07 0
8.443859999999999e-07      4.31304e-08      1.07905e-06 0
     4.46076e-07      1.37229e-07      7.94879e-07 0
     8.63612e-07      2.39362e-07      8.36525e-07 0
     7.52434e-07      2.05473e-07      3.69107e-07 0
     7.58215e-07      4.13575e-08      1.02317e-06 0
     1.12675e-06       1.7763e-07        2.845e-07 0
     1.18221e-06 6.887539999999999e-08      7.10528e-07 0
      4.4855e-07      1.44068e-07 6.397789999999999e-07 0
      9.4077e-07      6.85417e-08      1.04829e-06 0
     2.02897e-07      2.37884e-07      1.79651e-07 0
     9.25372e-07 6.073889999999999e-08      9.38177e-07 0
     3.01122e-07      2.43601e-07      5.81675e-07 0
     8.30339e-08      1.33843e-07      1.23713e-07 0
     5.37866e-07      1.86962e-07      7.07109e-07 0
     1.61426e-07      1.86737e-07      4.89668e-07 0
     7.68597e-08      1.81462e-07      4.90911e-07 0
     5.31913e-07      2.24797e-07      1.06344e-06 0
     2.31642e-07      2.03416e-07      7.54501e-07 0
     1.11278e-06      5.18001e-08      3.60736e-07 0
     1.49703e-09      1.15001e-07      1.70055e-08 0
     5.35031e-07      2.59145e-07      1.17708e-06 0
     8.71959e-07      1.12293e-07      3.39865e-07 0
     4.89581e-07       4.6632e-08      1.12896e-07 0
     5.72605e-07      5.67537e-08      1.08197e-06 0
     1.51767e-07      1.64537e-07      8.89522e-07 0
     3.82309e-07      2.08018e-07      1.70858e-07 0
     8.47043e-07      1.87249e-07      3.19909e-07 0
     1.19984e-06      1.90852e-07 6.503270000000001e-07 0
     1.08837e-06      2.48436e-07      7.87156e-07 0
     1.05557e-06 7.852469999999999e-08      7.40374e-07 0
     8.39717e-07      9.26278e-08      2.63691e-07 0
      5.1924e-07      7.15986e-08      7.58492e-07 0
     5.57544e-07      2.53032e-07      1.45035e-07 0
     1.49216e-07      2.05969e-07      2.57979e-07 0
     5.94423e-07      4.65101e-08      2.83564e-07 0
9.850169999999999e-07      6.11739e-08      4.10319e-07 0
      4.1363e-07 8.568239999999999e-08      1.07521e-06 0
9.954560000000001e-07      4.45045e-08      2.92828e-07 0
     7.10798e-07       2.4537e-07      9.15601e-07 0
     1.03369e-06      1.03128e-07      5.04786e-07 0
     6.53749e-07      1.89957e-07      3.38705e-07 0
     1.18699e-06      1.88527e-07      9.49729e-07 0
     1.45648e-07      5.50418e-08      1.13301e-07 0
     8.33181e-07      6.39028e-08      9.35154e-07 0
      6.5688e-08      1.55404e-07      2.50487e-07 0
       1.131e-06      1.18602e-07      8.39376e-07 0
     7.40245e-07      2.46765e-07      2.05292e-07 0
     1.18794e-06      1.21406e-07      2.61784e-07 0
      2.7886e-07      2.56214e-07      1.07576e-06 0
     7.25134e-07      1.61955e-07       2.9317e-07 0
     4.27294e-07      2.18409e-07      8.38629e-07 0
     4.32104e-07      4.27574e-08      4.47141e-07 0
     6.29904e-07      1.27056e-07      4.12071e-07 0
     8.21408e-08       2.5308e-07       3.7686e-07 0
      8.9065e-07      1.29696e-07      6.98161e-07 0
7.262660000000001e-07       1.1438e-07      7.38592e-07 0
      2.1234e-07      1.00889e-07      9.51047e-07 0
     5.42014e-07      1.35309e-07      6.14101e-07 0
     1.02384e-06      2.43506e-07      6.69639e-07 0
7.689380000000001e-07      4.07962e-08       1.1595e-06 0
     8.65332e-08      4.69076e-08      2.00992e-07 0
      1.1855e-06      1.49259e-07      1.47423e-07 0
     3.55624e-07       1.9583e-07      7.10453e-07 0
     9.07881e-08 7.132880000000001e-08       4.3066e-07 0
     9.09813e-07      7.80331e-08      1.12249e-06 0
     1.09701e-06      4.38184e-08      6.11877e-07 0
     1.05432e-06      4.70805e-08      9.18768e-07 0
     8.62379e-07      9.05992e-08      4.40901e-07 0
     4.80296e-08 9.131570000000001e-08      7.56043e-07 0
     8.22337e-07      2.44367e-07      6.23116e-07 0
     8.26484e-07      2.49947e-07      9.27458e-07 0
     7.53258e-07      4.55284e-08      3.60778e-07 0
     8.09066e-07      2.05694e-07      1.09498e-06 0
9.941970000000001e-07      1.38985e-07       2.2954e-07 0
     9.23847e-07      7.99471e-08      2.72744e-07 0
     5.59424e-07      1.87151e-07      5.40742e-07 0
     1.11045e-06       2.5275e-07      6.55385e-07 0
     1.08722e-06      7.85869e-08      2.70042e-07 0
     3.47157e-08      2.57151e-07      9.27777e-07 0
     1.03657e-06      1.57115e-07       4.2759e-07 0
