0.01462  0.00144  0.00119 -0.88688 0.07264 0.63855 0
0.01597  0.01982  0.01416 0.02828 -0.88713 -0.70391 0
0.01662  0.00297  0.01301 -0.78057 -1.66845 -1.26030 0
0.01809  0.00673  0.01920 0.14231 -0.45673 -0.14014 0
0.01873  0.01187  0.01914 2.23554 -0.27851 0.74807 0
0.00760  0.00599  0.01573 -0.07057 3.03564 0.50115 0
0.00295  0.01588  0.00350 0.11265 -1.90243 1.39158 0
0.00117  0.01073  0.01858 -0.21852 -0.16421 -0.96652 0
0.00193  0.00316  0.00404 0.72316 0.67722 1.49902 0
0.01265  0.01551  0.00811 -0.94178 -1.25967 -1.08279 0
0.00961  0.00032  0.00455 -1.13749 -0.47598 0.56032 0
0.00293  0.01613  0.01665 1.64029 1.71181 0.29478 0
0.00081  0.00159  0.00689 0.98304 -2.10032 -0.49733 0
0.00097  0.00521  0.01211 -0.30502 0.38832 0.07528 0
0.01225  0.00879  0.00307 -3.85920 0.79142 0.75719 0
0.00274  0.01054  0.01873 0.74111 0.09108 0.95141 0
0.00557  0.01307  0.01387 0.45307 -0.06473 -0.39726 0
0.00083  0.01502  0.00723 0.18592 1.43272 0.12094 0
0.01199  0.00570  0.00106 0.89975 0.85869 0.09490 0
0.00708  0.00120  0.01191 0.21498 0.20822 0.34027 0
0.01293  0.00115  0.01350 -1.49186 0.59094 1.43951 0
0.00208  0.01311  0.01723 -0.41014 0.80044 0.06691 0
0.00977  0.01155  0.01121 -0.45079 1.95593 0.74305 0
0.01734  0.01904  0.01571 -1.23344 -0.16421 0.99258 0
0.01044  0.00527  0.01260 -1.07290 0.96119 -1.12060 0
0.00835  0.00245  0.00233 0.18587 -0.14008 1.64679 0
0.00417  0.01607  0.00424 0.97407 0.74512 0.69535 0
0.01810  0.00572  0.00805 -0.61008 1.59122 -0.10032 0
0.00234  0.01458  0.01329 0.41701 1.29514 -0.36871 0
0.00176  0.01440  0.00425 -1.09642 0.51821 0.13586 0
0.01820  0.00459  0.00149 0.50752 0.75237 0.24955 0
0.00588  0.00445  0.01722 0.68050 1.81905 -0.04194 0
0.01448  0.00657  0.00159 0.48326 1.23325 -1.40040 0
0.00079  0.00198  0.01704 -0.81904 0.41829 -0.54585 0
0.00078  0.01547  0.00505 -1.28563 -0.52516 1.23699 0
0.00567  0.01736  0.01789 0.56294 0.87114 -1.31749 0
0.00954  0.00062  0.00252 0.37810 -0.45192 -0.34561 0
0.01410  0.01810  0.00994 1.34223 1.14916 -2.12432 0
0.00565  0.01991  0.00494 0.28854 -0.10344 1.04666 0
0.00719  0.00844  0.00101 -1.50588 -0.76467 -1.52695 0
0.01455  0.00944  0.00429 1.81430 -0.24081 -0.02507 0
0.01908  0.01342  0.01419 1.25894 -1.20840 0.67804 0
0.00790  0.01009  0.01117 0.16525 -0.16082 0.31273 0
0.00450  0.00151  0.00191 -2.54386 0.35976 1.74410 0
0.01016  0.01189  0.01558 -1.03749 -0.72461 0.88626 0
0.01114  0.01279  0.01232 0.96271 -2.07682 -0.09248 0
0.00567  0.01038  0.00406 1.45902 0.17988 0.46768 0
0.00441  0.01734  0.00056 -0.10389 -0.63264 -0.45923 0
0.01085  0.00094  0.00560 -1.01775 -0.06304 -1.75566 0
0.01451  0.01428  0.01146 1.13803 -0.17853 -0.73019 0
0.01864  0.00515  0.00300 -1.34649 0.70738 0.77670 0
0.01630  0.01780  0.00144 -1.16730 -0.75446 -1.12396 0
0.00933  0.00232  0.01496 -0.22986 0.83688 -0.36789 0
0.01327  0.00045  0.01824 -0.40581 0.26968 -1.39382 0
0.00573  0.00214  0.00650 -0.38281 -2.02503 1.43311 0
0.01981  0.00071  0.01078 -0.33946 -0.05560 1.08166 0
0.00830  0.01256  0.00851 -0.11110 0.29263 -1.29045 0
0.00315  0.00025  0.01227 -0.96746 0.98426 -1.97450 0
0.01611  0.00654  0.00917 -0.71497 0.63962 0.63821 0
0.00044  0.01943  0.00144 -0.03131 -0.24537 1.98456 0
0.00038  0.01285  0.00741 -0.37067 0.32353 1.63489 0
0.00127  0.01156  0.00402 -0.88129 -0.94645 -0.23666 0
0.00218  0.01621  0.00452 0.04854 1.22158 1.65662 0
0.01644  0.00605  0.01236 0.24628 -0.58057 -0.03688 0
0.01599  0.01471  0.01841 0.43163 -2.26859 0.05815 0
0.01903  0.01515  0.01901 1.10717 -0.16840 -0.83255 0
0.01483  0.01405  0.00093 0.36422 -0.04952 1.09977 0
0.01458  0.01600  0.01030 -0.13240 -0.55819 0.49890 0
0.01299  0.01495  0.01117 0.49358 -1.34270 0.34657 0
0.00058  0.00681  0.01033 0.77202 -1.81336 0.29988 0
0.01454  0.00587  0.00863 -2.08150 -0.71481 -0.11177 0
0.00504  0.01216  0.01072 -1.09913 -0.35419 -0.18481 0
0.01641  0.00705  0.01886 -0.16988 0.91134 0.08237 0
0.01571  0.01189  0.00147 -0.14908 0.26509 -0.40715 0
0.00112  0.01710  0.01560 0.76441 0.88545 -0.00375 0
0.01892  0.01313  0.01822 -0.94443 0.06043 0.21823 0
0.01075  0.00425  0.01560 0.55881 0.92033 1.42944 0
0.00063  0.00293  0.01148 0.22308 -1.24343 0.74523 0
0.01735  0.01011  0.01235 1.74810 0.03577 0.75997 0
0.00811  0.01738  0.01451 0.93755 1.17153 2.07101 0
0.01472  0.01189  0.01436 -1.51919 -0.72311 -1.30643 0
0.00869  0.00463  0.00986 0.71712 0.04773 -0.19129 0
0.01072  0.00969  0.00957 0.27509 -0.36246 -1.17837 0
0.01531  0.00099  0.00522 1.19626 -0.00794 -0.90505 0
0.00610  0.01399  0.00504 1.93939 0.75560 -0.65381 0
0.01245  0.01623  0.01376 0.93378 -0.58119 -0.01831 0
0.01497  0.01537  0.00009 -1.01328 0.80309 -0.25551 0
0.01994  0.01365  0.01823 -0.83584 -0.49472 -0.86388 0
0.01029  0.01231  0.00944 0.70764 0.74072 -0.24052 0
0.01845  0.01392  0.01078 0.29349 0.14529 0.02844 0
0.00990  0.00769  0.00389 -0.38841 -0.71115 0.65964 0
0.01119  0.01243  0.01890 1.12214 0.15595 0.47071 0
0.01470  0.00736  0.01173 -0.15864 0.36202 0.24901 0
0.00349  0.01955  0.00008 -0.26877 0.70757 0.08685 0
0.01068  0.01001  0.00680 1.01545 0.08093 0.37605 0
0.00202  0.00334  0.01530 1.10055 0.06380 -1.21844 0
0.01762  0.00314  0.00853 -0.47357 -0.23410 0.17787 0
0.00063  0.01251  0.00329 0.53110 -0.05667 0.18913 0
0.00767  0.01886  0.00266 -0.28866 -0.66643 -0.23663 0
0.01207  0.01947  0.01056 -0.12956 -0.63270 -0.59809 0
0.00241  0.00590  0.01084 -1.77296 0.67244 0.74215 0
0.00177  0.01369  0.00588 -1.98157 0.34305 1.66775 0
0.00384  0.00445  0.00439 0.00051 -1.11824 1.53142 0
0.00607  0.01482  0.00942 -1.20472 0.53619 -1.31925 0
0.01520  0.00058  0.01115 -0.92555 -1.06407 -0.99439 0
0.01274  0.01620  0.01014 -0.76361 0.63208 0.69451 0
0.00307  0.01443  0.00610 -1.13714 0.77175 0.79602 0
0.01971  0.00014  0.01192 0.40928 0.11895 -0.72617 0
0.00134  0.01669  0.01088 0.37797 0.25420 0.93065 0
0.00900  0.01913  0.01374 0.26065 0.07254 -0.84019 0
0.01366  0.01287  0.00409 -0.80689 -2.24799 1.46144 0
0.01103  0.00047  0.00436 1.48697 0.51194 -0.01037 0
0.00555  0.01908  0.00300 0.08205 0.33041 0.52052 0
0.00473  0.01397  0.01877 1.32498 -0.72335 0.92426 0
0.00551  0.01886  0.00211 -0.16897 -1.19632 1.30114 0
0.01049  0.01445  0.01631 -1.91496 -0.62055 -1.14015 0
0.01855  0.00389  0.00045 -0.65748 -1.24537 -1.64877 0
0.00643  0.01422  0.00649 0.61284 -0.02437 -1.29787 0
0.01399  0.01738  0.00258 -1.54527 0.62964 0.98077 0
0.00705  0.00117  0.00531 -0.51736 -1.21088 -0.75471 0
0.01100  0.00015  0.01734 -1.81196 -0.81916 0.21216 0
0.00976  0.00099  0.01378 -1.36829 1.23594 0.41607 0
0.01558  0.00993  0.01793 0.29392 -0.07929 -1.59586 0
0.01932  0.00775  0.00724 -1.29259 0.42960 -2.15059 0
0.01149  0.00370  0.01569 -0.83348 -0.13964 -1.80444 0
0.00251  0.00796  0.00766 0.46481 3.08948 -0.83887 0
0.00401  0.01646  0.01432 1.57656 -0.39598 -0.36037 0
0.00431  0.00883  0.01761 -1.15536 0.28266 -0.75112 0
0.01683  0.00105  0.01660 -0.84876 1.26741 -2.05664 0
0.00413  0.00604  0.01955 0.41868 -0.65399 -0.52923 0
0.01640  0.00143  0.01298 -0.44644 0.96287 0.06609 0
0.01165  0.01888  0.01583 -0.74885 -1.42843 1.29398 0
0.01618  0.01820  0.00627 -0.60015 -1.28556 1.15574 0
0.01472  0.01697  0.00420 -0.33070 -1.34424 -0.80744 0
0.01548  0.00151  0.00104 1.51377 1.02625 0.38054 0
0.01413  0.01406  0.00093 -0.29732 1.31216 -0.75918 0
0.01670  0.01216  0.01974 0.12009 -0.59589 -0.62186 0
0.01275  0.01508  0.00745 -0.76072 -0.73774 -0.57778 0
0.01879  0.01250  0.00626 1.35573 0.51517 -0.88626 0
0.00004  0.01672  0.01026 -0.20642 1.92869 -0.69320 0
0.01978  0.01123  0.00802 -0.08912 1.35620 1.26521 0
0.01670  0.00096  0.01383 0.87431 -2.19195 -0.17158 0
0.00580  0.00438  0.00857 -0.37465 1.07380 0.73146 0
0.00028  0.00489  0.00627 -0.65304 0.36269 0.20637 0
0.01112  0.00518  0.00920 -0.78751 -0.59636 1.34141 0
0.00309  0.01963  0.01736 -0.08989 1.40955 -0.41592 0
0.00670  0.01346  0.01443 0.93884 0.86205 -1.20827 0
0.01375  0.01836  0.00068 -1.19749 -0.56297 -0.19139 0
0.00618  0.01904  0.00186 -1.34264 0.36358 0.42335 0
0.01525  0.00223  0.00429 -0.80238 0.49185 -0.84988 0
0.01806  0.00302  0.00495 0.52367 -0.47004 0.23076 0
0.00820  0.01914  0.00527 0.48069 -0.85286 0.72396 0
0.01111  0.01025  0.00014 -0.76741 -0.91039 -2.96685 0
0.00377  0.01581  0.00330 0.08002 1.29843 -1.11650 0
0.00070  0.00428  0.00130 -0.33200 -2.21749 -1.04947 0
0.01450  0.01260  0.00447 -0.82583 -0.31710 0.83060 0
0.01549  0.01753  0.01557 -3.10533 0.28798 1.89711 0
0.01118  0.01348  0.00625 1.35579 0.10809 0.59641 0
0.01989  0.00908  0.00874 -2.24795 -1.07065 0.57546 0
0.00484  0.01943  0.01922 0.53455 -1.60404 0.56156 0
0.01103  0.01017  0.01899 -0.81816 0.21824 -1.03106 0
0.01056  0.01669  0.00262 0.24795 1.03072 -0.34814 0
0.01792  0.01466  0.01024 -1.59149 -0.82515 -0.76172 0
0.00375  0.01783  0.00143 0.27807 0.74795 0.27736 0
0.00643  0.00129  0.01358 0.00015 0.39810 0.86676 0
0.00993  0.00266  0.01148 1.47464 0.57332 -0.83753 0
0.01320  0.00031  0.00859 -0.99879 -0.05924 0.85445 0
0.00245  0.00633  0.00520 -0.29787 0.66385 0.46514 0
0.01471  0.01224  0.00639 0.20985 0.17483 0.84053 0
0.01728  0.01482  0.00670 -1.19042 -0.51235 -0.63531 0
0.00165  0.01066  0.00939 0.13953 -1.20609 -1.31883 0
0.01326  0.00244  0.01078 -0.00709 -0.74242 -0.40661 0
0.00669  0.01844  0.01098 1.62589 0.37366 1.18271 0
0.00284  0.00794  0.00682 0.51240 -1.20521 0.57155 0
0.01309  0.01264  0.01488 0.99398 0.12126 -0.59015 0
0.01517  0.01294  0.01322 -0.31525 2.20241 -0.07928 0
0.01302  0.01342  0.00007 0.08387 2.00767 -0.91604 0
0.00002  0.00560  0.01762 1.14502 -0.71738 1.24105 0
0.01754  0.00732  0.00523 1.39446 -0.05030 -1.30073 0
0.00264  0.00966  0.00752 -0.98146 -0.30397 -1.24002 0
0.00202  0.01545  0.01123 0.98792 -1.07572 0.71708 0
0.01037  0.00084  0.00940 -0.25857 -0.79204 -0.82708 0
0.00333  0.00699  0.00460 0.81408 0.08318 -0.10498 0
0.00447  0.01284  0.01620 -0.16473 -0.37372 -0.71504 0
0.00943  0.01152  0.01260 -0.30582 0.68688 0.08073 0
0.00696  0.00981  0.01876 0.35007 -1.08870 -1.19207 0
0.00700  0.01970  0.01505 0.08889 -0.86874 -0.30462 0
0.01452  0.00962  0.01408 1.44145 0.13349 0.38475 0
0.01196  0.01330  0.00625 -0.42652 1.14093 1.05343 0
0.00877  0.00353  0.00097 -1.32826 -0.15367 0.52028 0
0.00531  0.00871  0.00340 -1.44345 0.50367 -0.20831 0
0.00470  0.00077  0.00740 0.82635 0.70225 0.77758 0
0.00274  0.01515  0.00307 0.21944 1.01948 -0.16162 0
0.01868  0.00001  0.00733 0.15305 -0.74231 0.79715 0
0.00883  0.00486  0.00405 0.81728 0.72562 0.16300 0
0.00728  0.01124  0.01245 -0.04511 0.44946 1.80128 0
0.00370  0.01735  0.00853 -1.11373 0.43838 0.25013 0
0.00810  0.00449  0.00948 -1.82872 -0.17789 0.94880 0
0.01232  0.01728  0.01000 0.78528 1.01132 -0.25638 0
0.00445  0.01418  0.00933 0.36898 -0.41876 0.16312 0
0.00908  0.00059  0.00612 -0.72133 -0.51981 -0.72865 0
0.00318  0.00614  0.01310 -2.03738 0.70788 -0.70444 0
0.01594  0.00486  0.01778 0.89762 -0.43268 1.40278 0
0.01042  0.00751  0.00017 0.48046 -0.10245 -1.35184 0
0.00465  0.00255  0.00164 -2.18052 1.15051 1.45374 0
0.00816  0.01192  0.00297 -0.21588 -0.02851 1.02742 0
0.00532  0.01462  0.00278 -1.19401 -0.80162 -1.41082 0
0.00849  0.00047  0.01010 -0.65270 -1.71342 0.53392 0
0.00533  0.01880  0.00298 -2.02959 0.41780 -3.23663 0
0.01430  0.01608  0.01499 -1.08377 -0.85467 -1.44334 0
0.01567  0.00985  0.01782 -0.06376 1.34521 1.31786 0
0.01930  0.00092  0.00035 1.11552 -2.04287 0.18536 0
0.01483  0.01717  0.01975 0.27488 -0.03911 -1.19963 0
0.01781  0.00306  0.01350 0.35577 0.32553 0.82515 0
0.00280  0.01286  0.00111 -0.22119 -0.72335 -0.32149 0
0.01013  0.00079  0.00142 0.88583 0.25451 -2.27490 0
0.01202  0.00322  0.00452 1.43755 0.16995 -0.46965 0
0.00170  0.00766  0.01692 0.64379 -1.08396 -0.65506 0
0.01859  0.01587  0.00567 0.12591 0.06774 0.17592 0
0.00215  0.00931  0.01774 -1.02903 1.69295 -1.51729 0
0.00768  0.01223  0.01140 1.48105 0.47317 1.66555 0
0.00491  0.00609  0.00763 1.97756 0.19127 -0.24928 0
0.00296  0.01552  0.00975 1.32789 0.69874 -0.80207 0
0.01609  0.01384  0.00179 1.08697 -1.50343 0.22283 0
0.01477  0.00818  0.01231 1.19281 -0.02518 0.49088 0
0.00660  0.00422  0.00547 -0.17504 -1.68866 0.80864 0
0.00562  0.01575  0.01957 1.23985 0.66969 0.51298 0
0.00025  0.00283  0.00185 -0.87657 0.65559 -1.13071 0
0.01329  0.00291  0.00994 -0.23617 0.73601 -0.26294 0
0.01214  0.00711  0.00918 0.40327 -0.95321 1.22160 0
0.00301  0.00023  0.01365 -1.30183 0.03182 -1.64548 0
0.00242  0.00021  0.01287 -0.86371 1.86868 -0.70148 0
0.00315  0.00976  0.00080 -0.22961 0.58184 -0.72945 0
0.01800  0.01671  0.01403 -0.13497 -0.39020 -1.67952 0
0.01568  0.00612  0.01574 -0.67751 2.00487 -1.40136 0
0.01842  0.00825  0.01629 0.37440 0.62411 0.83239 0
0.00914  0.01469  0.00338 0.58208 -1.56783 -0.26095 0
0.01062  0.00421  0.01422 -1.19091 0.59683 0.10926 0
0.01514  0.01870  0.00859 0.42859 0.30023 -0.49555 0
0.01476  0.00392  0.01839 -0.81373 0.54388 0.39315 0
0.01815  0.00586  0.01765 -2.17744 -0.72258 1.69340 0
0.00500  0.01700  0.00420 -0.36665 0.61725 -0.17492 0
0.01692  0.00899  0.00804 -0.58570 -0.13882 0.04213 0
0.01916  0.01548  0.00962 1.10950 -0.39662 1.28156 0
0.00545  0.01422  0.01464 1.10868 0.60456 0.29295 0
0.01610  0.01367  0.01718 -1.61937 -1.09055 0.14751 0
0.01539  0.00823  0.00027 0.74557 1.09454 1.31365 0
0.01923  0.00114  0.01286 0.45227 -1.19945 1.67724 0
0.00818  0.01039  0.00804 0.33208 0.33183 1.53372 0
0.00977  0.01243  0.00526 0.61540 -1.00382 0.70741 0
0.00340  0.00160  0.00415 -0.13244 1.40618 0.03117 0
0.00335  0.00602  0.01942 -1.21387 -0.24145 -1.23807 0
0.00334  0.01563  0.01866 0.62420 -0.98286 0.46768 0
0.01908  0.01617  0.01231 0.92334 1.53510 -0.92722 0
0.01562  0.01989  0.00634 -0.78932 -0.74667 -0.02595 0
0.01680  0.01494  0.01380 -0.01491 -2.34696 0.38879 0
0.01792  0.00382  0.01912 -0.67574 0.83631 0.55388 0
0.00847  0.01890  0.00992 -0.93716 1.30701 0.29574 0
0.00196  0.00632  0.00641 -0.70310 0.14897 1.87212 0
0.01043  0.00718  0.01234 0.01264 -0.66769 1.20365 0
0.01077  0.00037  0.01475 0.56121 -1.99007 0.82557 0
0.00760  0.00415  0.01460 1.44814 -1.10951 -0.62415 0
0.00437  0.00541  0.00254 -1.33335 -1.70245 -0.07794 0
0.00053  0.00462  0.01078 0.20360 -0.64697 0.11928 0
0.01954  0.00139  0.00662 1.04502 -1.10967 0.80863 0
0.01738  0.01885  0.00474 -0.82684 0.13674 0.08491 0
0.00847  0.00470  0.00353 -1.37653 1.57360 1.12224 0
0.01217  0.01057  0.01485 0.31630 0.56919 0.53016 0
0.00150  0.01178  0.00593 0.80446 1.54824 1.31573 0
0.00436  0.01822  0.00443 -1.13367 -0.44681 0.75378 0
0.01121  0.01249  0.00725 -0.51378 0.71631 -1.91494 0
0.00872  0.01172  0.01230 0.99321 -0.75650 0.04606 0
0.00028  0.00369  0.01471 -0.33055 1.12150 1.51668 0
0.01701  0.00490  0.00640 1.16092 -0.30684 -0.27999 0
0.00415  0.00639  0.01246 0.30148 -0.20442 -0.91560 0
0.01907  0.01261  0.00818 -1.24677 -1.10415 1.14931 0
0.01192  0.01783  0.00157 -1.20689 -0.39373 -0.54543 0
0.01001  0.01055  0.01624 -1.40010 0.28555 -0.73651 0
0.01999  0.01522  0.00582 0.25206 -0.02177 -0.45993 0
0.01943  0.01516  0.00313 0.77821 -0.44784 0.93434 0
0.00313  0.01434  0.01531 2.06795 -1.18324 -0.05928 0
0.00937  0.01766  0.01890 -0.18121 0.24692 -0.33758 0
0.00232  0.01361  0.00104 -0.90244 1.20483 0.04801 0
0.01628  0.01482  0.01318 0.19407 -1.58426 0.46093 0
0.00897  0.00084  0.01773 1.05862 -0.17406 0.21449 0
0.01101  0.00017  0.01906 -1.09964 0.48179 0.75780 0
0.00987  0.00614  0.00109 0.67222 -0.37642 -0.74177 0
0.01443  0.01832  0.00404 1.58800 -1.75010 0.48230 0
0.01632  0.00797  0.01139 -0.61948 0.42603 0.61432 0
0.00824  0.00628  0.00824 0.68683 0.69225 -0.58422 0
0.01315  0.01448  0.00633 0.15356 -0.30106 -0.45851 0
0.01650  0.01961  0.00553 0.34004 -0.73731 -1.08029 0
0.01764  0.00240  0.01762 -1.17176 1.28433 -2.17294 0
0.01873  0.00269  0.00537 1.72834 -0.83274 0.03917 0
0.00576  0.01581  0.01425 -1.15184 -0.58261 0.75301 0
0.01122  0.01273  0.00725 1.31398 1.36321 -0.17389 0
0.00707  0.00045  0.01756 -0.10139 -1.00680 3.42327 0
0.01763  0.01881  0.01438 0.02197 1.16802 -0.40863 0
0.00011  0.00885  0.01055 -0.36929 0.67781 -0.40355 0
0.00581  0.00009  0.00450 0.53930 0.02805 -1.92303 0
0.01686  0.00800  0.01122 -0.60550 1.58835 0.30020 0
0.01489  0.01972  0.01102 1.20190 -0.95084 0.21902 0
0.00125  0.01259  0.01447 0.69082 -1.12967 -0.10870 0
0.00512  0.01415  0.01723 0.96480 -1.31102 0.44985 0
0.00789  0.00236  0.01635 2.77523 0.59632 -0.96500 0
0.01243  0.01132  0.01071 0.59264 0.35335 -1.68232 0
0.00569  0.00909  0.00678 0.14622 0.36698 -0.62040 0
0.01978  0.00346  0.00466 0.08465 -0.37109 -0.37357 0
0.01285  0.01420  0.00141 1.43912 0.39807 -1.59753 0
0.01214  0.00454  0.00954 0.75069 -1.55052 0.07662 0
0.00790  0.01223  0.01970 -0.82880 -2.04846 -2.05605 0
0.00709  0.01343  0.00923 2.23198 -0.66015 -0.43441 0
0.01416  0.00445  0.01337 0.41741 -0.01138 1.61547 0
0.01745  0.01345  0.01969 0.61998 -0.32303 0.10220 0
0.00594  0.00442  0.00731 2.05892 1.71171 -0.86702 0
0.01630  0.00236  0.00604 -0.52906 -1.16419 0.01374 0
0.00719  0.01071  0.01209 -0.57609 -0.58374 -0.34426 0
0.01046  0.01217  0.00075 0.45357 0.39736 -0.17599 0
0.01898  0.00775  0.00944 -0.10452 1.37106 0.53736 0
0.00063  0.00208  0.00817 0.20152 -0.04362 0.90121 0
0.01678  0.01385  0.00322 1.92687 0.67520 0.40397 0
0.01051  0.01018  0.01038 0.19436 1.20100 1.16707 0
0.01424  0.00389  0.00264 1.35582 -0.66929 1.20370 0
0.01233  0.00392  0.00842 2.18613 0.12954 1.62662 0
0.01215  0.01122  0.01533 1.55135 -0.13698 0.14613 0
0.01905  0.00597  0.00016 -0.64105 -0.59961 0.24432 0
0.01685  0.01252  0.00464 1.39994 1.02786 1.04900 0
0.01457  0.01130  0.01265 -0.12887 0.46537 0.54943 0
0.01398  0.01119  0.01365 -1.06294 -0.01491 0.34520 0
0.00209  0.01435  0.01426 -2.16466 -0.58231 2.15331 0
0.00941  0.00487  0.00100 1.59088 -0.22523 -0.11720 0
0.01229  0.00983  0.00659 -0.58505 -0.11790 -1.08596 0
0.00527  0.01991  0.01112 -0.61975 -1.31846 0.32452 0
0.01856  0.00934  0.00323 -1.15430 -0.80236 1.05350 0
0.00950  0.00065  0.00036 -0.16338 2.12940 -0.16768 0
0.00392  0.00734  0.00316 1.41485 -2.23155 0.17940 0
0.01184  0.01129  0.00724 0.55229 2.04077 -0.00870 0
0.00197  0.01308  0.01189 0.17726 -0.80483 1.10583 0
0.01206  0.00662  0.01619 0.08589 -0.97608 1.42272 0
0.00340  0.00330  0.00054 0.15309 0.47844 -0.31687 0
0.01298  0.01634  0.00151 1.56745 0.14467 1.47823 0
0.01390  0.01690  0.01692 -0.52195 -1.12094 -0.23503 0
0.00828  0.01730  0.01570 0.29294 0.52528 0.25534 0
0.00622  0.00479  0.01577 0.53980 0.38952 -0.38736 0
0.00340  0.01228  0.01086 -0.26695 1.11949 0.04779 0
0.00930  0.01336  0.01578 0.18212 -0.57390 -0.12088 0
0.01157  0.00752  0.00078 2.02863 -2.19812 -1.18641 0
0.01755  0.00718  0.00507 1.07855 -0.08423 -0.38251 0
0.00200  0.01808  0.00607 0.42859 -0.08141 -0.70467 0
0.01342  0.00622  0.01117 0.73408 0.05556 0.51283 0
0.00126  0.01776  0.00164 1.62934 -0.86401 -0.09836 0
0.00570  0.00590  0.00240 -0.76142 -1.82861 1.29910 0
0.00692  0.01552  0.01707 -0.15411 1.56531 0.13969 0
0.01529  0.01785  0.00224 0.21587 -1.74662 1.06501 0
0.01753  0.01320  0.01291 -1.07853 0.61353 -1.58340 1
0.00192  0.01069  0.01232 -0.70679 0.35572 -0.64045 1
0.00273  0.00817  0.00611 0.50014 -0.19748 0.18723 1
0.00806  0.00167  0.01348 0.04035 -0.20830 -0.89052 1
0.01711  0.01909  0.01048 0.73229 1.77616 0.98986 1
0.00417  0.00883  0.01421 1.87150 -0.10241 -1.00507 1
0.01312  0.01355  0.01858 -1.46642 0.38307 -0.00768 1
0.00157  0.00764  0.01798 -0.96706 0.24692 0.20580 1
0.01450  0.01042  0.01781 0.62186 0.07841 0.33334 1
0.01065  0.00625  0.00424 -0.18280 1.17223 -1.04064 1
0.01627  0.01140  0.00359 -0.16608 -1.63471 -1.31281 1
0.00743  0.00918  0.00673 0.94793 -0.37074 -0.15270 1
0.00445  0.00583  0.00377 1.72796 -0.35978 0.15136 1
0.01448  0.01455  0.01519 0.11592 -0.56123 -0.50661 1
0.01249  0.00681  0.01839 0.01665 0.56708 1.71843 1
0.00580  0.01852  0.00696 -0.04264 1.01332 0.11847 1
0.00250  0.00845  0.01104 -0.97983 0.59362 0.29342 1
0.00721  0.00411  0.01523 0.79447 -0.14215 1.40086 1
0.01659  0.01253  0.01125 -1.23774 0.20485 -0.11652 1
0.01104  0.01896  0.01281 0.87619 -0.92724 0.32046 1
0.00979  0.01418  0.00436 0.69206 -0.21334 -0.49669 1
0.00269  0.00672  0.01719 -0.93905 0.01142 -0.54663 1
0.01018  0.00271  0.01486 0.83955 0.57285 0.47572 1
0.00329  0.01367  0.00588 1.42999 -0.63349 -0.00074 1
0.00392  0.01124  0.00333 0.43461 -0.43620 0.91307 1
0.01185  0.01880  0.00757 -0.17839 1.52595 0.10747 1
0.00367  0.01403  0.01283 -0.93946 0.17824 1.60680 1
0.01175  0.01371  0.00530 0.68326 -1.01157 -0.59999 1
0.00591  0.00326  0.00103 -1.28900 0.99164 0.02492 1
0.01391  0.00392  0.00278 1.00825 -1.43131 -0.36029 1
0.01915  0.01659  0.01003 0.67403 1.18387 0.31881 1
0.00601  0.01358  0.00385 1.52725 -0.16171 0.28150 1
0.01671  0.01920  0.01688 2.00379 -0.04035 -1.24177 1
0.01408  0.00219  0.00591 -2.40574 -0.80414 0.01772 1
0.00214  0.00700  0.00358 1.47161 0.35112 -0.11948 1
0.00209  0.00362  0.01758 0.68004 0.49878 -0.43345 1
0.00948  0.01609  0.01077 -1.69984 1.31393 -1.02497 1
0.00832  0.01608  0.01104 -0.50138 -0.85458 0.60952 1
0.00193  0.00454  0.01062 0.34984 0.58746 0.97416 1
0.00599  0.01925  0.01528 -0.53250 0.91133 -0.67849 1
0.00778  0.00112  0.00997 -0.41392 -1.24936 -0.12978 1
0.00004  0.00622  0.01860 -0.11378 -0.14717 0.65315 1
0.01457  0.00723  0.00614 -1.55555 1.98495 0.71852 1
0.01693  0.00329  0.01324 -1.10390 -0.91290 -0.54860 1
0.00745  0.01761  0.00547 -0.87806 -0.80117 0.22134 1
0.01755  0.01653  0.01238 -0.86995 0.85047 0.32085 1
0.00901  0.01182  0.00357 -0.49848 0.03672 -0.27684 1
0.00013  0.01628  0.01409 -2.02356 -1.69125 0.01475 1
0.01891  0.00460  0.01401 -0.44321 -0.55278 0.40474 1
0.00670  0.01391  0.00205 0.02623 -1.12634 -0.88542 1
0.01316  0.00422  0.01151 1.66284 0.65212 0.47972 1
0.00015  0.00277  0.01535 1.28972 -3.04369 -1.46842 1
0.00219  0.00656  0.01288 1.89363 -2.32273 0.76217 1
0.00555  0.01224  0.01028 0.34703 -0.37465 0.19069 1
0.00584  0.00101  0.01879 -1.02253 -0.55183 2.19688 1
0.00941  0.01372  0.00414 1.59869 1.30559 -0.52535 1
0.00969  0.00100  0.00551 0.10057 0.05612 -1.13475 1
0.01198  0.01910  0.01250 0.94049 0.17206 -0.98221 1
0.00276  0.00248  0.00647 -2.14243 0.34702 -1.14927 1
0.01185  0.00379  0.01752 0.05423 0.64862 1.29694 1
0.00142  0.00629  0.01614 0.26957 -0.41337 2.08193 1
0.01229  0.00669  0.00604 -0.22421 0.36391 1.24337 1
0.01240  0.00208  0.01674 -1.04137 1.11677 -1.53801 1
0.00967  0.00278  0.00763 1.45719 -1.00882 0.62989 1
0.00692  0.00374  0.01784 0.52710 0.74171 -0.59314 1
0.01043  0.01484  0.00465 -2.22797 -0.56306 2.29819 1
0.00399  0.00428  0.01868 -1.44413 1.60397 -0.60297 1
0.01350  0.01891  0.01976 0.19655 -0.63007 2.18005 1
0.00363  0.01445  0.00372 0.11172 0.98451 -0.68773 1
0.00488  0.00037  0.01628 0.34719 -1.22824 0.18774 1
0.00901  0.01184  0.00284 -0.69119 -1.39571 1.53865 1
0.00715  0.01727  0.01555 -0.78620 -1.55832 -0.97367 1
0.00452  0.00593  0.01137 -1.36432 -0.75253 1.44457 1
0.01959  0.00973  0.01426 0.96910 -1.91889 -1.41916 1
0.00727  0.01142  0.01199 1.73027 -0.51719 0.05155 1
0.01544  0.00422  0.00981 0.12563 2.46288 2.33115 1
0.00393  0.00284  0.01215 -2.46538 1.45298 1.07884 1
0.00292  0.01132  0.01445 0.54373 0.09507 -0.19839 1
0.00177  0.01282  0.00961 0.61498 -0.14484 1.76057 1
0.01050  0.01801  0.01866 -0.34644 1.05570 1.34109 1
0.00899  0.00030  0.01574 -1.38863 -0.54633 -0.34678 1
0.00331  0.00936  0.00833 1.31643 -0.13260 -1.64407 1
0.00047  0.01669  0.01480 -0.91338 -1.60957 1.03336 1
0.00121  0.00460  0.01092 0.13927 -0.60893 0.91515 1
0.01009  0.01874  0.00164 0.23181 -0.53212 -0.63961 1
0.01376  0.00808  0.01292 -0.63882 0.76898 -0.36817 1
0.00664  0.01341  0.00034 0.93949 0.18863 0.63651 1
0.00954  0.00157  0.00419 -0.69331 -0.21797 0.05765 1
0.00559  0.01985  0.00189 0.18686 0.06164 0.08298 1
0.01765  0.00624  0.00460 0.22151 -1.39056 -0.91963 1
0.01182  0.01261  0.00018 -0.43239 1.32488 -1.01874 1
0.01161  0.01682  0.01062 -0.50563 0.08786 -0.27625 1
0.00953  0.00068  0.01108 -1.38426 0.31665 0.82902 1
0.00283  0.01681  0.01038 -0.80527 -0.22684 1.04671 1
0.00665  0.01869  0.01469 0.84181 0.86809 -2.23761 1
0.00125  0.01357  0.00795 0.70195 -0.41957 -0.05020 1
0.01452  0.01063  0.00073 1.36597 0.09316 0.38278 1
0.01010  0.00228  0.00801 -0.55953 -1.99227 0.37521 1
0.00979  0.01942  0.01098 -1.34384 1.75754 0.80647 1
0.00846  0.00341  0.01072 -1.89241 0.18553 0.08430 1
0.00569  0.00512  0.01098 0.28162 -0.11276 1.15437 1
0.01015  0.00884  0.00918 -0.82796 0.36688 -0.85363 1
0.01012  0.00070  0.01657 0.33855 -0.21644 -1.19263 1
0.01465  0.01993  0.00400 -0.01237 -0.89544 0.41945 1
0.00631  0.00228  0.00764 0.36441 -1.04605 0.99424 1
0.00013  0.01832  0.01602 -0.25330 0.30863 0.35654 1
0.01914  0.01192  0.00562 0.74484 -0.35451 1.01539 1
0.01425  0.01460  0.00125 -0.24398 1.37750 -0.01444 1
0.00843  0.00483  0.00684 1.20129 -0.62442 -0.33203 1
0.00406  0.00950  0.01324 0.00477 0.43066 1.02725 1
0.01614  0.01997  0.00464 0.12135 -0.29628 0.59304 1
0.00084  0.00249  0.00974 -2.73917 -1.27736 0.10589 1
0.01889  0.01615  0.01255 0.60292 -0.25614 0.37011 1
0.00326  0.01478  0.00785 0.40215 0.61944 0.43634 1
0.00659  0.01802  0.01151 -0.36381 -0.79985 -0.29020 1
0.00756  0.01366  0.01891 0.15187 0.51428 -0.61844 1
0.01202  0.00039  0.00857 0.97856 1.06436 -0.01354 1
0.00362  0.01579  0.01864 -1.18210 0.55126 -1.00240 1
0.01240  0.00666  0.01314 1.60574 -0.54755 -1.11733 1
0.00724  0.01336  0.00641 -0.42930 0.36682 0.79373 1
0.01175  0.00240  0.00837 0.71349 -0.90570 -0.18228 1
0.00183  0.01407  0.00804 -1.10858 0.50760 1.18005 1
0.01803  0.00210  0.01826 1.02182 -1.42743 0.87136 1
0.00941  0.01624  0.01757 -2.11417 0.38744 0.06808 1
0.01759  0.01302  0.01691 -0.69988 -0.93019 -1.04997 1
0.01709  0.01996  0.01198 0.19074 1.48513 0.30559 1
0.01290  0.01143  0.00636 2.01814 1.35694 -1.10554 1
0.00118  0.00179  0.01826 0.81339 -0.70384 -0.10639 1
0.00251  0.01485  0.00564 -0.04257 -0.51328 -2.28347 1
0.01055  0.01234  0.00288 0.80062 -0.79905 0.89109 1
0.00145  0.00393  0.00735 -0.08505 -0.43511 -0.30290 1
0.01577  0.01485  0.01514 0.16562 1.97665 1.35279 1
0.00429  0.01745  0.00294 0.27904 -0.19163 -1.61831 1
0.01670  0.01560  0.00889 -1.14622 -1.17343 -0.13008 1
0.01552  0.00837  0.00874 -0.36292 0.55605 -0.92430 1
0.00634  0.00519  0.01291 -0.33325 -1.60901 -0.72349 1
0.00357  0.00721  0.01277 -1.01978 -1.14545 0.79762 1
0.01223  0.00104  0.01306 0.44018 -0.30261 -0.43175 1
0.00406  0.01945  0.00553 -0.19521 -0.84911 1.26362 1
0.01237  0.01996  0.00587 1.06681 0.82519 0.72263 1
0.01563  0.00722  0.00044 -1.27092 -0.60873 0.03724 1
0.01690  0.01859  0.01485 1.04228 -1.25856 0.49398 1
0.00203  0.00671  0.01572 0.00160 -1.05952 -0.78901 1
0.00384  0.00969  0.01970 -1.83829 0.65670 0.39665 1
0.01064  0.00823  0.01659 -0.76025 1.03579 -0.38915 1
0.01001  0.00475  0.01421 -0.63168 0.54263 -0.32154 1
0.01668  0.01737  0.01151 -0.75921 2.18957 2.05200 1
0.01221  0.01572  0.01739 -0.05086 1.17500 -0.66393 1
0.01197  0.01353  0.00251 -0.09727 0.00310 0.29517 1
0.00528  0.00943  0.01488 -1.70484 -0.25065 -0.38867 1
0.01625  0.01120  0.00456 0.17564 -0.13383 -0.58794 1
0.00438  0.01031  0.00797 -0.24491 -1.40738 0.12945 1
0.00965  0.01702  0.01899 -0.94511 -0.51742 1.36860 1
0.01919  0.00952  0.00653 -0.71030 -0.59422 -1.09699 1
0.00909  0.01985  0.00170 0.00915 -0.37175 -1.48458 1
0.00036  0.00756  0.00999 -1.21271 0.28944 0.27077 1
0.01865  0.00460  0.01292 -0.48761 0.51664 -0.18086 1
0.00234  0.00165  0.00634 0.41088 0.26960 0.97295 1
0.01392  0.00671  0.01805 -0.83739 1.13501 -2.50638 1
0.00776  0.00507  0.00721 1.26582 -1.52294 1.03145 1
0.01197  0.01900  0.01176 0.34002 0.70535 -1.27881 1
0.01252  0.01687  0.00787 -0.60945 -0.52683 0.82252 1
0.01358  0.00971  0.01153 -1.51672 -0.08280 -0.22179 1
0.01186  0.00986  0.01712 -1.16846 0.80480 0.44725 1
0.00685  0.00363  0.00768 0.82916 0.16234 -0.36200 1
0.01059  0.01269  0.01202 0.61780 -1.61919 -0.59455 1
0.00401  0.01025  0.01046 -0.53241 0.63332 1.83349 1
0.00337  0.01426  0.00777 -0.07892 0.37848 0.32819 1
0.00114  0.01730  0.01225 0.00336 1.06238 1.18718 1
0.01771  0.00735  0.01188 -1.09948 1.48116 2.12921 1
0.01396  0.00464  0.00138 -0.65602 0.88668 3.36724 1
0.01124  0.00253  0.01530 -0.52857 -0.27906 -0.41128 1
0.01778  0.01321  0.00914 -2.54344 -0.23421 -1.50511 1
0.01783  0.01841  0.01336 -0.52990 0.36595 0.09067 1
0.01271  0.01684  0.01426 -0.64714 0.56632 -1.38557 1
0.01775  0.00048  0.00348 0.58001 0.26875 1.62993 1
0.00050  0.01219  0.00921 0.16031 -1.75704 -0.36547 1
0.00131  0.01940  0.00603 0.59708 -1.80772 1.64898 1
0.01936  0.00125  0.00805 0.02412 0.20878 -0.43228 1
0.00686  0.00385  0.01993 -0.64638 -1.29897 0.37164 1
0.01198  0.00226  0.01167 -1.07879 0.33827 -1.70843 1
0.01907  0.01054  0.01505 0.12896 -0.66371 1.15501 1
0.01223  0.01991  0.01702 1.11968 -2.25876 -0.03381 1
0.00097  0.00410  0.00236 -0.12311 -0.66501 0.45047 1
0.01350  0.01107  0.01408 0.26548 1.18805 0.05439 1
0.00173  0.01628  0.00783 1.68199 0.49630 0.29057 1
0.01111  0.01431  0.00895 1.71890 -0.75200 -1.35500 1
0.01404  0.00423  0.00467 0.42730 1.35301 0.90261 1
0.01704  0.00880  0.01685 0.30345 1.36619 -0.66878 1
0.01433  0.01874  0.00618 0.22910 0.26174 0.55641 1
0.01671  0.00335  0.00921 0.99498 0.70391 0.37408 1
0.00359  0.00820  0.00011 -0.07233 0.69609 -1.16523 1
0.00278  0.00565  0.01114 -1.90666 -1.29888 0.42185 1
0.01417  0.00744  0.00932 1.43005 1.25068 -0.82514 1
0.00256  0.00395  0.01306 -0.00909 0.46946 0.35714 1
0.00647  0.00872  0.01559 -0.38998 0.79090 1.05805 1
0.01583  0.00002  0.00972 0.53286 -1.43795 2.03771 1
0.00339  0.00402  0.00960 2.45721 1.87754 -0.73450 1
0.00744  0.01226  0.01721 -0.19330 0.69700 0.28297 1
0.00985  0.01740  0.01016 -0.41948 -1.03496 1.44986 1
0.00662  0.00158  0.00426 0.25686 -0.41919 1.22949 1
0.01412  0.01796  0.00095 0.36904 -1.00531 -0.57360 1
0.01781  0.01914  0.01378 0.19238 2.39741 -0.22853 1
0.01506  0.00185  0.01218 -0.23223 -0.58737 1.16116 1
0.00969  0.01359  0.01069 -0.33598 -0.81111 1.45350 1
0.00931  0.01785  0.01381 -0.09802 -0.74166 -0.70714 1
0.01570  0.00627  0.00572 -2.12398 1.36346 -1.51963 1
0.01828  0.00393  0.01406 0.57731 -0.65131 0.45706 1
0.01123  0.01219  0.01031 -0.36688 -0.86891 1.58951 1
0.00865  0.01151  0.00687 2.06610 -1.15894 -0.62255 1
0.01030  0.00829  0.00496 0.17335 0.53852 -1.92853 1
0.01960  0.00786  0.01318 0.36982 -0.51028 -1.19752 1
0.01621  0.00370  0.01539 0.91150 1.08964 -1.23035 1
0.00650  0.01603  0.00267 1.02402 1.93962 1.90589 1
0.01488  0.01997  0.00820 -0.30831 1.10251 0.44678 1
0.00464  0.00245  0.00028 -0.66092 0.22602 -0.30770 1
0.01677  0.01166  0.00394 -0.40657 -0.38524 -0.92512 1
0.01238  0.00690  0.00762 -0.21833 1.34649 -0.50074 1
0.01769  0.00715  0.01933 1.15242 -1.12269 -0.54849 1
0.00161  0.01605  0.00063 1.02423 0.20604 -1.77737 1
0.00247  0.01201  0.01636 1.30253 0.54529 0.59863 1
0.00107  0.01044  0.01216 0.17534 -0.68514 -1.73267 1
0.01233  0.01407  0.00623 -1.09977 0.53311 -0.84503 1
0.00437  0.01393  0.00036 -0.84684 0.07180 0.42950 1
0.01114  0.01811  0.01009 0.20698 -0.70526 1.16105 1
0.01735  0.00940  0.00095 1.67699 -0.35796 0.48667 1
0.01236  0.00862  0.00347 0.50094 -0.25061 0.64727 1
0.00193  0.00161  0.00688 0.69390 -0.62736 0.55867 1
0.00719  0.01346  0.00050 -0.47204 -3.29207 -0.35569 1
0.01406  0.00475  0.01885 -0.43041 -0.55194 -0.28746 1
0.00331  0.00325  0.01764 -0.17107 -0.20534 -0.55240 1
0.00183  0.00563  0.01023 0.55777 0.27353 0.68097 1
0.00335  0.00688  0.01555 2.06133 -1.02788 0.49581 1
0.00727  0.01587  0.01601 1.25998 -0.02249 -2.21871 1
0.01980  0.01073  0.01620 -0.17005 1.06600 2.30309 1
0.00206  0.00688  0.01466 -1.36102 -0.07775 -0.73252 1
0.01110  0.00967  0.00985 -1.03375 -0.62444 0.84174 1
0.01850  0.01743  0.00704 -0.92858 0.80184 -0.98480 1
0.01798  0.01058  0.01086 1.31643 -1.24109 0.04507 1
0.01552  0.01965  0.01408 0.74008 -1.73997 -0.54976 1
0.01877  0.00309  0.01808 0.11312 1.07359 0.02127 1
0.01551  0.01271  0.01121 -0.03296 -0.07932 0.10124 1
0.00810  0.01193  0.00357 -0.40210 -0.38943 0.02921 1
0.01534  0.01885  0.00199 -0.41964 -1.84272 -0.26659 1
0.00453  0.00121  0.01643 0.99937 0.12985 -1.23671 1
0.00463  0.00515  0.00202 1.05739 0.33947 1.10869 1
0.00784  0.01660  0.01579 0.59113 1.35339 -0.17387 1
0.01954  0.00895  0.01099 0.67370 0.59057 0.24814 1
0.01238  0.00773  0.00906 1.50609 -1.09344 -0.25904 1
0.00787  0.00104  0.00848 0.31092 0.54052 -1.28059 1
0.00180  0.00528  0.00269 1.22915 -1.00901 0.55352 1
0.01392  0.00331  0.00216 -0.21689 -0.16942 1.41970 1
0.01107  0.00322  0.00866 0.43815 -0.01821 0.09097 1
0.00406  0.01098  0.00810 0.10422 1.16484 0.65123 1
0.00211  0.00316  0.01916 0.70604 0.46885 -1.05021 1
0.00957  0.00735  0.00816 -0.95911 0.01232 0.24799 1
0.00455  0.01049  0.00488 -0.74304 -0.02968 1.27331 1
0.01474  0.01296  0.00774 1.49361 0.27476 -1.07727 1
0.00399  0.01097  0.00262 -0.31219 -0.46091 0.37056 1
0.00082  0.00933  0.00643 1.05769 0.96727 -0.59675 1
0.01944  0.01023  0.01308 -0.88165 1.09899 0.63084 1
0.00593  0.01626  0.01447 -1.02376 -0.88119 -2.16855 1
0.01838  0.00936  0.00573 1.02931 0.64600 2.03406 1
0.01656  0.00201  0.00332 1.58448 1.29168 0.10191 1
0.01221  0.00918  0.00455 0.78114 0.06229 -0.89178 1
0.01854  0.00460  0.00195 0.17417 1.29823 0.32921 1
0.00971  0.00809  0.01394 -0.16572 1.06741 0.55577 1
0.00066  0.01498  0.00669 1.82257 0.70990 0.11867 1
0.01515  0.01438  0.01144 2.08850 0.42108 -2.08439 1
0.01438  0.00395  0.00617 -1.79581 0.65517 0.76677 1
0.00668  0.01592  0.00618 0.14198 -0.40086 1.95778 1
0.01892  0.00260  0.00092 0.12699 0.21047 -0.42158 1
0.01009  0.00774  0.00598 0.23932 -1.18607 0.63551 1
0.01007  0.01795  0.01519 -0.71770 -1.83264 0.00119 1
0.01355  0.00331  0.00484 -0.08944 -0.63621 -0.50110 1
0.00506  0.01909  0.01215 0.09325 -0.04563 0.11012 1
0.01033  0.00092  0.00830 1.14773 0.38134 -1.50785 1
0.00455  0.01666  0.01013 0.91049 -1.17481 0.29192 1
0.01480  0.00385  0.00777 1.12221 0.47272 -0.81244 1
0.00956  0.00312  0.00810 -0.18075 0.72996 0.06084 1
0.01837  0.00765  0.00511 -0.20469 -0.72863 -2.26284 1
0.01891  0.00604  0.00665 0.94949 0.19816 -0.52945 1
0.01863  0.01199  0.00303 0.37515 0.79190 -0.51764 1
0.01285  0.00612  0.00471 -0.46193 0.14060 1.04153 1
0.01137  0.01179  0.00785 0.85445 0.51231 -0.20246 1
0.01815  0.00381  0.01625 -0.69390 1.47781 0.18984 1
0.01062  0.00564  0.01339 -0.41216 -0.84556 -1.27676 1
0.00075  0.00402  0.01967 0.77080 2.11949 -0.67033 1
0.01795  0.01181  0.01157 -0.43980 0.27860 1.10363 1
0.00543  0.01705  0.01368 2.01582 -0.61652 -0.65198 1
0.01078  0.01125  0.00828 -1.03304 -0.70400 0.36224 1
0.00105  0.01579  0.01178 0.49382 -0.45757 0.65727 1
0.00209  0.01283  0.01758 -1.48756 0.67016 -0.84259 1
0.00115  0.00451  0.01099 0.11097 -0.99709 -0.73491 1
0.01958  0.00739  0.00589 0.45188 -1.22681 0.55808 1
0.01948  0.01286  0.00043 0.39412 0.29345 -0.29660 1
0.01080  0.00886  0.00600 -0.48214 -1.06859 1.41998 1
0.00009  0.00042  0.01239 0.87141 -0.95134 1.93126 1
0.01036  0.01483  0.01249 -1.87687 0.92603 -1.04143 1
0.00858  0.01963  0.00201 0.04098 0.70441 -1.70714 1
0.01910  0.01311  0.00539 -1.38707 0.35332 0.82167 1
0.01125  0.00521  0.01036 -0.43643 1.90537 -0.88932 1
0.00525  0.01456  0.01565 -0.82191 2.39079 -0.91635 1
0.00766  0.01363  0.00062 0.59305 -0.19887 -0.04717 1
0.00383  0.00386  0.00282 -0.82137 0.86165 1.14071 1
0.01399  0.01791  0.01443 1.37303 -0.77054 -1.58948 1
0.00850  0.00520  0.01884 1.44997 1.93885 0.77131 1
0.01564  0.00391  0.00779 1.99295 -0.09856 -1.47722 1
0.01413  0.00962  0.01214 -0.60608 -2.35842 -0.65506 1
0.00630  0.00720  0.01096 0.07381 -1.23932 -0.47789 1
0.00540  0.01076  0.01241 0.18359 -0.07498 -1.27455 1
0.01478  0.01754  0.00285 -0.07240 0.37885 -0.69923 1
0.00977  0.01221  0.00405 -1.13847 -0.30464 -0.40350 1
0.00155  0.00382  0.00649 -0.50224 -1.58809 -0.90042 1
0.00333  0.00256  0.00223 0.04943 -0.36038 0.08919 1
0.00226  0.01034  0.01938 1.75491 1.25153 1.19864 1
0.00922  0.01842  0.01658 2.17647 -0.07436 -0.14360 1
0.01321  0.00638  0.01692 1.12538 -0.54961 -0.64176 1
0.00204  0.00266  0.00665 -0.29959 0.28404 -0.62110 1
0.00566  0.00980  0.01754 -0.44319 -1.82382 0.27368 1
0.01256  0.00946  0.01372 0.51887 0.53313 -0.76624 1
0.00028  0.01509  0.00522 -0.11291 0.76155 0.11409 1
0.00871  0.01170  0.01902 0.41560 0.85184 0.30680 1
0.01788  0.01117  0.00999 -0.44499 1.46676 0.93716 1
0.00131  0.00249  0.00928 2.04394 -0.08042 -0.79243 1
0.01248  0.01787  0.01645 -0.22113 -0.33248 -1.31154 1
0.00216  0.01735  0.01737 -1.01244 -2.07123 -0.72700 1
0.01645  0.01886  0.01314 -0.11432 1.21008 0.66438 1
0.00829  0.00870  0.00896 0.69915 -0.38521 -0.66144 1
0.01898  0.01091  0.01108 0.64185 2.69782 0.54961 1
0.00919  0.01211  0.01316 0.91603 -0.96950 -1.85199 1
0.00518  0.01933  0.00342 -1.36534 1.07572 1.68244 1
0.01451  0.01073  0.01889 0.64389 0.33455 0.70828 1
0.00522  0.01906  0.00432 1.66154 0.13602 0.60881 1
0.01600  0.01060  0.01440 -1.10643 -0.32695 0.04791 1
0.00263  0.00841  0.01038 -0.13021 0.49245 0.49124 1
0.01495  0.00590  0.01928 -0.90857 0.76376 0.28357 1
0.00060  0.01997  0.01393 -1.42377 -0.86144 0.69582 1
0.00806  0.01175  0.01799 -0.75667 -0.60600 0.83576 1
0.00321  0.01310  0.01416 0.90421 -0.19825 0.66175 1
0.01005  0.00395  0.01675 -0.83501 0.60463 2.73667 1
0.01035  0.00664  0.00583 0.40844 0.51479 0.85598 1
0.01082  0.01811  0.01866 0.93779 0.25195 -0.03997 1
0.01974  0.00736  0.00277 -0.70245 -1.09006 -0.70826 1
0.01932  0.01718  0.01149 0.92431 0.33603 -0.80398 1
0.01733  0.01218  0.01564 -0.52336 0.17717 0.07405 1
0.00656  0.00785  0.01337 0.57279 0.76721 0.31074 1
0.01663  0.00194  0.01870 0.79096 0.31631 -0.89040 1
0.00612  0.00571  0.00877 0.89025 -1.84516 1.48244 1
0.01648  0.01438  0.01508 0.50697 -0.63010 -0.74370 1
0.01761  0.01366  0.01559 -1.00511 -0.53491 -1.24589 1
0.01751  0.00329  0.01586 0.80176 -0.34510 -0.24757 1
0.00903  0.01314  0.00959 1.91933 0.77904 1.96798 1
0.01583  0.01404  0.00370 -1.75790 -1.81832 -0.04094 1
