1.71525
1.70533
1.69565
1.68619
1.67696
1.66795
1.65915
1.65056
1.64216
1.63396
1.62594
1.61811
1.61045
1.60296
1.59564
1.58848
1.58147
1.57462
1.56791
1.56134
1.55491
1.54862
1.54245
1.53641
1.53049
1.5247
1.51901
1.51344
1.50798
1.50262
1.49737
1.49222
1.48716
1.4822
1.47733
1.47255
1.46786
1.46326
1.45873
1.45429
1.44993
1.44564
1.44143
1.43729
1.43322
1.42923
1.4253
1.42143
1.41764
1.4139
1.41023
1.40662
1.40306
1.39957
1.39613
1.39275
1.38942
1.38615
1.38293
1.37975
1.37663
1.37356
1.37054
1.36756
1.36463
1.36174
1.3589
1.3561
1.35335
1.35064
1.34797
1.34534
1.34275
1.34019
1.33768
1.33521
1.33277
1.33037
1.328
1.32567
1.32338
1.32112
1.31889
1.3167
1.31453
1.31241
1.31031
1.30824
1.30621
1.3042
1.30223
1.30028
1.29836
1.29647
1.29461
1.29278
1.29097
1.2892
1.28744
1.28572
1.28402
