1.74849
1.74061
1.73287
1.72527
1.71781
1.71048
1.70328
1.6962
1.68925
1.68242
1.67571
1.66911
1.66262
1.65624
1.64996
1.64379
1.63771
1.63174
1.62585
1.62007
1.61437
1.60876
1.60324
1.5978
1.59245
1.58717
1.58198
1.57686
1.57181
1.56685
1.56195
1.55712
1.55236
1.54767
1.54305
1.53849
1.53399
1.52956
1.52518
1.52087
1.51661
1.51241
1.50826
1.50418
1.50014
1.49616
1.49222
1.48834
1.48451
1.48073
1.47699
1.4733
1.46966
1.46606
1.46251
1.459
1.45553
1.45211
1.44872
1.44538
1.44207
1.43881
1.43558
1.43239
1.42924
1.42612
1.42304
1.41999
1.41698
1.41401
1.41106
1.40815
1.40527
1.40242
1.39961
1.39682
1.39407
1.39134
1.38865
1.38598
1.38334
1.38073
1.37815
1.37559
1.37306
1.37056
1.36808
1.36563
1.3632
1.3608
1.35842
1.35606
1.35373
1.35143
1.34914
1.34688
1.34464
1.34242
1.34023
1.33805
1.3359
1.33377
1.33166
1.32957
1.32749
1.32544
1.32341
1.3214
1.3194
1.31743
1.31547
1.31353
1.31161
1.30971
1.30782
1.30595
1.3041
1.30227
1.30045
1.29864
1.29686
1.29509
1.29334
1.2916
1.28987
1.28817
1.28647
1.2848
1.28313
1.28149
1.27985
1.27823
1.27663
1.27503
1.27346
1.27189
1.27034
1.2688
1.26728
1.26576
1.26426
