1.53677
1.5283
1.52001
1.51189
1.50395
1.49619
1.48859
1.48117
1.47392
1.46683
1.4599
1.45314
1.44653
1.44007
1.43376
1.4276
1.42158
1.4157
1.40996
1.40435
1.39887
1.39352
1.38829
1.38318
1.37819
1.37331
1.36854
1.36389
1.35934
1.35489
1.35054
1.34629
1.34214
1.33808
1.33411
1.33024
1.32645
1.32274
1.31912
1.31557
1.31211
1.30873
1.30542
1.30218
1.29902
1.29593
1.29291
1.28995
1.28706
1.28424
1.28148
1.27878
1.27615
1.27357
1.27106
1.2686
1.26619
1.26385
1.26156
1.25932
1.25713
1.255
1.25291
1.25088
1.24889
1.24696
1.24507
1.24322
1.24143
1.23967
1.23797
1.2363
1.23468
1.2331
1.23156
1.23007
1.22861
1.22719
1.22582
1.22448
1.22318
