1.88429
1.87372
1.8634
1.85331
1.84344
1.83379
1.82435
1.81511
1.80607
1.79722
1.78855
1.78006
1.77174
1.76359
1.7556
1.74777
1.74009
1.73256
1.72518
1.71793
1.71082
1.70384
1.69699
1.69026
1.68365
1.67717
1.67079
1.66453
1.65838
1.65233
1.64639
1.64055
1.6348
1.62916
1.6236
1.61814
1.61276
1.60747
1.60227
1.59714
1.5921
1.58714
1.58225
1.57744
1.5727
1.56804
1.56344
1.55891
1.55445
1.55006
1.54573
1.54146
1.53725
1.53311
1.52902
1.52499
1.52102
1.5171
1.51324
1.50943
1.50567
1.50197
1.49831
1.4947
1.49114
1.48763
1.48417
1.48075
1.47737
1.47404
1.47075
1.46751
1.4643
1.46114
1.45801
1.45493
1.45189
1.44888
1.44591
1.44297
1.44008
1.43722
1.43439
1.4316
1.42884
1.42611
1.42342
1.42076
1.41813
1.41553
1.41296
1.41042
1.40792
1.40544
1.40299
1.40057
1.39817
1.39581
1.39347
1.39115
1.38887
1.38661
1.38437
1.38216
1.37998
1.37782
1.37568
1.37357
1.37148
1.36942
1.36737
1.36535
1.36336
1.36138
1.35943
1.35749
1.35558
1.35369
1.35182
1.34997
1.34814
