42
0.035
0.02
0.0
-0.07845909572784468
0.996917333733128
0.0
0.0
0.0
1.0
0.002353772871835348
0.01
0.996917333733128
0.07845909572784504
-0.0
-0.996917333733128
-0.07845909572784504
0.0
0.0
1.0
273.0
0.0
0.0
0.0
0.0
1.0
0.0
1.0
273.0
0.0
0.0
0.0
0.0
1.0
0.0
0.0
0.03481532510892707
0.022346516975603463
0.0
-0.23344536385590867
0.9723699203976758
0.0
0.0
0.0
1.0
0.0023537728718353496
0.01
0.9723699203976767
0.2334453638559053
-0.0
-0.9723699203976767
-0.2334453638559053
0.0
0.0
1.0
273.0
0.0
0.0
0.0
0.0
1.0
0.0
1.0
273.0
0.0
0.0
0.0
0.0
1.0
0.0
0.0
0.0342658477444273
0.02463525491562421
0.0
-0.3826834323650893
0.9238795325112871
0.0
0.0
0.0
1.0
0.002353772871835347
0.01
0.9238795325112868
0.38268343236508967
-0.0
-0.9238795325112868
-0.38268343236508967
0.0
0.0
1.0
273.0
0.0
0.0
0.0
0.0
1.0
0.0
1.0
273.0
0.0
0.0
0.0
0.0
1.0
0.0
0.0
0.033365097862825516
0.0268098574960932
0.0
-0.522498564715948
0.8526401643540927
0.0
0.0
0.0
1.0
0.0023537728718353496
0.01
0.8526401643540923
0.5224985647159489
-0.0
-0.8526401643540923
-0.5224985647159489
0.0
0.0
1.0
273.0
0.0
0.0
0.0
0.0
1.0
0.0
1.0
273.0
0.0
0.0
0.0
0.0
1.0
0.0
0.0
0.03213525491562421
0.028816778784387098
0.0
-0.6494480483301832
0.7604059656000313
0.0
0.0
0.0
1.0
0.002353772871835347
0.01
0.7604059656000308
0.6494480483301838
-0.0
-0.7604059656000308
-0.6494480483301838
0.0
0.0
1.0
273.0
0.0
0.0
0.0
0.0
1.0
0.0
1.0
273.0
0.0
0.0
0.0
0.0
1.0
0.0
0.0
0.030606601717798214
0.030606601717798214
0.0
-0.7604059656000313
0.6494480483301832
0.0
0.0
0.0
1.0
0.002353772871835347
0.01
0.6494480483301838
0.7604059656000308
-0.0
-0.6494480483301838
-0.7604059656000308
0.0
0.0
1.0
273.0
0.0
0.0
0.0
0.0
1.0
0.0
1.0
273.0
0.0
0.0
0.0
0.0
1.0
0.0
0.0
0.028816778784387098
0.03213525491562421
0.0
-0.8526401643540927
0.522498564715948
0.0
0.0
0.0
1.0
0.0023537728718353496
0.01
0.522498564715949
0.8526401643540922
-0.0
-0.522498564715949
-0.8526401643540922
0.0
0.0
1.0
273.0
0.0
0.0
0.0
0.0
1.0
0.0
1.0
273.0
0.0
0.0
0.0
0.0
1.0
0.0
0.0
0.0268098574960932
0.033365097862825516
0.0
-0.9238795325112871
0.3826834323650893
0.0
0.0
0.0
1.0
0.002353772871835347
0.01
0.38268343236508984
0.9238795325112867
-0.0
-0.38268343236508984
-0.9238795325112867
0.0
0.0
1.0
273.0
0.0
0.0
0.0
0.0
1.0
0.0
1.0
273.0
0.0
0.0
0.0
0.0
1.0
0.0
0.0
0.02463525491562421
0.0342658477444273
0.0
-0.9723699203976758
0.23344536385590867
0.0
0.0
0.0
1.0
0.0023537728718353496
0.01
0.23344536385590556
0.9723699203976767
-0.0
-0.23344536385590556
-0.9723699203976767
0.0
0.0
1.0
273.0
0.0
0.0
0.0
0.0
1.0
0.0
1.0
273.0
0.0
0.0
0.0
0.0
1.0
0.0
0.0
0.022346516975603463
0.03481532510892707
0.0
-0.996917333733128
0.07845909572784468
0.0
0.0
0.0
1.0
0.002353772871835348
0.01
0.07845909572784504
0.996917333733128
-0.0
-0.07845909572784504
-0.996917333733128
0.0
0.0
1.0
273.0
0.0
0.0
0.0
0.0
1.0
0.0
1.0
273.0
0.0
0.0
0.0
0.0
1.0
0.0
0.0
0.02
0.035
0.0
-0.996917333733128
-0.07845909572784468
0.0
0.0
0.0
1.0
0.002353772871835348
0.01
-0.0784590957278448
0.996917333733128
-0.0
0.0784590957278448
-0.996917333733128
0.0
0.0
1.0
273.0
0.0
0.0
0.0
0.0
1.0
0.0
1.0
273.0
0.0
0.0
0.0
0.0
1.0
0.0
0.0
0.017653483024396538
0.03481532510892707
0.0
-0.9723699203976766
-0.2334453638559059
0.0
0.0
0.0
1.0
0.002353772871835348
0.01
-0.2334453638559053
0.9723699203976767
-0.0
0.2334453638559053
-0.9723699203976767
0.0
0.0
1.0
273.0
0.0
0.0
0.0
0.0
1.0
0.0
1.0
273.0
0.0
0.0
0.0
0.0
1.0
0.0
0.0
0.01536474508437579
0.03426584774442731
0.0
-0.9238795325112861
-0.3826834323650918
0.0
0.0
0.0
1.0
0.0023537728718353496
0.01
-0.38268343236508967
0.9238795325112868
-0.0
0.38268343236508967
-0.9238795325112868
0.0
0.0
1.0
273.0
0.0
0.0
0.0
0.0
1.0
0.0
1.0
273.0
0.0
0.0
0.0
0.0
1.0
0.0
0.0
0.0131901425039068
0.033365097862825516
0.0
-0.8526401643540923
-0.5224985647159486
0.0
0.0
0.0
1.0
0.002353772871835347
0.01
-0.5224985647159487
0.8526401643540923
-0.0
0.5224985647159487
-0.8526401643540923
0.0
0.0
1.0
273.0
0.0
0.0
0.0
0.0
1.0
0.0
1.0
273.0
0.0
0.0
0.0
0.0
1.0
0.0
0.0
0.011183221215612906
0.03213525491562421
0.0
-0.7604059656000316
-0.6494480483301828
0.0
0.0
0.0
1.0
0.0023537728718353483
0.01
-0.6494480483301837
0.7604059656000309
-0.0
0.6494480483301837
-0.7604059656000309
0.0
0.0
1.0
273.0
0.0
0.0
0.0
0.0
1.0
0.0
1.0
273.0
0.0
0.0
0.0
0.0
1.0
0.0
0.0
0.009393398282201789
0.030606601717798214
0.0
-0.6494480483301837
-0.7604059656000309
0.0
0.0
0.0
1.0
0.002353772871835348
0.01
-0.7604059656000309
0.6494480483301837
-0.0
0.7604059656000309
-0.6494480483301837
0.0
0.0
1.0
273.0
0.0
0.0
0.0
0.0
1.0
0.0
1.0
273.0
0.0
0.0
0.0
0.0
1.0
0.0
0.0
0.00786474508437579
0.028816778784387098
0.0
-0.5224985647159492
-0.8526401643540921
0.0
0.0
0.0
1.0
0.0023537728718353475
0.01
-0.8526401643540922
0.522498564715949
-0.0
0.8526401643540922
-0.522498564715949
0.0
0.0
1.0
273.0
0.0
0.0
0.0
0.0
1.0
0.0
1.0
273.0
0.0
0.0
0.0
0.0
1.0
0.0
0.0
0.006634902137174483
0.026809857496093204
0.0
-0.38268343236508984
-0.9238795325112867
0.0
0.0
0.0
1.0
0.002353772871835348
0.01
-0.9238795325112867
0.3826834323650899
-0.0
0.9238795325112867
-0.3826834323650899
0.0
0.0
1.0
273.0
0.0
0.0
0.0
0.0
1.0
0.0
1.0
273.0
0.0
0.0
0.0
0.0
1.0
0.0
0.0
0.005734152255572698
0.024635254915624214
0.0
-0.2334453638559052
-0.9723699203976768
0.0
0.0
0.0
1.0
0.0023537728718353475
0.01
-0.9723699203976766
0.23344536385590556
-0.0
0.9723699203976766
-0.23344536385590556
0.0
0.0
1.0
273.0
0.0
0.0
0.0
0.0
1.0
0.0
1.0
273.0
0.0
0.0
0.0
0.0
1.0
0.0
0.0
0.005184674891072936
0.022346516975603466
0.0
-0.07845909572784542
-0.996917333733128
0.0
0.0
0.0
1.0
0.002353772871835348
0.01
-0.996917333733128
0.07845909572784504
-0.0
0.996917333733128
-0.07845909572784504
0.0
0.0
1.0
273.0
0.0
0.0
0.0
0.0
1.0
0.0
1.0
273.0
0.0
0.0
0.0
0.0
1.0
0.0
0.0
0.005000000000000001
0.020000000000000004
0.0
0.07845909572784457
-0.996917333733128
0.0
0.0
0.0
1.0
0.0023537728718353514
0.01
-0.996917333733128
-0.0784590957278448
-0.0
0.996917333733128
0.0784590957278448
0.0
0.0
1.0
273.0
0.0
0.0
0.0
0.0
1.0
0.0
1.0
273.0
0.0
0.0
0.0
0.0
1.0
0.0
0.0
0.005184674891072934
0.017653483024396538
0.0
0.2334453638559052
-0.9723699203976768
0.0
0.0
0.0
1.0
0.0023537728718353475
0.01
-0.9723699203976767
-0.2334453638559053
-0.0
0.9723699203976767
0.2334453638559053
0.0
0.0
1.0
273.0
0.0
0.0
0.0
0.0
1.0
0.0
1.0
273.0
0.0
0.0
0.0
0.0
1.0
0.0
0.0
0.005734152255572696
0.01536474508437579
0.0
0.38268343236508984
-0.9238795325112867
0.0
0.0
0.0
1.0
0.002353772871835348
0.01
-0.9238795325112868
-0.38268343236508967
-0.0
0.9238795325112868
0.38268343236508967
0.0
0.0
1.0
273.0
0.0
0.0
0.0
0.0
1.0
0.0
1.0
273.0
0.0
0.0
0.0
0.0
1.0
0.0
0.0
0.006634902137174482
0.0131901425039068
0.0
0.5224985647159486
-0.8526401643540923
0.0
0.0
0.0
1.0
0.002353772871835347
0.01
-0.8526401643540923
-0.5224985647159487
-0.0
0.8526401643540923
0.5224985647159487
0.0
0.0
1.0
273.0
0.0
0.0
0.0
0.0
1.0
0.0
1.0
273.0
0.0
0.0
0.0
0.0
1.0
0.0
0.0
0.007864745084375787
0.011183221215612906
0.0
0.6494480483301833
-0.7604059656000313
0.0
0.0
0.0
1.0
0.002353772871835349
0.01
-0.760405965600031
-0.6494480483301835
-0.0
0.760405965600031
0.6494480483301835
0.0
0.0
1.0
273.0
0.0
0.0
0.0
0.0
1.0
0.0
1.0
273.0
0.0
0.0
0.0
0.0
1.0
0.0
0.0
0.009393398282201785
0.009393398282201789
0.0
0.7604059656000313
-0.6494480483301833
0.0
0.0
0.0
1.0
0.002353772871835349
0.01
-0.6494480483301841
-0.7604059656000306
-0.0
0.6494480483301841
0.7604059656000306
0.0
0.0
1.0
273.0
0.0
0.0
0.0
0.0
1.0
0.0
1.0
273.0
0.0
0.0
0.0
0.0
1.0
0.0
0.0
0.011183221215612903
0.00786474508437579
0.0
0.8526401643540921
-0.5224985647159492
0.0
0.0
0.0
1.0
0.0023537728718353475
0.01
-0.5224985647159486
-0.8526401643540924
-0.0
0.5224985647159486
0.8526401643540924
0.0
0.0
1.0
273.0
0.0
0.0
0.0
0.0
1.0
0.0
1.0
273.0
0.0
0.0
0.0
0.0
1.0
0.0
0.0
0.013190142503906797
0.006634902137174483
0.0
0.9238795325112867
-0.38268343236508984
0.0
0.0
0.0
1.0
0.002353772871835348
0.01
-0.3826834323650904
-0.9238795325112865
-0.0
0.3826834323650904
0.9238795325112865
0.0
0.0
1.0
273.0
0.0
0.0
0.0
0.0
1.0
0.0
1.0
273.0
0.0
0.0
0.0
0.0
1.0
0.0
0.0
0.015364745084375787
0.005734152255572698
0.0
0.9723699203976768
-0.2334453638559052
0.0
0.0
0.0
1.0
0.0023537728718353475
0.01
-0.23344536385590509
-0.9723699203976767
-0.0
0.23344536385590509
0.9723699203976767
0.0
0.0
1.0
273.0
0.0
0.0
0.0
0.0
1.0
0.0
1.0
273.0
0.0
0.0
0.0
0.0
1.0
0.0
0.0
0.017653483024396534
0.005184674891072936
0.0
0.996917333733128
-0.07845909572784542
0.0
0.0
0.0
1.0
0.002353772871835348
0.01
-0.0784590957278455
-0.996917333733128
-0.0
0.0784590957278455
0.996917333733128
0.0
0.0
1.0
273.0
0.0
0.0
0.0
0.0
1.0
0.0
1.0
273.0
0.0
0.0
0.0
0.0
1.0
0.0
0.0
0.019999999999999997
0.005000000000000001
0.0
0.996917333733128
0.07845909572784468
0.0
0.0
0.0
1.0
0.002353772871835348
0.01
0.07845909572784526
-0.996917333733128
-0.0
-0.07845909572784526
0.996917333733128
0.0
0.0
1.0
273.0
0.0
0.0
0.0
0.0
1.0
0.0
1.0
273.0
0.0
0.0
0.0
0.0
1.0
0.0
0.0
0.02234651697560346
0.005184674891072934
0.0
0.9723699203976768
0.23344536385590484
0.0
0.0
0.0
1.0
0.002353772871835351
0.01
0.23344536385590486
-0.9723699203976768
-0.0
-0.23344536385590486
0.9723699203976768
0.0
0.0
1.0
273.0
0.0
0.0
0.0
0.0
1.0
0.0
1.0
273.0
0.0
0.0
0.0
0.0
1.0
0.0
0.0
0.02463525491562421
0.005734152255572696
0.0
0.9238795325112871
0.3826834323650893
0.0
0.0
0.0
1.0
0.002353772871835347
0.01
0.3826834323650901
-0.9238795325112866
-0.0
-0.3826834323650901
0.9238795325112866
0.0
0.0
1.0
273.0
0.0
0.0
0.0
0.0
1.0
0.0
1.0
273.0
0.0
0.0
0.0
0.0
1.0
0.0
0.0
0.0268098574960932
0.00663490213717448
0.0
0.8526401643540915
0.5224985647159498
0.0
0.0
0.0
1.0
0.002353772871835345
0.01
0.5224985647159484
-0.8526401643540926
-0.0
-0.5224985647159484
0.8526401643540926
0.0
0.0
1.0
273.0
0.0
0.0
0.0
0.0
1.0
0.0
1.0
273.0
0.0
0.0
0.0
0.0
1.0
0.0
0.0
0.02881677878438709
0.007864745084375787
0.0
0.7604059656000316
0.649448048330183
0.0
0.0
0.0
1.0
0.0023537728718353505
0.01
0.6494480483301838
-0.7604059656000308
-0.0
-0.6494480483301838
0.7604059656000308
0.0
0.0
1.0
273.0
0.0
0.0
0.0
0.0
1.0
0.0
1.0
273.0
0.0
0.0
0.0
0.0
1.0
0.0
0.0
0.03060660171779821
0.009393398282201785
0.0
0.6494480483301841
0.7604059656000306
0.0
0.0
0.0
1.0
0.002353772871835349
0.01
0.7604059656000304
-0.6494480483301842
-0.0
-0.7604059656000304
0.6494480483301842
0.0
0.0
1.0
273.0
0.0
0.0
0.0
0.0
1.0
0.0
1.0
273.0
0.0
0.0
0.0
0.0
1.0
0.0
0.0
0.03213525491562421
0.011183221215612901
0.0
0.5224985647159484
0.8526401643540925
0.0
0.0
0.0
1.0
0.0023537728718353483
0.01
0.8526401643540924
-0.5224985647159487
-0.0
-0.8526401643540924
0.5224985647159487
0.0
0.0
1.0
273.0
0.0
0.0
0.0
0.0
1.0
0.0
1.0
273.0
0.0
0.0
0.0
0.0
1.0
0.0
0.0
0.033365097862825516
0.013190142503906797
0.0
0.3826834323650893
0.9238795325112871
0.0
0.0
0.0
1.0
0.002353772871835347
0.01
0.9238795325112865
-0.3826834323650904
-0.0
-0.9238795325112865
0.3826834323650904
0.0
0.0
1.0
273.0
0.0
0.0
0.0
0.0
1.0
0.0
1.0
273.0
0.0
0.0
0.0
0.0
1.0
0.0
0.0
0.0342658477444273
0.015364745084375787
0.0
0.2334453638559059
0.9723699203976766
0.0
0.0
0.0
1.0
0.002353772871835348
0.01
0.9723699203976767
-0.23344536385590509
-0.0
-0.9723699203976767
0.23344536385590509
0.0
0.0
1.0
273.0
0.0
0.0
0.0
0.0
1.0
0.0
1.0
273.0
0.0
0.0
0.0
0.0
1.0
0.0
0.0
0.03481532510892706
0.017653483024396534
0.0
0.07845909572784761
0.9969173337331277
0.0
0.0
0.0
1.0
0.0023537728718353483
0.01
0.996917333733128
-0.07845909572784573
-0.0
-0.996917333733128
0.07845909572784573
0.0
0.0
1.0
273.0
0.0
0.0
0.0
0.0
1.0
0.0
1.0
273.0
0.0
0.0
0.0
0.0
1.0
0.0
0.0
0.035
0.035
0.0099999999
1.0
0.0
0.0
0.0
1.0
0.0
0.009999999999999995
0.009999999999999995
-0.0
-0.0
1.0
0.0
0.0
-1.0
0.0
1.0
273.0
0.0
0.0
0.0
0.0
1.0
0.0
1.0
273.0
0.0
10000000000.0
1.0
0.0
1.0
0.0
0.0001
0.035
0.035
1e-10
1.0
0.0
0.0
0.0
1.0
0.0
0.009999999999999995
0.009999999999999995
-0.0
-0.0
1.0
0.0
0.0
-1.0
0.0
1.0
273.0
0.0
0.0
0.0
1.0
1.0
0.0
1.0
273.0
0.0
0.0
0.0
0.0
1.0
0.0
0.0001
