0.000796516
0.000796516
0.000767508
0.000767508
0.00153212
0.00153212
0.00102084
0.00102084
0.000552065
0.000552065
0.000292967
0.000292967
0.00165739
0.00165739
0.000765628
0.000765628
0.00181673
0.00181673
0.000534554
0.000534554
0.000936007
0.000936007
0.000323305
0.000323305
0.00102524
0.00102524
0.0012099
0.0012099
0.00119977
0.00119977
0.0007553
0.0007553
-0.000150475
-0.000150475
0.00102849
0.00102849
0.000900679
0.000900679
2.16871e-05
2.16871e-05
0.00086967
0.00086967
0.000612063
0.000612063
0.000980895
0.000980895
0.000298694
0.000298694
0.00097833
0.00097833
0.000547873
0.000547873
0.00112049
0.00112049
0.000823332
0.000823332
0.000673234
0.000673234
0.00025897
0.00025897
0.000951952
0.000951952
0.000386645
0.000386645
0.00124891
0.00124891
0.00120909
0.00120909
0.00101272
0.00101272
0.000763462
0.000763462
0.00149857
0.00149857
0.00183232
0.00183232
0.0016668
0.0016668
0.000869767
0.000869767
0.00122949
0.00122949
0.00087729
0.00087729
0.00151129
0.00151129
0.00102169
0.00102169
0.000396609
0.000396609
0.00131314
0.00131314
0.00109021
0.00109021
0.000704189
0.000704189
0.00106504
0.00106504
0.00140605
0.00140605
0.00172943
0.00172943
0.000783959
0.000783959
0.00135911
0.00135911
0.000795788
0.000795788
0.000845961
0.000845961
0.0017002
0.0017002
0.00110923
0.00110923
0.00105208
0.00105208
0.00103198
0.00103198
0.000868786
0.000868786
0.000895032
0.000895032
0.00123089
0.00123089
0.00121229
0.00121229
0.00140548
0.00140548
0.000583145
0.000583145
0.00133292
0.00133292
0.00163846
0.00163846
0.00117158
0.00117158
0.00094303
0.00094303
0.0018882
0.0018882
0.00111039
0.00111039
0.0014905
0.0014905
0.00107884
0.00107884
0.00136921
0.00136921
0.00172328
0.00172328
0.00175447
0.00175447
0.00132075
0.00132075
0.00111391
0.00111391
0.00200631
0.00200631
0.00131757
0.00131757
0.00114707
0.00114707
0.00161534
0.00161534
0.00100007
0.00100007
0.00153003
0.00153003
0.0015868
0.0015868
0.000719401
0.000719401
0.0017188
0.0017188
0.00125581
0.00125581
0.00113116
0.00113116
0.000682979
0.000682979
