+0.0000000000000000E+00 +4.1892064503936256E-04   
-6.7898532378940502E-03 +1.9066002117970437E-03   
-1.3511961526962324E-02 +2.9559686674276143E-03   
-2.0166561529057603E-02 +2.4033682071295057E-03   
-2.6753891793786622E-02 +2.1735496033580166E-03   
-3.3274192767626332E-02 +1.9810097577136888E-03   
-3.9727706802885621E-02 +1.8489439516612572E-03   
-4.6114678166476963E-02 +2.2925256422057895E-03   
-5.2435353048505107E-02 +1.9930463024541117E-03   
-5.8689979570656803E-02 +2.5749712621150455E-03   
-6.4878807794398696E-02 +1.6599434495705773E-03   
-7.1002089728947837E-02 +2.2606866952398982E-03   
-7.7060079339039689E-02 +2.5977578790348076E-03   
-8.3053032552459882E-02 +2.1112315970125196E-03   
-8.8981207267346818E-02 +2.5570181264477454E-03   
-9.4844863359245579E-02 +1.9202645292750750E-03   
-1.0064426268791138E-01 +2.6722414788014630E-03   
-1.0637966910385899E-01 +1.6596609783277028E-03   
-1.1205134845463682E-01 +1.2486552818318987E-03   
-1.1765956859082216E-01 +2.6750797718860836E-03   
-1.2320459937172501E-01 +2.5214179774828366E-03   
-1.2868671267081311E-01 +2.1470007192408687E-03   
-1.3410618238081184E-01 +3.1803816644012397E-03   
-1.3946328441849865E-01 +2.1014778218545077E-03   
-1.4475829672916518E-01 +1.8647137822539542E-03   
-1.4999149929075806E-01 +1.8908694715097107E-03   
-1.5516317411766067E-01 +3.8921555888168200E-03   
-1.6027360526413403E-01 +1.7052372195204475E-03   
-1.6532307882737918E-01 +2.1789273710305880E-03   
-1.7031188295024080E-01 +1.7497044030975642E-03   
-1.7524030782351474E-01 +2.2198303857589767E-03   
-1.8010864568786644E-01 +2.3239748853726852E-03   
-1.8491719083534086E-01 +1.4250672427266393E-03   
-1.8966623961046203E-01 +1.8005414746470572E-03   
-1.9435609041089918E-01 +2.1487314327214811E-03   
-1.9898704368770481E-01 +2.6127708058905573E-03   
-2.0355940194509614E-01 +1.6194383893196782E-03   
-2.0807346973978547E-01 +3.0885433249027133E-03   
-2.1252955367983617E-01 +2.7021069857151147E-03   
-2.1692796242304446E-01 +2.8875947559247172E-03   
-2.2126900667482552E-01 +1.3029612811936177E-03   
-2.2555299918559690E-01 +2.6357619027933613E-03   
-2.2978025474765396E-01 +2.0664821894805919E-03   
-2.3395109019151938E-01 +2.4652636100333403E-03   
-2.3806582438175283E-01 +2.1111549802147701E-03   
-2.4212477821222222E-01 +2.4414081191573645E-03   
-2.4612827460081554E-01 +2.5399231742220950E-03   
-2.5007663848357353E-01 +3.1493156064879620E-03   
-2.5397019680826283E-01 +1.0253810520091037E-03   
-2.5780927852734514E-01 +3.6741949154674995E-03   
-2.6159421459034427E-01 +1.7360344582863323E-03   
-2.6532533793560908E-01 +2.9564314981158270E-03   
-2.6900298348144247E-01 +8.3131136467645824E-04   
-2.7262748811661019E-01 +3.3740871949877135E-03   
-2.7619919069018906E-01 +3.4257775090045630E-03   
-2.7971843200076840E-01 +2.2199260156110867E-03   
-2.8318555478498908E-01 +2.5598900694033936E-03   
-2.8660090370538782E-01 +2.9166066131940814E-03   
-2.8996482533757906E-01 +1.5237550989325355E-03   
-2.9327766815671730E-01 +2.9822153894186573E-03   
-2.9653978252326318E-01 +2.6417545682885981E-03   
-2.9975152066803012E-01 +2.5695243825483243E-03   
-3.0291323667650083E-01 +1.3245145038435547E-03   
-3.0602528647241023E-01 +1.8717092608123691E-03   
-3.0908802780057343E-01 +2.0784955709526177E-03   
-3.1210182020896760E-01 +2.9391391757182458E-03   
-3.1506702503004647E-01 +1.9523524582090032E-03   
-3.1798400536127502E-01 +1.2277170231776995E-03   
-3.2085312604488436E-01 +2.9840905472571389E-03   
-3.2367475364684140E-01 +2.0923245281121443E-03   
-3.2644925643501210E-01 +2.5169601890474048E-03   
-3.2917700435652542E-01 +2.7659578259687043E-03   
-3.3185836901431109E-01 +2.8257282620838386E-03   
-3.3449372364283114E-01 +1.4915788129317047E-03   
-3.3708344308297633E-01 +2.8968786089782249E-03   
-3.3962790375612784E-01 +2.6750752155316380E-03   
-3.4212748363737511E-01 +2.5456850509973472E-03   
-3.4458256222789885E-01 +1.8922619587657841E-03   
-3.4699352052649068E-01 +3.3193016826928291E-03   
-3.4936074100022729E-01 +2.5454757718484399E-03   
-3.5168460755427056E-01 +3.3780006964201650E-03   
-3.5396550550082218E-01 +2.9036289278595948E-03   
-3.5620382152718832E-01 +2.1086775350001676E-03   
-3.5839994366299521E-01 +1.9831833955189452E-03   
-3.6055426124651291E-01 +3.1005960001424760E-03   
-3.6266716489011586E-01 +1.8751010142545512E-03   
-3.6473904644485700E-01 +2.0846278803893998E-03   
-3.6677029896417501E-01 +1.5100245486933202E-03   
-3.6876131666671519E-01 +2.8323123022390016E-03   
-3.7071249489827629E-01 +2.0362907258113030E-03   
-3.7262423009287104E-01 +2.0285347227797473E-03   
-3.7449691973293397E-01 +3.0888690982216237E-03   
-3.7633096230862506E-01 +3.2152518237582115E-03   
-3.7812675727628431E-01 +1.8476580205495257E-03   
-3.7988470501601768E-01 +2.8031526547275406E-03   
-3.8160520678840371E-01 +2.0028022764916418E-03   
-3.8328866469036527E-01 +2.1273839358562129E-03   
-3.8493548161015845E-01 +1.4381150720705861E-03   
-3.8654606118154788E-01 +2.5371123534210782E-03   
-3.8812080773711344E-01 +2.3537171315676101E-03   
-3.8966012626073798E-01 +2.6488394863137784E-03   
-3.9116442233926918E-01 +3.6723013712151955E-03   
-3.9263410211336591E-01 +3.7190442447636377E-03   
-3.9406957222753647E-01 +3.2716158149249303E-03   
-3.9547123977938092E-01 +3.4041759491803283E-03   
-3.9683951226806258E-01 +3.8459345997693081E-03   
-3.9817479754198715E-01 +3.8383498717586458E-03   
-3.9947750374574298E-01 +3.1007461664413647E-03   
-4.0074803926628633E-01 +2.7668424952700509E-03   
-4.0198681267839653E-01 +3.1547445342847572E-03   
-4.0319423268943133E-01 +2.9969676136139679E-03   
-4.0437070808335918E-01 +4.7907516690081694E-03   
-4.0551664766413609E-01 +2.9125216980544124E-03   
-4.0663246019839860E-01 +2.4351792268050578E-03   
-4.0771855435753146E-01 +4.1556989989539926E-03   
-4.0877533865909577E-01 +3.0581208204572673E-03   
-4.0980322140766035E-01 +2.4167158439497931E-03   
-4.1080261063504864E-01 +3.2197959162941461E-03   
-4.1177391404002428E-01 +3.1223964966794037E-03   
-4.1271753892744378E-01 +3.7142229329828924E-03   
-4.1363389214688340E-01 +2.4412860222414803E-03   
-4.1452338003079170E-01 +3.4894573160883860E-03   
-4.1538640833216256E-01 +4.0748205914435303E-03   
-4.1622338216178356E-01 +5.1111429694485257E-03   
-4.1703470592506520E-01 +2.8415304489031595E-03   
-4.1782078325848460E-01 +3.3252190038973043E-03   
-4.1858201696568642E-01 +1.7343121458961593E-03   
-4.1931880895324092E-01 +2.1395290306021782E-03   
-4.2003156016611598E-01 +3.8677829276347053E-03   
-4.2072067052288631E-01 +3.2503346548025261E-03   
-4.2138653885070099E-01 +2.2626810404929466E-03   
-4.2202956282005033E-01 +2.0886296108369065E-03   
-4.2265013887937286E-01 +3.3080883843292419E-03   
-4.2324866218950952E-01 +4.1732520196177134E-03   
-4.2382552655806727E-01 +3.0821537483476926E-03   
-4.2438112437371878E-01 +3.1842339749929872E-03   
-4.2491584654044878E-01 +2.5868706587348347E-03   
-4.2543008241183422E-01 +2.9946822654101863E-03   
-4.2592421972532968E-01 +3.5939800402823505E-03   
-4.2639864453665766E-01 +3.7728589360671184E-03   
-4.2685374115429298E-01 +3.0832669018915301E-03   
-4.2728989207410351E-01 +4.1540073688560606E-03   
-4.2770747791417207E-01 +4.0718729217628577E-03   
-4.2810687734986352E-01 +3.7128863400386104E-03   
-4.2848846704912447E-01 +3.6162298610108953E-03   
-4.2885262160812054E-01 +3.3910789576699083E-03   
-4.2919971348718988E-01 +3.5166795588240690E-03   
-4.2953011294718557E-01 +2.7966730579302131E-03   
-4.2984418798624624E-01 +2.0063149040506090E-03   
-4.3014230427701783E-01 +3.9524007127107273E-03   
-4.3042482510437452E-01 +2.9045533091929614E-03   
-4.3069211130368856E-01 +2.9422363432121549E-03   
-4.3094452119966498E-01 +2.7982368049560015E-03   
-4.3118241054580508E-01 +3.1066238301948818E-03   
-4.3140613246452553E-01 +3.6053657600183179E-03   
-4.3161603738796828E-01 +3.1704278140588498E-03   
-4.3181247299956027E-01 +3.3713918514512633E-03   
-4.3199578417633155E-01 +1.9390191296022631E-03   
-4.3216631293205765E-01 +3.3647904537034180E-03   
-4.3232439836125458E-01 +3.4087949101411241E-03   
-4.3247037658405851E-01 +3.3765091295879838E-03   
-4.3260458069203445E-01 +3.2021488898492756E-03   
-4.3272734069495655E-01 +4.0969937384347207E-03   
-4.3283898346858152E-01 +2.9607085740775653E-03   
-4.3293983270345926E-01 +3.5759588644941548E-03   
-4.3303020885482901E-01 +2.4939391090411387E-03   
-4.3311042909360609E-01 +3.9809165741208907E-03   
-4.3318080725852859E-01 +3.8772107802233962E-03   
-4.3324165380946056E-01 +3.6554763215614302E-03   
-4.3329327578192611E-01 +3.3579106830430062E-03   
-4.3333597674286928E-01 +4.6291659901956496E-03   
-4.3337005674767859E-01 +4.0187409069111345E-03   
-4.3339581229854396E-01 +3.0411763848786086E-03   
-4.3341353630410495E-01 +4.1846244943855920E-03   
-4.3342351804049706E-01 +3.3569413295043895E-03   
-4.3342604311374799E-01 +3.4176714252454202E-03   
-4.3342139342362529E-01 +2.7421595891543235E-03   
-4.3340984712889075E-01 +2.8763421333957298E-03   
-4.3339167861403460E-01 +4.1981300084956950E-03   
-4.3336715845749119E-01 +2.8517587945423991E-03   
-4.3333655340136090E-01 +2.1641367650040125E-03   
-4.3330012632266346E-01 +4.0150732261280235E-03   
-4.3325813620613829E-01 +2.1426503552682509E-03   
-4.3321083811860639E-01 +2.4030505892154519E-03   
-4.3315848318491845E-01 +2.6228101315906669E-03   
-4.3310131856549994E-01 +3.5341656921951867E-03   
-4.3303958743551263E-01 +3.9908185841137072E-03   
-4.3297352896563090E-01 +3.3583027824399883E-03   
-4.3290337830446823E-01 +3.2030720818930921E-03   
-4.3282936656264148E-01 +2.6790196881566848E-03   
-4.3275172079848900E-01 +2.6089058796120229E-03   
-4.3267066400546383E-01 +2.5189174396379015E-03   
-4.3258641510117712E-01 +3.4058523152424441E-03   
-4.3249918891813266E-01 +3.1479362058649289E-03   
-4.3240919619612406E-01 +4.2841336822642883E-03   
-4.3231664357632127E-01 +2.9941502276021937E-03   
-4.3222173359702154E-01 +3.1843470068281996E-03   
-4.3212466469109145E-01 +3.3645675696944034E-03   
-4.3202563118506809E-01 +3.6412020239720705E-03   
-4.3192482329994242E-01 +2.7733215981811305E-03   
-4.3182242715359997E-01 +2.8240925286796867E-03   
-4.3171862476491896E-01 +3.8521855369267259E-03   
-4.3161359405951671E-01 +4.4998745148531003E-03   
-4.3150750887713762E-01 +4.3639164244591890E-03   
-4.3140053898066277E-01 +3.9064354965647344E-03   
-4.3129285006673967E-01 +5.3122873742408611E-03   
-4.3118460377801426E-01 +4.4050979789993748E-03   
-4.3107595771693674E-01 +3.1874158680609012E-03   
-4.3096706546114660E-01 +4.3771538009709891E-03   
-4.3085807658041197E-01 +4.1449218667071030E-03   
-4.3074913665508419E-01 +3.9118202005943205E-03   
-4.3064038729608356E-01 +4.3444579078875528E-03   
-4.3053196616635780E-01 +4.5955187674202660E-03   
-4.3042400700381478E-01 +3.8897958851217733E-03   
-4.3031663964570477E-01 +3.8263882955032595E-03   
-4.3020999005440608E-01 +4.1043027213907542E-03   
-4.3010418034461217E-01 +3.4687017010447867E-03   
-4.2999932881188130E-01 +3.7875897228497766E-03   
-4.2989554996252188E-01 +3.4689288960276813E-03   
-4.2979295454478716E-01 +4.3523747572166201E-03   
-4.2969164958133632E-01 +4.2152883465619928E-03   
-4.2959173840296394E-01 +4.8190433408696687E-03   
-4.2949332068351609E-01 +4.0797359664708245E-03   
-4.2939649247601253E-01 +3.9188615477077412E-03   
-4.2930134624990046E-01 +3.4407456130587754E-03   
-4.2920797092943630E-01 +3.9111419122680006E-03   
-4.2911645193312609E-01 +4.1517417301856468E-03   
-4.2902687121423888E-01 +3.4958346760270423E-03   
-4.2893930730230245E-01 +5.2521123692924904E-03   
-4.2885383534558130E-01 +5.0081454428490078E-03   
-4.2877052715449437E-01 +4.3470845524626496E-03   
-4.2868945124591740E-01 +4.6702964747130588E-03   
-4.2861067288836097E-01 +3.5427551581058529E-03   
-4.2853425414794799E-01 +3.7971146262289965E-03   
-4.2846025393519760E-01 +4.3401398811115663E-03   
-4.2838872805253025E-01 +4.8798616184778845E-03   
-4.2831972924249762E-01 +4.7935018706803676E-03   
-4.2825330723666788E-01 +4.0026826902652499E-03   
-4.2818950880513462E-01 +3.5665647526457356E-03   
-4.2812837780662427E-01 +4.0479678297995481E-03   
-4.2806995523913471E-01 +4.2726589043268169E-03   
-4.2801427929110503E-01 +3.3803114514008303E-03   
-4.2796138539302930E-01 +4.7325359378500567E-03   
-4.2791130626951990E-01 +4.9419140352553945E-03   
-4.2786407199175436E-01 +3.8958673429812232E-03   
-4.2781971003027053E-01 +5.1350035672560086E-03   
-4.2777824530807962E-01 +5.3127294845520690E-03   
-4.2773970025405994E-01 +3.2465640878424178E-03   
-4.2770409485657090E-01 +4.3667015127176433E-03   
-4.2767144671728374E-01 +4.2949961670920613E-03   
-4.2764177110516677E-01 +3.6825409403813754E-03   
-4.2761508101058965E-01 +4.5860090900825771E-03   
-4.2759138719952716E-01 +3.9576890940346467E-03   
-4.2757069826780381E-01 +4.0049121412043392E-03   
-4.2755302069536860E-01 +3.4925871154192394E-03   
-4.2753835890053615E-01 +3.4466193872671547E-03   
-4.2752671529418151E-01 +3.8935399493658100E-03   
-4.2751809033385868E-01 +4.4702715978922718E-03   
-4.2751248257777341E-01 +4.2959400888147861E-03   
-4.2750988873863349E-01 +3.0251664238665080E-03   
-4.2751030373729293E-01 +5.3685840162654829E-03   
-4.2751372075619010E-01 +3.4357170565685446E-03   
-4.2752013129253186E-01 +4.4518780854202683E-03   
-4.2752952521121479E-01 +5.2882018380909866E-03   
-4.2754189079742311E-01 +4.2359449320347039E-03   
-4.2755721480891218E-01 +4.5132054834091020E-03   
-4.2757548252791366E-01 +4.0690247305308295E-03   
-4.2759667781267297E-01 +4.1748899249273042E-03   
-4.2762078314854080E-01 +3.4668214603752866E-03   
-4.2764777969867218E-01 +3.5533144647386947E-03   
-4.2767764735421743E-01 +4.5441965153091629E-03   
-4.2771036478405122E-01 +3.5919069592396896E-03   
-4.2774590948399549E-01 +3.8096407723531402E-03   
-4.2778425782549512E-01 +3.6244732714744280E-03   
-4.2782538510375900E-01 +4.0686345245605007E-03   
-4.2786926558531668E-01 +4.3012648918703596E-03   
-4.2791587255499763E-01 +2.8380302114543615E-03   
-4.2796517836228887E-01 +3.0791147165631647E-03   
-4.2801715446707789E-01 +4.2972983303200393E-03   
-4.2807177148474551E-01 +3.4032991130967484E-03   
-4.2812899923060499E-01 +4.7163588760371737E-03   
-4.2818880676367321E-01 +3.1116508701698386E-03   
-4.2825116242973849E-01 +3.9185857956625580E-03   
-4.2831603390375328E-01 +3.1954348980352825E-03   
-4.2838338823149513E-01 +4.5532298985020876E-03   
-4.2845319187051167E-01 +4.4011459102049925E-03   
-4.2852541073033912E-01 +3.1356115234320260E-03   
-4.2860001021196759E-01 +4.0128463279551409E-03   
-4.2867695524655858E-01 +4.1885312005527121E-03   
-4.2875621033341105E-01 +3.0723932095516613E-03   
-4.2883773957713878E-01 +4.3750704990365066E-03   
-4.2892150672410523E-01 +3.7781239541919663E-03   
-4.2900747519805016E-01 +3.6073612977862530E-03   
-4.2909560813495418E-01 +4.8703403554356140E-03   
-4.2918586841710393E-01 +3.3056770521525123E-03   
-4.2927821870636862E-01 +3.3482720830770641E-03   
-4.2937262147668598E-01 +4.0544631484057767E-03   
-4.2946903904574896E-01 +5.2488004976009497E-03   
-4.2956743360589833E-01 +3.8603507241491636E-03   
-4.2966776725421418E-01 +4.5183327408334318E-03   
-4.2977000202181692E-01 +3.2467221671257512E-03   
-4.2987409990236181E-01 +4.5007409021943275E-03   
-4.2998002287975012E-01 +4.9922744064824914E-03   
-4.3008773295503566E-01 +5.8155505957653425E-03   
-4.3019719217254959E-01 +5.0529682887874875E-03   
-4.3030836264523487E-01 +5.5490915121029702E-03   
-4.3042120657919725E-01 +4.9165154577548390E-03   
-4.3053568629747119E-01 +5.3641393645677323E-03   
-4.3065176426302365E-01 +5.0679205015886509E-03   
-4.3076940310097811E-01 +4.6370392661400838E-03   
-4.3088856562008182E-01 +4.7863420549751554E-03   
-4.3100921483340571E-01 +5.4664978884800394E-03   
-4.3113131397830706E-01 +5.4636808234969272E-03   
-4.3125482653564085E-01 +5.4079712783447718E-03   
-4.3137971624823912E-01 +5.2555347588896136E-03   
-4.3150594713864976E-01 +5.8776441928384982E-03   
-4.3163348352618058E-01 +4.8509255254851353E-03   
-4.3176229004320987E-01 +5.5745227925460810E-03   
-4.3189233165080054E-01 +5.3268253889591326E-03   
-4.3202357365363042E-01 +4.8945523469924920E-03   
-4.3215598171422975E-01 +5.2166766947896581E-03   
-4.3228952186654546E-01 +5.9250221238859859E-03   
-4.3242416052885702E-01 +5.8044929604362944E-03   
-4.3255986451601025E-01 +4.6918618614121901E-03   
-4.3269660105104712E-01 +4.6969852368861364E-03   
-4.3283433777617297E-01 +4.6136293494763343E-03   
-4.3297304276311444E-01 +5.0651181772576100E-03   
-4.3311268452288232E-01 +3.6640667342543757E-03   
-4.3325323201490917E-01 +5.9058191859611819E-03   
-4.3339465465562732E-01 +4.6243520483827075E-03   
-4.3353692232646068E-01 +6.2261816722580209E-03   
-4.3368000538124818E-01 +5.7637094089149606E-03   
-4.3382387465313776E-01 +5.1853188548120262E-03   
-4.3396850146091737E-01 +4.6438764725284781E-03   
-4.3411385761483956E-01 +5.7613494251568314E-03   
-4.3425991542191511E-01 +5.1941889706335360E-03   
-4.3440664769072868E-01 +4.6110850331281357E-03   
-4.3455402773573049E-01 +5.7325313789724826E-03   
-4.3470202938108926E-01 +6.0954497312386783E-03   
-4.3485062696404775E-01 +5.1834301503856806E-03   
-4.3499979533784661E-01 +5.0134776737234587E-03   
-4.3514950987419709E-01 +3.8991651297320775E-03   
-4.3529974646532921E-01 +5.0720084636294450E-03   
-4.3545048152562948E-01 +5.0175915598704920E-03   
-4.3560169199285781E-01 +4.5137247383319617E-03   
-4.3575335532899651E-01 +6.2981493392635516E-03   
-4.3590544952069799E-01 +6.4710431631990395E-03   
-4.3605795307937889E-01 +6.8364659276246315E-03   
-4.3621084504095364E-01 +4.8592405459314692E-03   
-4.3636410496522515E-01 +6.2693644621214569E-03   
-4.3651771293493802E-01 +5.8222585194936697E-03   
-4.3667164955452087E-01 +4.9991185481866283E-03   
-4.3682589594851251E-01 +5.2037642870543790E-03   
-4.3698043375968965E-01 +5.8898027808348408E-03   
-4.3713524514691748E-01 +5.5754710481805449E-03   
-4.3729031278270725E-01 +4.2785737707073598E-03   
-4.3744561985053210E-01 +4.5352897464529781E-03   
-4.3760115004186595E-01 +5.2770564117673056E-03   
-4.3775688755299846E-01 +4.3835553205642764E-03   
-4.3791281708160135E-01 +6.4867868766748443E-03   
-4.3806892382309215E-01 +4.7493487012751287E-03   
-4.3822519346676181E-01 +5.1549787675138417E-03   
-4.3838161219171567E-01 +6.1549256162073979E-03   
-4.3853816666262446E-01 +4.7014658287722749E-03   
-4.3869484402527803E-01 +5.0909909985443376E-03   
-4.3885163190197929E-01 +4.7833466618088360E-03   
-4.3900851838676580E-01 +4.0435965835020800E-03   
-4.3916549204048572E-01 +4.3510388439726329E-03   
-4.3932254188571385E-01 +4.3097994011085262E-03   
-4.3947965740153627E-01 +5.4827558815474303E-03   
-4.3963682851821417E-01 +5.6004003996163506E-03   
-4.3979404561171798E-01 +5.3705663682028504E-03   
-4.3995129949814249E-01 +5.2141698210336016E-03   
-4.4010858142803144E-01 +5.4138372297588130E-03   
-4.4026588308060077E-01 +4.5059772358462223E-03   
-4.4042319655785711E-01 +5.7582075601210203E-03   
-4.4058051437866119E-01 +5.7619810508488193E-03   
-4.4073782947268825E-01 +5.2677911708475609E-03   
-4.4089513517433510E-01 +4.3947232643607049E-03   
-4.4105242521656685E-01 +4.1935626237385197E-03   
-4.4120969372469432E-01 +5.1457731114737844E-03   
-4.4136693521011594E-01 +5.6679396073581060E-03   
-4.4152414456401168E-01 +5.3577376673153510E-03   
-4.4168131705099256E-01 +4.9514892033833500E-03   
-4.4183844830273244E-01 +3.6734446462922850E-03   
-4.4199553431155891E-01 +5.6238159903041398E-03   
-4.4215257142403352E-01 +4.3866729392274297E-03   
-4.4230955633450897E-01 +5.4413112163939677E-03   
-4.4246648607867556E-01 +5.5622280764021561E-03   
-4.4262335802711128E-01 +5.5804906384918744E-03   
-4.4278016987881408E-01 +5.6846739376073922E-03   
-4.4293691965474480E-01 +6.0585326578829818E-03   
-4.4309360569138079E-01 +5.6486310143482139E-03   
-4.4325022663426772E-01 +4.7991733072146950E-03   
-4.4340678143159629E-01 +5.8723769508597290E-03   
-4.4356326932779133E-01 +4.8381352381177663E-03   
-4.4371968985712051E-01 +5.7029885837782106E-03   
-4.4387604283733673E-01 +5.3099041663458649E-03   
-4.4403232836332940E-01 +5.1028973116734521E-03   
-4.4418854680082909E-01 +5.2424872690008187E-03   
-4.4434469878012450E-01 +4.1195827564647937E-03   
-4.4450078518982927E-01 +5.5330551415590304E-03   
-4.4465680717068068E-01 +4.8997845561869063E-03   
-4.4481276610937392E-01 +5.5594433104652488E-03   
-4.4496866363245502E-01 +5.1269312146562654E-03   
-4.4512450160023853E-01 +6.6051885125629319E-03   
-4.4528028210078219E-01 +5.0683668173243197E-03   
-4.4543600744391298E-01 +5.9418593575357578E-03   
-4.4559168015529416E-01 +5.3227601130695495E-03   
-4.4574730297054899E-01 +6.1398765802091557E-03   
-4.4590287882943969E-01 +5.6218819301590579E-03   
-4.4605841087008535E-01 +5.3384864002539081E-03   
-4.4621390242325987E-01 +6.6666633670119215E-03   
-4.4636935700671998E-01 +5.0304368040393569E-03   
-4.4652477831961157E-01 +5.7134282276319311E-03   
-4.4668017023691675E-01 +5.7225949718025890E-03   
-4.4683553680397381E-01 +6.0023404266741250E-03   
-4.4699088223104155E-01 +5.2415185000580259E-03   
-4.4714621088793827E-01 +6.5715529088736253E-03   
-4.4730152729872685E-01 +5.9548140787370647E-03   
-4.4745683613647458E-01 +5.8536465023657971E-03   
-4.4761214221805723E-01 +5.5829493388468770E-03   
-4.4776745049903965E-01 +5.6935805476907879E-03   
-4.4792276606860426E-01 +4.9428470229682473E-03   
-4.4807809414454880E-01 +6.0717899830833640E-03   
-4.4823344006834631E-01 +5.8245425202280510E-03   
-4.4838880930025304E-01 +5.7740028676334090E-03   
-4.4854420741449630E-01 +6.3702001681707294E-03   
-4.4869964009450491E-01 +6.2777117019761249E-03   
-4.4885511312821080E-01 +6.2136987214059603E-03   
-4.4901063240340733E-01 +6.2832536695810771E-03   
-4.4916620390316986E-01 +6.0998916956075131E-03   
-4.4932183370132428E-01 +5.4293755674171846E-03   
-4.4947752795799190E-01 +6.7268201246203085E-03   
-4.4963329291518228E-01 +5.2608782251888347E-03   
-4.4978913489243766E-01 +5.1746317950333185E-03   
-4.4994506028255721E-01 +5.7785855967731198E-03   
-4.5010107554734446E-01 +5.1048348991442668E-03   
-4.5025718721344532E-01 +7.1580318343732810E-03   
-4.5041340186821799E-01 +5.7401381715430199E-03   
-4.5056972615567048E-01 +6.7096187456051719E-03   
-4.5072616677243893E-01 +5.3686264078466397E-03   
-4.5088273046384408E-01 +5.7801786191315103E-03   
-4.5103942401996910E-01 +5.1808741468755103E-03   
-4.5119625427181553E-01 +5.9776958497252605E-03   
-4.5135322808750189E-01 +5.8528394185496605E-03   
-4.5151035236850845E-01 +5.7184164418698146E-03   
-4.5166763404598242E-01 +6.3152365818009426E-03   
-4.5182508007708222E-01 +5.9735753119381308E-03   
-4.5198269744138031E-01 +5.8726167949907388E-03   
-4.5214049313731408E-01 +5.8653905849888732E-03   
-4.5229847417867219E-01 +6.0466324028043208E-03   
-4.5245664759114845E-01 +5.6813668170796298E-03   
-4.5261502040892054E-01 +6.7874734344713448E-03   
-4.5277359967129627E-01 +5.4477501402006925E-03   
-4.5293239241938998E-01 +5.7222240022810240E-03   
-4.5309140569284700E-01 +5.5375429374907876E-03   
-4.5325064652661773E-01 +6.0076847672394266E-03   
-4.5341012194777441E-01 +6.1905226291085799E-03   
-4.5356983897236702E-01 +5.4265567729038632E-03   
-4.5372980460232526E-01 +6.4709409814557532E-03   
-4.5389002582240146E-01 +5.8987985420488644E-03   
-4.5405050959716142E-01 +4.8929209988949219E-03   
-4.5421126286801083E-01 +4.7912559565650775E-03   
-4.5437229255026246E-01 +5.9844813775253494E-03   
-4.5453360553025135E-01 +6.9142707244342254E-03   
-4.5469520866248558E-01 +6.1959491869959943E-03   
-4.5485710876683783E-01 +5.5358209870501954E-03   
-4.5501931262578132E-01 +5.7106110639480699E-03   
-4.5518182698166143E-01 +5.6862414581306218E-03   
-4.5534465853400796E-01 +6.6069478256773097E-03   
-4.5550781393689022E-01 +4.9205302573312390E-03   
-4.5567129979631460E-01 +6.1105735148705535E-03   
-4.5583512266764892E-01 +5.5006644377708167E-03   
-4.5599928905310350E-01 +6.4499820975128901E-03   
-4.5616380539924073E-01 +5.0207701939618109E-03   
-4.5632867809453082E-01 +5.8400099927518202E-03   
-4.5649391346693768E-01 +6.9230299627724701E-03   
-4.5665951778156177E-01 +7.1050946091164476E-03   
-4.5682549723830768E-01 +5.6963234313806973E-03   
-4.5699185796959441E-01 +6.2494357592374102E-03   
-4.5715860603811898E-01 +5.9344456049946256E-03   
-4.5732574743464482E-01 +6.6221134232535735E-03   
-4.5749328807584533E-01 +6.0688551203527102E-03   
-4.5766123380217216E-01 +6.5968640468020414E-03   
-4.5782959037578408E-01 +5.6485737522219189E-03   
-4.5799836347850764E-01 +5.5837532171210732E-03   
-4.5816755870984238E-01 +5.4770845722670108E-03   
-4.5833718158501036E-01 +6.8437914900543045E-03   
-4.5850723753304301E-01 +6.6508000805800263E-03   
-4.5867773189492844E-01 +5.8101243827974273E-03   
-4.5884866992178708E-01 +6.6305942064982838E-03   
-4.5902005677309887E-01 +6.1928053197163784E-03   
-4.5919189751497846E-01 +6.1381242863546136E-03   
-4.5936419711849297E-01 +5.8228784335507856E-03   
-4.5953696045803305E-01 +5.0027390175906624E-03   
-4.5971019230972310E-01 +5.0360559612362167E-03   
-4.5988389734989532E-01 +6.3602344786572226E-03   
-4.6005808015358873E-01 +6.0636911745927963E-03   
-4.6023274519312984E-01 +5.4530877348001917E-03   
-4.6040789683673289E-01 +6.3267136793052825E-03   
-4.6058353934717822E-01 +6.5425544605629878E-03   
-4.6075967688052799E-01 +6.6091231972214230E-03   
-4.6093631348489694E-01 +6.7828975458478361E-03   
-4.6111345309928353E-01 +6.6859931063081371E-03   
-4.6129109955245617E-01 +6.8085162611914970E-03   
-4.6146925656188209E-01 +5.6382508343777293E-03   
-4.6164792773273611E-01 +6.4238773029407798E-03   
-4.6182711655694675E-01 +6.9483345674150199E-03   
-4.6200682641231339E-01 +6.1798931420575885E-03   
-4.6218706056167491E-01 +7.2391342241667281E-03   
-4.6236782215215122E-01 +7.0626004022702193E-03   
-4.6254911421443090E-01 +7.1063228334276134E-03   
-4.6273093966213530E-01 +6.7165096021125394E-03   
-4.6291330129123587E-01 +6.2818478617933287E-03   
-4.6309620177954436E-01 +6.1044596985391775E-03   
-4.6327964368626517E-01 +6.1678162441002032E-03   
-4.6346362945160635E-01 +5.9547199254558689E-03   
-4.6364816139647402E-01 +5.9702651637540674E-03   
-4.6383324172222196E-01 +8.0487029467909560E-03   
-4.6401887251047924E-01 +5.9920594308702328E-03   
-4.6420505572303661E-01 +6.4592407550880561E-03   
-4.6439179320181445E-01 +6.4799749646491560E-03   
-4.6457908666890546E-01 +6.6753472414133892E-03   
-4.6476693772667232E-01 +7.1609472004893638E-03   
-4.6495534785794135E-01 +6.3320546415605540E-03   
-4.6514431842625470E-01 +6.2131771300821294E-03   
-4.6533385067620614E-01 +6.1875732785401675E-03   
-4.6552394573384603E-01 +7.3586271988266318E-03   
-4.6571460460717873E-01 +7.7729388960472556E-03   
-4.6590582818671678E-01 +6.4197448253452919E-03   
-4.6609761724612575E-01 +7.8066703013106292E-03   
-4.6628997244295256E-01 +7.0945207157755239E-03   
-4.6648289431942302E-01 +7.1925736662552860E-03   
-4.6667638330332650E-01 +5.6179872670410252E-03   
-4.6687043970898223E-01 +6.7220917201993415E-03   
-4.6706506373828915E-01 +7.8551323573148174E-03   
-4.6726025548184502E-01 +6.7023867305737676E-03   
-4.6745601492017030E-01 +8.0699020520198506E-03   
-4.6765234192500316E-01 +5.9650149205047196E-03   
-4.6784923626067254E-01 +6.3832222640048970E-03   
-4.6804669758557615E-01 +6.5140371045386818E-03   
-4.6824472545371520E-01 +7.2584430909497510E-03   
-4.6844331931634819E-01 +7.3173768860935696E-03   
-4.6864247852369800E-01 +7.8492091858220377E-03   
-4.6884220232676910E-01 +7.0932134021907036E-03   
-4.6904248987923580E-01 +6.8903333063393274E-03   
-4.6924334023942826E-01 +5.4453796239300450E-03   
-4.6944475237239303E-01 +6.6323841636944172E-03   
-4.6964672515205486E-01 +6.3352987094498336E-03   
-4.6984925736345140E-01 +6.3538022585063695E-03   
-4.7005234770506199E-01 +6.3546587384500893E-03   
-4.7025599479122882E-01 +7.4287558899771696E-03   
-4.7046019715464560E-01 +6.4690798835284049E-03   
-4.7066495324895286E-01 +7.0356402603995328E-03   
-4.7087026145141486E-01 +7.4543604619018659E-03   
-4.7107612006566946E-01 +6.5395330877755240E-03   
-4.7128252732457909E-01 +8.4957019555792906E-03   
-4.7148948139316360E-01 +6.7488111156546061E-03   
-4.7169698037160934E-01 +6.0019269470440225E-03   
-4.7190502229837072E-01 +6.8016983996468262E-03   
-4.7211360515335876E-01 +7.0520098013620303E-03   
-4.7232272686119892E-01 +7.3375018060423741E-03   
-4.7253238529458308E-01 +6.4211894878883312E-03   
-4.7274257827769972E-01 +5.7958013445983461E-03   
-4.7295330358974752E-01 +7.6808675077046622E-03   
-4.7316455896851650E-01 +6.7914912633002585E-03   
-4.7337634211407043E-01 +8.1774687191110210E-03   
-4.7358865069247891E-01 +6.0316621277473788E-03   
-4.7380148233965613E-01 +8.0263464156983492E-03   
-4.7401483466524397E-01 +7.4765551606492779E-03   
-4.7422870525659988E-01 +6.8899654948387026E-03   
-4.7444309168283283E-01 +7.1741018659431891E-03   
-4.7465799149892263E-01 +6.7007239084989883E-03   
-4.7487340224990859E-01 +7.2853721700982532E-03   
-4.7508932147514571E-01 +7.0409225079132087E-03   
-4.7530574671262116E-01 +6.0998922176156330E-03   
-4.7552267550334903E-01 +7.5277068922260399E-03   
-4.7574010539581124E-01 +6.8972004175755306E-03   
-4.7595803395047831E-01 +6.4645117946802357E-03   
-4.7617645874437109E-01 +6.5957299171899852E-03   
-4.7639537737569349E-01 +7.2364298572258640E-03   
-4.7661478746851493E-01 +6.3738423208650535E-03   
-4.7683468667750262E-01 +7.2213348667250904E-03   
-4.7705507269270697E-01 +6.2258150445325747E-03   
-4.7727594324440403E-01 +6.9433478320243590E-03   
-4.7749729610796443E-01 +6.7981340381235277E-03   
-4.7771912910877923E-01 +6.4836948496244592E-03   
-4.7794144012722839E-01 +7.1685664497554511E-03   
-4.7816422710367590E-01 +7.2560510064446117E-03   
-4.7838748804350573E-01 +6.3000893252530676E-03   
-4.7861122102219333E-01 +7.1324624233765612E-03   
-4.7883542419039848E-01 +6.4503915251146980E-03   
-4.7906009577908826E-01 +6.1716712729168594E-03   
-4.7928523410468671E-01 +7.5445350464819431E-03   
-4.7951083757423341E-01 +5.6649829105674867E-03   
-4.7973690469056507E-01 +6.2710740642986356E-03   
-4.7996343405751141E-01 +6.3545992632428284E-03   
-4.8019042438509985E-01 +6.9497611640636997E-03   
-4.8041787449475137E-01 +7.0920755373493020E-03   
-4.8064578332450836E-01 +6.6247548015129290E-03   
-4.8087414993422151E-01 +7.1768645527482376E-03   
-4.8110297351076881E-01 +7.4685916451088857E-03   
-4.8133225337323360E-01 +7.9567983272212841E-03   
-4.8156198897808800E-01 +7.8115837982156936E-03   
-4.8179217992435142E-01 +7.8320710954270564E-03   
-4.8202282595872425E-01 +7.3746102398931810E-03   
-4.8225392698069847E-01 +8.3100674372215983E-03   
-4.8248548304762906E-01 +6.6032829227492809E-03   
-4.8271749437978961E-01 +6.5240132022169727E-03   
-4.8294996136535318E-01 +7.4201714577933654E-03   
-4.8318288456536429E-01 +7.4247436523749996E-03   
-4.8341626471863819E-01 +6.7109261476476318E-03   
-4.8365010274660314E-01 +8.3019756414187771E-03   
-4.8388439975810016E-01 +6.4836019872679526E-03   
-4.8411915705410102E-01 +8.1719731622306065E-03   
-4.8435437613236587E-01 +6.0053672945477813E-03   
-4.8459005869201022E-01 +6.7829681942218369E-03   
-4.8482620663801335E-01 +7.6438458837017236E-03   
-4.8506282208562546E-01 +7.3353049843911900E-03   
-4.8529990736467177E-01 +8.1981392439234545E-03   
-4.8553746502378736E-01 +7.2146978694808579E-03   
-4.8577549783452589E-01 +7.3938303778230451E-03   
-4.8601400879536172E-01 +7.3724862215019636E-03   
-4.8625300113558545E-01 +7.3735660410242428E-03   
-4.8649247831906983E-01 +8.5201695124856522E-03   
-4.8673244404791127E-01 +8.2258055449355855E-03   
-4.8697290226593815E-01 +6.7686580775402488E-03   
-4.8721385716207521E-01 +8.1742697417190400E-03   
-4.8745531317357127E-01 +8.6086732918103700E-03   
-4.8769727498906157E-01 +7.9586903966963364E-03   
-4.8793974755147751E-01 +7.9186100038594158E-03   
-4.8818273606079998E-01 +7.1498359729297665E-03   
-4.8842624597661910E-01 +7.9944692528390870E-03   
-4.8867028302053406E-01 +7.7066241581627785E-03   
-4.8891485317836292E-01 +8.1598140958578837E-03   
-4.8915996270215345E-01 +7.7356188296713044E-03   
-4.8940561811200034E-01 +7.6961304546435067E-03   
-4.8965182619765457E-01 +6.9812599676245214E-03   
-4.8989859401992852E-01 +7.4763834210764451E-03   
-4.9014592891186126E-01 +7.6646163445358061E-03   
-4.9039383847967244E-01 +7.1310465801469264E-03   
-4.9064233060348883E-01 +8.0177732394741182E-03   
-4.9089141343780263E-01 +7.9350452472106096E-03   
-4.9114109541170770E-01 +7.0667923555507699E-03   
-4.9139138522886761E-01 +7.6818301146331768E-03   
-4.9164229186722430E-01 +6.9141709083406317E-03   
-4.9189382457843145E-01 +6.8005939584757551E-03   
-4.9214599288702487E-01 +6.7600734854574487E-03   
-4.9239880658927859E-01 +6.9910300962101497E-03   
-4.9265227575181036E-01 +7.0714471693957993E-03   
-4.9290641070984798E-01 +6.8986435153674313E-03   
-4.9316122206521129E-01 +8.0364921016433180E-03   
-4.9341672068397990E-01 +7.8709023698166625E-03   
-4.9367291769382859E-01 +6.6147278699626166E-03   
-4.9392982448103773E-01 +8.0222329598608963E-03   
-4.9418745268717856E-01 +7.3763540124071585E-03   
-4.9444581420543798E-01 +7.2349680658671967E-03   
-4.9470492117660214E-01 +8.4240781178562645E-03   
-4.9496478598468663E-01 +7.6723753886215346E-03   
-4.9522542125218649E-01 +7.5896760618048408E-03   
-4.9548683983497632E-01 +7.6120995186877913E-03   
-4.9574905481680531E-01 +8.0303110002676124E-03   
-4.9601207950342996E-01 +6.8576650112070221E-03   
-4.9627592741633997E-01 +7.1195322532796789E-03   
-4.9654061228608093E-01 +6.8242116601415215E-03   
-4.9680614804518619E-01 +7.8713309345014217E-03   
-4.9707254882068419E-01 +8.3305942647890451E-03   
-4.9733982892617767E-01 +8.0079106696665479E-03   
-4.9760800285351614E-01 +7.9795420808988389E-03   
-4.9787708526402241E-01 +6.8268905151284212E-03   
-4.9814709097927690E-01 +8.0172758839978948E-03   
-4.9841803497146842E-01 +7.9229544741659420E-03   
-4.9868993235328674E-01 +8.1496496714540366E-03   
-4.9896279836734969E-01 +7.6216543447296479E-03   
-4.9923664837518444E-01 +7.8928632050384376E-03   
-4.9951149784572912E-01 +7.7840626069366481E-03   
-4.9978736234336019E-01 +7.6260643236877694E-03   
-5.0006425751544015E-01 +7.4864996557170247E-03   
-5.0034219907939459E-01 +6.9469574966267780E-03   
-5.0062120280927402E-01 +7.6892203411153418E-03   
-5.0090128452185034E-01 +7.2043931514006107E-03   
-5.0118246006219280E-01 +8.1651449483833537E-03   
-5.0146474528875551E-01 +6.8483097441467715E-03   
-5.0174815605795153E-01 +7.1850684443409947E-03   
-5.0203270820821899E-01 +8.2076776453918650E-03   
-5.0231841754357376E-01 +7.1456402893963714E-03   
-5.0260529981664703E-01 +8.3515520103522849E-03   
-5.0289337071119888E-01 +8.4440927691569780E-03   
-5.0318264582411665E-01 +7.8891821300680585E-03   
-5.0347314064687509E-01 +6.9473490255501742E-03   
-5.0376487054648855E-01 +7.8862326064484470E-03   
-5.0405785074592124E-01 +7.4597554304541517E-03   
-5.0435209630396471E-01 +7.9364372784114234E-03   
-5.0464762209460012E-01 +7.6711539239406740E-03   
-5.0494444278581518E-01 +7.9209780931915053E-03   
-5.0524257281788643E-01 +7.2043890006398695E-03   
-5.0554202638114809E-01 +8.9435260059512363E-03   
-5.0584281739319792E-01 +6.8776509970782974E-03   
-5.0614495947560911E-01 +7.9929041355802938E-03   
-5.0644846593007209E-01 +7.5595680552079624E-03   
-5.0675334971404595E-01 +9.1194735970177992E-03   
-5.0705962341584510E-01 +9.5360319628166774E-03   
-5.0736729922923551E-01 +9.6980935314965877E-03   
-5.0767638892748401E-01 +8.1399208553973989E-03   
-5.0798690383689227E-01 +8.3951745130492784E-03   
-5.0829885480983350E-01 +9.5760858193896375E-03   
-5.0861225219724737E-01 +7.9379833061968847E-03   
-5.0892710582065348E-01 +8.4739923448201859E-03   
-5.0924342494364616E-01 +8.2035584637523383E-03   
-5.0956121824289902E-01 +8.4568883225561338E-03   
-5.0988049377868094E-01 +8.8734190089702729E-03   
-5.1020125896486768E-01 +8.4406396593911769E-03   
-5.1052352053850569E-01 +8.5434794176465628E-03   
-5.1084728452887518E-01 +8.7890190377454321E-03   
-5.1117255622610358E-01 +8.8060133854856171E-03   
-5.1149934014932796E-01 +7.8379164633278417E-03   
-5.1182764001439196E-01 +9.1530666333359718E-03   
-5.1215745870112350E-01 +9.6471909449716755E-03   
-5.1248879822017557E-01 +9.0097524883634428E-03   
-5.1282165967944415E-01 +8.4738779630382007E-03   
-5.1315604325009190E-01 +8.2480361445006079E-03   
-5.1349194813216137E-01 +8.3068181986830046E-03   
-5.1382937251980820E-01 +9.0397022986616650E-03   
-5.1416831356616832E-01 +8.7141975702758750E-03   
-5.1450876734785744E-01 +8.2879628177490554E-03   
-5.1485072882912064E-01 +7.9189996869309647E-03   
-5.1519419182566217E-01 +8.3517590003900615E-03   
-5.1553914896813602E-01 +7.5385060354717873E-03   
-5.1588559166535752E-01 +9.2854574513355822E-03   
-5.1623351006720419E-01 +8.4769824034206694E-03   
-5.1658289302724825E-01 +8.4289442720254411E-03   
-5.1693372806514049E-01 +7.9159062071972840E-03   
-5.1728600132874369E-01 +8.8039677500472216E-03   
-5.1763969755604755E-01 +8.1671124727530353E-03   
-5.1799480003687393E-01 +7.4631447833610840E-03   
-5.1835129057439566E-01 +8.3126592635064701E-03   
-5.1870914944648483E-01 +8.4378906033750929E-03   
-5.1906835536691709E-01 +9.1069049781696693E-03   
-5.1942888544643040E-01 +8.2020245424455265E-03   
-5.1979071515368425E-01 +8.5493826677711590E-03   
-5.2015381827612650E-01 +8.6707060420828479E-03   
-5.2051816688078212E-01 +8.3774895421497280E-03   
-5.2088373127499743E-01 +9.1144351094362558E-03   
-5.2125047996715956E-01 +8.9224407759178892E-03   
-5.2161837962739455E-01 +9.0878080910244477E-03   
-5.2198739504830094E-01 +9.1574210691212216E-03   
-5.2235748910571012E-01 +7.9327586925846752E-03   
-5.2272862271949982E-01 +8.7497597635072567E-03   
-5.2310075481450724E-01 +8.9155600575690844E-03   
-5.2347384228153615E-01 +7.6935393036851492E-03   
-5.2384783993850448E-01 +8.8479797041266725E-03   
-5.2422270049173569E-01 +9.3988109913135786E-03   
-5.2459837449743141E-01 +8.3971597244691509E-03   
-5.2497481032335891E-01 +9.4610536281977842E-03   
-5.2535195411074298E-01 +7.8902012214672711E-03   
-5.2572974973642950E-01 +9.5889076899137102E-03   
-5.2610813877531193E-01 +8.3066581608251602E-03   
-5.2648706046306692E-01 +8.9965896295590916E-03   
-5.2686645165921320E-01 +8.3423144582049410E-03   
-5.2724624681052390E-01 +9.0552621320280600E-03   
-5.2762637791480671E-01 +9.6220296004481173E-03   
-5.2800677448509425E-01 +8.5783818700145911E-03   
-5.2838736351426618E-01 +7.9937542470906158E-03   
-5.2876806944010291E-01 +7.4794227391250913E-03   
-5.2914881411083847E-01 +8.8534953102702117E-03   
-5.2952951675119841E-01 +8.5393000801628864E-03   
-5.2991009392897759E-01 +9.2260054117799736E-03   
-5.3029045952216336E-01 +8.2756071644512225E-03   
-5.3067052468662546E-01 +8.8683986029766404E-03   
-5.3105019782443286E-01 +9.9771597618555103E-03   
-5.3142938455276401E-01 +9.1822009599032400E-03   
-5.3180798767349380E-01 +8.4956103072136371E-03   
-5.3218590714343428E-01 +7.7856518999552243E-03   
-5.3256304004528054E-01 +8.6829260482974152E-03   
-5.3293928055928141E-01 +8.1265321290975995E-03   
-5.3331451993563839E-01 +7.5049959664694578E-03   
-5.3368864646768444E-01 +8.3002938619031359E-03   
-5.3406154546584439E-01 +8.1069330931336121E-03   
-5.3443309923240534E-01 +7.6504330894511252E-03   
-5.3480318703711838E-01 +8.1918692723447518E-03   
-5.3517168509365121E-01 +8.2375965353784063E-03   
-5.3553846653691473E-01 +8.9105983285494988E-03   
-5.3590340140128490E-01 +9.2328862619794703E-03   
-5.3626635659972521E-01 +8.1663341901336700E-03   
-5.3662719590385599E-01 +8.9536508579376381E-03   
-5.3698577992495977E-01 +9.2952229983686505E-03   
-5.3734196609596196E-01 +8.4324688149508935E-03   
-5.3769560865438670E-01 +8.8581652984740106E-03   
-5.3804655862632345E-01 +8.3915267584269287E-03   
-5.3839466381140078E-01 +8.6656754196416733E-03   
-5.3873976876880114E-01 +8.2553270880526049E-03   
-5.3908171480430767E-01 +7.6568867834531096E-03   
-5.3942033995842564E-01 +8.0558976456931684E-03   
-5.3975547899557341E-01 +9.1019187446998752E-03   
-5.4008696339434081E-01 +8.0906122235269787E-03   
-5.4041462133887563E-01 +9.5721762007455469E-03   
-5.4073827771134653E-01 +8.3706351589385043E-03   
-5.4105775408554457E-01 +9.4230583768548665E-03   
-5.4137286872160040E-01 +9.5357374952214809E-03   
-5.4168343656183815E-01 +8.6976759487415768E-03   
-5.4198926922777702E-01 +9.2991578452674625E-03   
-5.4229017501826604E-01 +9.7916854469865915E-03   
-5.4258595890880379E-01 +9.2722287406750582E-03   
-5.4287642255197532E-01 +9.5134587911798688E-03   
-5.4316136427909889E-01 +8.9832962404487494E-03   
-5.4344057910300059E-01 +9.9012402617768020E-03   
-5.4371385872197919E-01 +8.5306373545114209E-03   
-5.4398099152494517E-01 +9.1023513067028383E-03   
-5.4424176259771606E-01 +9.8822808664058136E-03   
-5.4449595373049142E-01 +9.4547057022867469E-03   
-5.4474334342650010E-01 +9.8887659691477489E-03   
-5.4498370691181108E-01 +9.2888561929197269E-03   
-5.4521681614631667E-01 +9.4623037373622633E-03   
-5.4544243983586327E-01 +1.0197292530464096E-02   
-5.4566034344555803E-01 +9.3539035261755374E-03   
-5.4587028921420533E-01 +9.9874635680676400E-03   
-5.4607203616991562E-01 +1.0310965520507979E-02   
-5.4626534014681916E-01 +7.9948069976990069E-03   
-5.4644995380293970E-01 +8.2910007797229006E-03   
-5.4662562663917136E-01 +9.1838128926775616E-03   
-5.4679210501937270E-01 +8.9412278364259384E-03   
-5.4694913219156049E-01 +8.8705008775277067E-03   
-5.4709644831019233E-01 +8.4733888796064243E-03   
-5.4723379045952925E-01 +9.9320281665997365E-03   
-5.4736089267806420E-01 +8.8550980299193383E-03   
-5.4747748598399149E-01 +9.1027948668124786E-03   
-5.4758329840172593E-01 +9.9737806195941640E-03   
-5.4767805498943645E-01 +8.7235017556604229E-03   
-5.4776147786758145E-01 +1.0372180757384851E-02   
-5.4783328624844785E-01 +1.1001360396887688E-02   
-5.4789319646664758E-01 +9.9641319100970092E-03   
-5.4794092201057687E-01 +9.3512373920557803E-03   
-5.4797617355480277E-01 +8.9478060540181814E-03   
-5.4799865899338407E-01 +9.4131132792243041E-03   
-5.4800808347406793E-01 +8.8300957749471807E-03   
-5.4800414943338005E-01 +1.0420882905267222E-02   
-5.4798655663256923E-01 +9.6450453336274326E-03   
-5.4795500219437443E-01 +8.8844927135920300E-03   
-5.4790918064062666E-01 +9.0666545274707099E-03   
-5.4784878393062186E-01 +8.8318617266321415E-03   
-5.4777350150028425E-01 +9.5579367255936749E-03   
-5.4768302030204730E-01 +1.0924903412083239E-02   
-5.4757702484549498E-01 +9.9779795231203523E-03   
-5.4745519723866565E-01 +8.6531519678373619E-03   
-5.4731721723004867E-01 +9.2106509396518155E-03   
-5.4716276225124005E-01 +9.0033612875066622E-03   
-5.4699150746020031E-01 +1.0181127172693621E-02   
-5.4680312578513579E-01 +9.1706803002323829E-03   
-5.4659728796894314E-01 +9.3742559110672353E-03   
-5.4637366261420262E-01 +9.8582345050220281E-03   
-5.4613191622871327E-01 +9.5132966897984519E-03   
-5.4587171327150052E-01 +9.8066509902851040E-03   
-5.4559271619931948E-01 +8.7809655502879835E-03   
-5.4529458551360044E-01 +9.7558425908814070E-03   
-5.4497697980780657E-01 +9.0630184372750850E-03   
-5.4463955581519130E-01 +9.7130527722295301E-03   
-5.4428196845693400E-01 +1.1268805270327673E-02   
-5.4390387089060432E-01 +9.5107375776614309E-03   
-5.4350491455895344E-01 +8.8799734429343621E-03   
-5.4308474923899475E-01 +9.7499421621533786E-03   
-5.4264302309133683E-01 +9.5086482579020831E-03   
-5.4217938270977939E-01 +9.3162826797936939E-03   
-5.4169347317110272E-01 +9.4696440408106632E-03   
-5.4118493808504375E-01 +1.0395858101947536E-02   
-5.4065341964445501E-01 +9.7544685774099207E-03   
-5.4009855867557555E-01 +8.8449799455234245E-03   
-5.3951999468842615E-01 +9.2491920115074112E-03   
-5.3891736592729345E-01 +9.2187430535150706E-03   
-5.3829030942126543E-01 +9.0115466845233274E-03   
-5.3763846103482038E-01 +8.8585855619819180E-03   
-5.3696145551840857E-01 +8.9256390271489940E-03   
-5.3625892655904472E-01 +9.0860120922958455E-03   
-5.3553050683085068E-01 +9.2562440551889232E-03   
-5.3477582804555546E-01 +1.0394298521422251E-02   
-5.3399452100289935E-01 +9.5588523653301338E-03   
-5.3318621564094926E-01 +9.3812013797672112E-03   
-5.3235054108628255E-01 +8.6968576607438924E-03   
-5.3148712570403056E-01 +9.5662878009821397E-03   
-5.3059559714774451E-01 +8.5018708528346899E-03   
-5.2967558240908730E-01 +8.9357307278568384E-03   
-5.2872670786730680E-01 +1.0332283161320269E-02   
-5.2774859933847473E-01 +8.9562249983816920E-03   
-5.2674088212450165E-01 +9.1180851768213160E-03   
-5.2570318106184821E-01 +1.0628940075335169E-02   
-5.2463512056998596E-01 +9.0061543903189618E-03   
-5.2353632469952949E-01 +8.9800651794091253E-03   
-5.2240641718005421E-01 +8.7148500704783971E-03   
-5.2124502146757834E-01 +1.0290874673269744E-02   
-5.2005176079168436E-01 +9.5554464258167660E-03   
-5.1882625820226380E-01 +9.1588638449705568E-03   
-5.1756813661588730E-01 +9.5127264370264836E-03   
-5.1627701886175714E-01 +9.2606679892440220E-03   
-5.1495252772724776E-01 +9.7420215204591966E-03   
-5.1359428600301094E-01 +9.5459442113219380E-03   
-5.1220191652764413E-01 +8.7519376797120345E-03   
-5.1077504223188086E-01 +1.0445113489989888E-02   
-5.0931328618233174E-01 +8.8823622957914100E-03   
-5.0781627162471921E-01 +9.8472417551409945E-03   
-5.0628362202663446E-01 +1.0136587677595718E-02   
-5.0471496111977387E-01 +9.2713211677281290E-03   
-5.0310991294166030E-01 +1.0104552072782470E-02   
-5.0146810187684743E-01 +1.0468144295753481E-02   
-4.9978915269756996E-01 +1.0893941662749073E-02   
-4.9807269060385728E-01 +9.9420368258856442E-03   
-4.9631834126308760E-01 +9.0154368015259480E-03   
-4.9452573084898255E-01 +1.0026095795306682E-02   
-4.9269448608002264E-01 +1.1157988031850634E-02   
-4.9082423425730148E-01 +9.8811057241677408E-03   
-4.8891460330176173E-01 +1.1046362856801941E-02   
-4.8696522179088753E-01 +1.0173833429492907E-02   
-4.8497571899474679E-01 +1.0723874554345598E-02   
-4.8294572491147925E-01 +1.1368312458412001E-02   
-4.8087487030214326E-01 +9.7685752563233252E-03   
-4.7876278672497108E-01 +1.0442459672617531E-02   
-4.7660910656899347E-01 +1.1436305063200761E-02   
-4.7441346308706400E-01 +1.1270999294972451E-02   
-4.7217549042824736E-01 +1.0182154104641029E-02   
-4.6989482366957880E-01 +1.1064336769029957E-02   
-4.6757109884722325E-01 +9.6031529862037335E-03   
-4.6520395298697004E-01 +9.2630065433666336E-03   
-4.6279302413413248E-01 +9.7066041115809586E-03   
-4.6033795138278499E-01 +9.6111872478182488E-03   
-4.5783837490439794E-01 +1.0312683283304612E-02   
-4.5529393597582057E-01 +9.4204608717248194E-03   
-4.5270427700663873E-01 +1.0049844606751328E-02   
-4.5006904156590544E-01 +1.1091210895988506E-02   
-4.4738787440823735E-01 +9.3715972624910139E-03   
-4.4466042149928242E-01 +9.7728986982773165E-03   
-4.4188633004055866E-01 +1.0673277671712035E-02   
-4.3906524849367656E-01 +1.0561834212730587E-02   
-4.3619682660392023E-01 +9.8827902418338817E-03   
-4.3328071542322633E-01 +1.0097044400698470E-02   
-4.3031656733253243E-01 +1.0244663873703451E-02   
-4.2730403606351075E-01 +1.0443851171018311E-02   
-4.2424277671970145E-01 +1.0872592801995592E-02   
-4.2113244579701892E-01 +1.0851899904183383E-02   
-4.1797270120366470E-01 +9.8242965158303573E-03   
-4.1476320227944186E-01 +1.0074130835452014E-02   
-4.1150360981445822E-01 +9.6855104852013735E-03   
-4.0819358606725764E-01 +1.0595011753299716E-02   
-4.0483279478234557E-01 +1.1116509668204133E-02   
-4.0142090120714435E-01 +1.0300955417475430E-02   
-3.9795757210836236E-01 +1.0314862778954444E-02   
-3.9444247578778935E-01 +9.8027826425461997E-03   
-3.9087528209754296E-01 +9.9187394458993723E-03   
-3.8725566245472720E-01 +1.0016239753288480E-02   
-3.8358328985555801E-01 +1.1098978153646220E-02   
-3.7985783888892044E-01 +1.0322981107274103E-02   
-3.7607898574940180E-01 +1.0724907450796788E-02   
-3.7224640824976873E-01 +1.1011734155587989E-02   
-3.6835978583292395E-01 +1.0273262947820031E-02   
-3.6441879958333701E-01 +1.0888503737316087E-02   
-3.6042313223795475E-01 +9.8818801826873331E-03   
-3.5637246819660184E-01 +1.0232966964959863E-02   
-3.5226649353187334E-01 +1.0319803245191946E-02   
-3.4810489599853689E-01 +1.0656531589619734E-02   
-3.4388736504243056E-01 +1.0574084327745445E-02   
-3.3961359180889517E-01 +1.0238805308615748E-02   
-3.3528326915071283E-01 +1.0049243649798940E-02   
-3.3089609163558720E-01 +1.0333630429015509E-02   
-3.2645175555314765E-01 +1.0755109365679421E-02   
-3.2194995892151823E-01 +1.0462211272952229E-02   
-3.1739040149342301E-01 +1.0373560607495077E-02   
-3.1277278476184911E-01 +1.0207247174676165E-02   
-3.0809681196528871E-01 +9.8450878131107929E-03   
-3.0336218809254767E-01 +1.0784004860153972E-02   
-2.9856861988713490E-01 +1.0330907118387044E-02   
-2.9371581585123785E-01 +1.0423490383288846E-02   
-2.8880348624930363E-01 +1.0248232339724259E-02   
-2.8383134311121516E-01 +1.0647883455036387E-02   
-2.7879910023508003E-01 +1.0058670900474447E-02   
-2.7370647318963925E-01 +1.0467628492384501E-02   
-2.6855317931630296E-01 +9.9335116514204617E-03   
-2.6333893773081485E-01 +1.0638709994618250E-02   
-2.5806346932455604E-01 +9.6641459916652784E-03   
-2.5272649676550962E-01 +9.3727540175642075E-03   
-2.4732774449885753E-01 +1.0353524064292238E-02   
-2.4186693874726650E-01 +1.1358880185112618E-02   
-2.3634380751081885E-01 +1.0213254079481468E-02   
-2.3075808056663760E-01 +1.0691850406215295E-02   
-2.2510948946818665E-01 +1.0085368198726493E-02   
-2.1939776754426177E-01 +1.0880953269181939E-02   
-2.1362264989768676E-01 +9.7333477485101287E-03   
-2.0778387340370941E-01 +1.1419886963363362E-02   
-2.0188117670810612E-01 +9.8913820800163067E-03   
-1.9591430022501655E-01 +1.0684372852305873E-02   
-1.8988298613448684E-01 +1.0138683984572929E-02   
-1.8378697837976787E-01 +1.0951989320796055E-02   
-1.7762602266433269E-01 +9.7502998788156804E-03   
-1.7139986644864891E-01 +9.8573453485930242E-03   
-1.6510825894670411E-01 +1.0230898533353964E-02   
-1.5875095112229154E-01 +1.0386333398524685E-02   
-1.5232769568505056E-01 +1.0041035737762802E-02   
-1.4583824708629933E-01 +1.0737648124247410E-02   
-1.3928236151462059E-01 +1.0411012203000333E-02   
-1.3265979689125551E-01 +1.0576358262116590E-02   
-1.2597031286527027E-01 +9.4401674879213918E-03   
