7.698819592484688890e-02
1.184911236855565875e-01
1.146333250935140102e-01
1.165040130553610109e-01
1.158634195704503073e-01
1.182892498891583155e-01
1.171064416882097864e-01
1.228259621632439014e-01
1.164300271465690539e-01
1.150180286827531956e-01
1.187024230498566479e-01
1.203097355515388156e-01
1.195424489209151730e-01
1.229368276202258692e-01
1.195274168375886070e-01
1.212758193961842867e-01
1.177965143966288875e-01
1.189995740789010215e-01
1.179691499718210218e-01
1.225313907087230425e-01
1.199463330789635185e-01
1.168644765484962711e-01
1.208590143413490192e-01
1.140007600828685380e-01
1.154130311732800562e-01
1.200090857021436502e-01
1.163079916080930198e-01
1.171290779960093842e-01
1.192044068871824791e-01
1.213862557799191833e-01
1.181168016879081684e-01
1.209694242707611278e-01
1.233313744340967244e-01
1.171208649366990706e-01
1.175148870420970465e-01
1.171182468281429800e-01
1.191042801673884294e-01
1.200530769685520527e-01
1.229071834918122053e-01
1.178388372928027283e-01
1.142854391459475760e-01
1.187973504794973961e-01
1.178414958860667799e-01
1.164547627304949040e-01
1.177737159987536364e-01
1.153845894024067842e-01
1.144743480709248806e-01
1.150728459927062575e-01
1.201362495127122204e-01
1.155301336397574763e-01
1.199196800377625854e-01
1.189955061107472456e-01
1.147090733915812899e-01
1.152917613047668571e-01
1.192813600160873705e-01
1.160585340275445965e-01
1.174709881587575055e-01
1.203528107900575100e-01
1.146845064134972558e-01
1.190671882172569251e-01
1.186499586370817760e-01
1.223549331174521443e-01
1.147840324575311599e-01
1.196651561848408735e-01
1.209790553132401580e-01
1.164469074726416919e-01
1.143080648588585546e-01
1.178467298929460894e-01
1.178868685950348466e-01
1.210091555858337775e-01
1.132706119451323962e-01
1.133374668981552980e-01
1.165875985993254371e-01
1.194028973709476277e-01
1.219996747077743138e-01
1.181216374136033059e-01
1.222969486360559188e-01
1.193414407309105474e-01
1.156605143805759517e-01
1.167938625727041602e-01
1.191455827723324201e-01
1.200076103767673125e-01
1.246585974714828349e-01
1.169268429932038555e-01
1.164144887691184876e-01
1.163595008842696760e-01
1.186150646602911057e-01
1.166485010501122910e-01
1.138600418208156606e-01
1.151757651558507900e-01
1.181262373095351148e-01
1.210512727366042790e-01
1.211385049177431117e-01
1.210224857429611223e-01
1.143920384723049882e-01
1.161640048752584087e-01
1.212853616695891701e-01
1.191005593649154398e-01
1.154112021035082758e-01
1.137677663995733668e-01
