5.639106586727595793e-01
5.779224401691243074e-01
5.908125669876616026e-01
5.943764723533574434e-01
5.951114589359086660e-01
5.952684665908579698e-01
5.954204096869682994e-01
5.915769774528568670e-01
5.922588566088780038e-01
5.953128155224679530e-01
5.872847812143560109e-01
5.864385003248375750e-01
5.899480989502616790e-01
5.946364037551731263e-01
5.898717946148688274e-01
5.851675450428613923e-01
5.819334538615841268e-01
5.805582165297127339e-01
5.788101602334078111e-01
5.707382303976561433e-01
5.630455476977853646e-01
5.551293830309155242e-01
5.596863613246629843e-01
5.596215909893458296e-01
5.587032941215598347e-01
5.453567268061254580e-01
5.355892120942357115e-01
5.292374974214204553e-01
5.207420988037768650e-01
5.236481412428187765e-01
5.243716791180302872e-01
5.202629951771471362e-01
5.109107448317993239e-01
5.058535984773944172e-01
4.990848794103158736e-01
4.938575175494508418e-01
5.015606068517550753e-01
4.962499788769524911e-01
4.883851232877531312e-01
4.915861166780035041e-01
4.926997965679841274e-01
4.805397113571659440e-01
4.713363793235759713e-01
4.783419361703201145e-01
4.844427054843600811e-01
4.773369101734440401e-01
4.789644957388445867e-01
4.724752468801327598e-01
4.717457241717674110e-01
4.728903453064931539e-01
4.818104683810924271e-01
4.910765920342395896e-01
4.836295663078089557e-01
4.799259903372435909e-01
4.795117606423087153e-01
4.757792754156159321e-01
4.698277290105767334e-01
4.856736858523580391e-01
4.851974169886764665e-01
4.858177333191389113e-01
4.902253102107901328e-01
4.929457426391403718e-01
4.926257733885265888e-01
5.013466267035870949e-01
5.051299242534679212e-01
5.028941457803152160e-01
5.015125759123443272e-01
5.035323003837733902e-01
5.009670822948195656e-01
4.932080648367963005e-01
4.864473438992006904e-01
4.815504486356542158e-01
4.885517689473846126e-01
4.978601922681038516e-01
5.016813616765543049e-01
4.969604458638637867e-01
4.986884064058690336e-01
4.888060823280809819e-01
4.729192905453515894e-01
4.692391153080965882e-01
4.749401961129645633e-01
4.735051102811347890e-01
4.770271102037522137e-01
4.769784186648635682e-01
4.904969143062195558e-01
4.912161845541652694e-01
4.902256619060959553e-01
4.933391159500726264e-01
4.998551708920548342e-01
4.951291537719836322e-01
4.912909018065195754e-01
4.921237102922135787e-01
4.928700226432348730e-01
4.959055502632123691e-01
4.905164774866868083e-01
4.870514810980945408e-01
4.833912129271016322e-01
4.855788346247818521e-01
4.797484074448903346e-01
4.942394878726003027e-01
