5.842921913789875799e-01
6.001957466782952277e-01
5.978997318846679399e-01
5.998916505024232126e-01
5.955548126760541461e-01
6.033077860431150796e-01
5.899094602724798131e-01
5.934505941270692420e-01
5.939828163757873147e-01
6.027445158273507797e-01
6.038606216549239347e-01
6.000051027706425621e-01
6.090753630154310816e-01
6.107177480817438386e-01
6.039661756673078141e-01
5.938939312309470253e-01
5.827917982485770754e-01
5.780367089107210088e-01
5.693357127278813046e-01
5.697063109070219511e-01
5.583656390420010940e-01
5.626442770741368893e-01
5.567738824020005417e-01
5.515082369330697176e-01
5.461727779918724712e-01
5.448221786692617474e-01
5.420248515944552370e-01
5.368351610973878252e-01
5.349225813983763400e-01
5.315945101059127431e-01
5.290512408845873260e-01
5.298968757131271579e-01
5.351230593136562241e-01
5.383055967137138076e-01
5.477413267996191770e-01
5.409066011966220389e-01
5.421111577506302348e-01
5.386389369953266115e-01
5.476541542625232850e-01
5.600868072656655094e-01
5.580822102926515926e-01
5.532148976398482132e-01
5.516982938287583460e-01
5.501337619442492333e-01
5.500830634552893450e-01
5.488536294057073661e-01
5.534315532955415007e-01
5.447664984377298403e-01
5.430325196229708329e-01
5.499822961255703690e-01
5.420853923624724402e-01
5.446361840179450020e-01
5.390280358584516041e-01
5.429066977933589833e-01
5.548637288837970916e-01
5.601919513822908314e-01
5.644896950196990337e-01
5.662082318109055157e-01
5.689179254672396269e-01
5.686487140293609022e-01
5.784989331180097061e-01
5.709498851050346380e-01
5.708713836732096647e-01
5.720540399517430874e-01
5.866593613262515161e-01
5.820265963281804344e-01
5.828121595081703354e-01
5.867787447609993379e-01
5.865115519149276535e-01
5.873892010078508585e-01
5.938864128929970398e-01
5.897196915321143429e-01
5.853319943260215652e-01
5.835117019714946007e-01
5.911650599711137932e-01
6.007469017613793483e-01
6.023205020272769383e-01
6.108945258803379907e-01
6.092920659463374466e-01
6.115816803426314952e-01
6.132205834272052014e-01
6.153318741665809721e-01
6.169364436685182973e-01
6.188872061366273991e-01
6.115458797545116898e-01
6.110765098467938472e-01
6.034656357118374226e-01
6.054236913295394373e-01
6.053791576545252129e-01
6.064723640957272455e-01
6.095612542809094592e-01
6.046163127535160164e-01
6.027617326865452041e-01
6.021805171837477655e-01
6.095840484900967304e-01
6.076583823096602943e-01
6.037959941221520133e-01
6.033524061706199149e-01
6.024711175890250514e-01
6.049658794532196682e-01
