4.924550136390059563e-01
5.046668178076568756e-01
5.056421289277719389e-01
5.164397667393230140e-01
5.131778538140099322e-01
5.127255576812473903e-01
5.147301006394264800e-01
5.253691099042631096e-01
5.237923121072649568e-01
5.236089240409862455e-01
5.216753923937488269e-01
5.297156313621582679e-01
5.297698989010459769e-01
5.338888787929703117e-01
5.290383418814796901e-01
5.235927401413912330e-01
5.297504452260117791e-01
5.258805974968225883e-01
5.230271209524161025e-01
5.210893260734019705e-01
5.207071956423108272e-01
5.194845690990079756e-01
5.261843977347894219e-01
5.239268592922169399e-01
5.220699655903707770e-01
5.159345200095907247e-01
5.078766428603342931e-01
5.134361524209650751e-01
5.191660631958758820e-01
5.121934711336573187e-01
5.077414098314585456e-01
5.037578680567826872e-01
5.154658063357292486e-01
5.154372371865708624e-01
5.041968715118561040e-01
5.080686517081152154e-01
5.037696452766367017e-01
4.990518080288091074e-01
5.039111530249251736e-01
5.067543678736299295e-01
5.032955878065250577e-01
5.057609561172140555e-01
5.003746862796727424e-01
5.044595824238140569e-01
5.037022537052225912e-01
4.978601833487056316e-01
5.054190413952642791e-01
5.045515528241795167e-01
4.923623114551008983e-01
4.873448900293148034e-01
4.891215540049351773e-01
4.873843765853711485e-01
4.751587483530355094e-01
4.818523581684330259e-01
4.745419875842591395e-01
4.740771678449217652e-01
4.726559319965916162e-01
4.682371645058744924e-01
4.659272186345946865e-01
4.617285661668862340e-01
4.604946763903064455e-01
4.716611812531731340e-01
4.713318232496008231e-01
4.802360141428670404e-01
4.833375456358563471e-01
4.934292158950246421e-01
4.885010674023489430e-01
4.922697264424386043e-01
4.937159779379434177e-01
4.964784300433893183e-01
4.954044242220394523e-01
5.015064141974965306e-01
5.083021263468788797e-01
4.982789294270781322e-01
5.056303368084921201e-01
4.985794722245822097e-01
4.986826150742220132e-01
4.970931668550104821e-01
4.997155715639026718e-01
4.880678389753549951e-01
4.988598954154149778e-01
5.013434548116872946e-01
5.028493042597010909e-01
5.031403968903656043e-01
5.127487051888169889e-01
5.167518041208475355e-01
5.174075806022787605e-01
5.138509163928366430e-01
5.198194282310161229e-01
5.184518509964132216e-01
5.158754834428679326e-01
5.208684853468817932e-01
5.184573971651007529e-01
5.292715667686969105e-01
5.305046530368507929e-01
5.254812656801570725e-01
5.307888847747133099e-01
5.337142780217467575e-01
5.404034493997784683e-01
5.408991788623180863e-01
