8.502598482008286163e-02
8.768244893581489396e-02
9.363980544336070189e-02
9.263165790527222443e-02
9.336212748033778652e-02
9.405105294965968032e-02
9.139588553383370950e-02
9.215369629363047432e-02
9.252163441882098327e-02
9.165908416422569038e-02
8.907492164543959201e-02
9.053391697527198023e-02
9.666506896480121791e-02
9.087763872813772736e-02
9.265293953287893902e-02
8.992043215091659325e-02
9.201147020767769247e-02
9.222653270766004163e-02
9.425251055414740620e-02
8.900645119066617761e-02
9.503402175249518746e-02
9.336170026901866037e-02
9.006914678730507107e-02
8.952840518940342884e-02
9.271845731332806206e-02
9.447483113170283830e-02
9.212610533040607730e-02
8.668834753071569255e-02
9.181038632602162020e-02
9.243482916065665078e-02
9.330693341981476097e-02
9.448294755468880646e-02
9.451555156524406309e-02
9.176274349588062207e-02
9.442164298462607519e-02
9.031751532667020577e-02
9.506963770567893046e-02
9.247738181293296833e-02
9.175751081306685042e-02
9.143938187443642618e-02
9.149220767626603523e-02
9.330274499840568447e-02
9.208463424674717679e-02
9.298179579529552985e-02
9.086952563317110543e-02
9.311870865753843485e-02
9.280086102171536400e-02
8.941743521321310340e-02
8.962613894502073630e-02
9.213894238162406713e-02
9.143270916897897060e-02
9.071250697060043167e-02
9.329183792020091792e-02
9.470759043396925758e-02
9.036515481750645451e-02
8.987245513855826595e-02
9.425451185403788124e-02
9.223719778357919452e-02
9.194230820431920082e-02
9.414116411682027508e-02
9.208369568036495201e-02
9.017822868921893109e-02
8.978925214405142352e-02
9.087231173609983115e-02
9.232041130704321530e-02
9.427529200040918322e-02
9.422775238348785054e-02
9.114564868234387163e-02
9.323451433149557155e-02
9.461660288852324907e-02
9.464090343641372305e-02
9.363464656063591462e-02
9.026474859707721288e-02
9.745061494132925550e-02
9.354474118179217923e-02
9.317606165374667238e-02
9.576602508823167659e-02
9.171606752380037642e-02
9.602951278975230265e-02
9.009208564184159607e-02
9.423089662716854775e-02
9.404015780530644575e-02
9.325058530979339622e-02
9.420221915951246250e-02
9.137866728279278594e-02
9.351973147637895889e-02
9.089884361602566798e-02
8.995582015869267589e-02
9.153233333161882312e-02
9.115064423780278036e-02
9.055038693496587909e-02
9.722790246365288491e-02
9.018701032608561485e-02
9.000068332402119675e-02
8.941528121457095746e-02
9.465763786491002141e-02
9.491931790012127224e-02
9.051974609744176115e-02
9.494116685761064267e-02
9.286749345854394821e-02
