6.714984589273045312e-01
6.764570788296522252e-01
6.769151254793438488e-01
6.771511044505312826e-01
6.756316828683222031e-01
6.750943092978496374e-01
6.752982526676074571e-01
6.747055752002439899e-01
6.747269880381009388e-01
6.802502729207262622e-01
6.743289480877392439e-01
6.769254980028052149e-01
6.757923039074047455e-01
6.767999587508715109e-01
6.769801417804770516e-01
6.788075962197143154e-01
6.745780652487159967e-01
6.781336895080932736e-01
6.777921914881143151e-01
6.753656931834850496e-01
6.775946159468979602e-01
6.769921096596407395e-01
6.767625436956004048e-01
6.751198387155178393e-01
6.780662869845620611e-01
6.784854799085227040e-01
6.777968060582106880e-01
6.774937833640464202e-01
6.796585477827182808e-01
6.797854268169525316e-01
6.754448662774090728e-01
6.770195461070869225e-01
6.773439456459733332e-01
6.791479117704286583e-01
6.777591945311388644e-01
6.775471043855234576e-01
6.749279687694100804e-01
6.768719127879071484e-01
6.737179737540794910e-01
6.754582089114343768e-01
6.758669248324287171e-01
6.775698326569251639e-01
6.732772663647790257e-01
6.752896123275022866e-01
6.734138244734690915e-01
6.717516946330747141e-01
6.692563902252638419e-01
6.703757035720987467e-01
6.729509855722151102e-01
6.784394316643791445e-01
6.741600732148007591e-01
6.734599927282979293e-01
6.726881902612216191e-01
6.750603933430361359e-01
6.752528865411373538e-01
6.694482365091471987e-01
6.701185787072578837e-01
6.686446597899927680e-01
6.635790154738745450e-01
6.671068051933266574e-01
6.669975070678342277e-01
6.689488046635650997e-01
6.649279732152892919e-01
6.599520082027590107e-01
6.574826359217185168e-01
6.604205778609013588e-01
6.637543857894758759e-01
6.623990566263990853e-01
6.650224569791458595e-01
6.636933222266288013e-01
6.643435276272741108e-01
6.685874851456989898e-01
6.676351191471747715e-01
6.654535988465024587e-01
6.707993853746229140e-01
6.679473698513653801e-01
6.711647906659214957e-01
6.734964830581272599e-01
6.660881705743424419e-01
6.736834844420513946e-01
6.732172825854529918e-01
6.742373359555614565e-01
6.736451451625792286e-01
6.731743070994015143e-01
6.660625841152667537e-01
6.621661949161231631e-01
6.637957943875228972e-01
6.657898109572975009e-01
6.641294618717248355e-01
6.678241745603241686e-01
6.681993605252556367e-01
6.679052571263961458e-01
6.637461878690693595e-01
6.637456828121964802e-01
6.617410640705498892e-01
6.620734896416147208e-01
6.629700033862679920e-01
6.650731899155865046e-01
6.664618734577349990e-01
6.649983853249774590e-01
