7.422143368466553870e-01
7.552368647770083543e-01
7.482485198616611877e-01
7.476362326302656847e-01
7.519169484676119231e-01
7.524716219398237538e-01
7.472880093803344614e-01
7.484989668573334143e-01
7.448760978337576333e-01
7.445443871481925990e-01
7.353703986815267601e-01
7.372005451790666353e-01
7.364004485030083424e-01
7.396184549853597190e-01
7.448537358099445171e-01
7.444597526299132628e-01
7.483306645737425322e-01
7.536324598351622495e-01
7.428755144844959579e-01
7.459425907774180908e-01
7.459788780989448087e-01
7.413507324673743737e-01
7.294519387407258915e-01
7.309660645204310025e-01
7.288332306131993787e-01
7.240618672216698748e-01
7.207665750797682680e-01
7.229915943057989569e-01
7.210997165627062166e-01
7.258392834184435038e-01
7.303023576075686751e-01
7.301341113795991600e-01
7.344068304281720083e-01
7.410461635266247793e-01
7.403590932734147589e-01
7.427933492368810064e-01
7.482617087475191830e-01
7.464110698688671830e-01
7.535382781324135859e-01
7.532591433463333708e-01
7.524241508226048314e-01
7.482708085909586249e-01
7.498044970050525837e-01
7.489801632354218253e-01
7.495847874651315745e-01
7.492331423331588525e-01
7.529104539912878646e-01
7.482995045594129646e-01
7.513094349897108115e-01
7.533263988941787392e-01
7.600840980352907561e-01
7.558352763926183826e-01
7.607167592243077037e-01
7.508860984911125414e-01
7.462507775801412446e-01
7.463580504579025998e-01
7.420020819427367575e-01
7.458782220706239308e-01
7.451572374276871358e-01
7.492056422807422678e-01
7.479373534788631428e-01
7.394970481691931496e-01
7.393020471106979130e-01
7.405054503416439449e-01
7.520606954314246195e-01
7.558979656861581908e-01
7.608237192318845210e-01
7.539481884562898584e-01
7.551741393498777599e-01
7.610467257941179176e-01
7.672075435758587414e-01
7.658440672820583384e-01
7.633319956784606619e-01
7.626040830174863894e-01
7.652055918976465865e-01
7.638492110984528294e-01
7.640954139113179666e-01
7.697191380723887866e-01
7.679696645008211586e-01
7.694938636000635546e-01
7.713536415712705097e-01
7.675525576654111948e-01
7.690368872772028741e-01
7.693928934549223442e-01
7.681818542541354322e-01
7.728812674012126571e-01
7.708304955074191112e-01
7.698956850810235730e-01
7.714085232553657967e-01
7.669685963407806284e-01
7.707928407630060264e-01
7.708998214627371670e-01
7.713996903370625713e-01
7.707225753505173582e-01
7.709364489027124012e-01
7.697220340555833706e-01
7.677629439470232686e-01
7.678624008389429711e-01
7.668471912242138533e-01
7.675185605051085824e-01
