4.217705114849155668e-01
4.354816383838516214e-01
4.429168222921185949e-01
4.327398794563842577e-01
4.344925742883916087e-01
4.362820097667577945e-01
4.395860832848684785e-01
4.415771843468442315e-01
4.409840235772404249e-01
4.483801591872660364e-01
4.496531656165330681e-01
4.431080933060556060e-01
4.444247175838919039e-01
4.324007602831800301e-01
4.241081850448325530e-01
4.194998808906720278e-01
4.326980632489262901e-01
4.345901194987312754e-01
4.325823993390328637e-01
4.362165991668286447e-01
4.370669279693865095e-01
4.320715188776906857e-01
4.330073715699156445e-01
4.317417732148576270e-01
4.362422221680268830e-01
4.388925350085591814e-01
4.457989073674752389e-01
4.501476534066376489e-01
4.507974674550555561e-01
4.536520491919474596e-01
4.472252990433378539e-01
4.550172554659404067e-01
4.595057349224394017e-01
4.563637270294035320e-01
4.669798688526586861e-01
4.652255600848194117e-01
4.697178870384264848e-01
4.725396620883761667e-01
4.713274159339326808e-01
4.694607268465392780e-01
4.680607083191659079e-01
4.708626212412491130e-01
4.659358655213500788e-01
4.687413475673726238e-01
4.749252890181331344e-01
4.723306933596876922e-01
4.681051555798923514e-01
4.620572121771919782e-01
4.532924478078225183e-01
4.495441320168062638e-01
4.513804977033721855e-01
4.528244731412893187e-01
4.570454508947920935e-01
4.601161992026594483e-01
4.611656417087443005e-01
4.663520105663766513e-01
4.688290885980150313e-01
4.718341099193575916e-01
4.584865441396357433e-01
4.620519163402405649e-01
4.653674851564104653e-01
4.597471475190671453e-01
4.606901454674797725e-01
4.652296029071530947e-01
4.687568295593221301e-01
4.721501464543048643e-01
4.717870465972442418e-01
4.695522316115544603e-01
4.616535539906567731e-01
4.680237551194149637e-01
4.684271499404756289e-01
4.731077161112924312e-01
4.788112154264561049e-01
4.814067416565843138e-01
4.864552151021339643e-01
4.830713108652063270e-01
4.850988279529037106e-01
4.839014648612982583e-01
4.813721052638710862e-01
4.767776127049965229e-01
4.819009427062480588e-01
4.829960637629011067e-01
4.928491195928936808e-01
4.840567043315462392e-01
4.903235141378330386e-01
4.766574277327274567e-01
4.762342700010542829e-01
4.778283794821595043e-01
4.710209324111803708e-01
4.726743839456314378e-01
4.720800456363478670e-01
4.679789436250722523e-01
4.628058426835255368e-01
4.639733667330570022e-01
4.668721971773033275e-01
4.702358682079413876e-01
4.777231666437655178e-01
4.663699558902140163e-01
4.682105887883857287e-01
4.765681982588075849e-01
