4.580532889883062175e-01
4.655019701823456812e-01
4.644086819415645939e-01
4.656067341443853591e-01
4.625653083562305534e-01
4.706196173956262996e-01
4.807656946238006990e-01
4.781160383190783403e-01
4.889491017598437406e-01
4.962595667375176989e-01
4.992988054600900893e-01
4.979884903018002573e-01
4.958132882083186588e-01
4.988467277191390714e-01
4.992959434874991720e-01
4.984393092066455866e-01
4.991695184816811182e-01
4.924612055539930866e-01
4.905398405680675422e-01
4.893195501287975757e-01
4.916437159168719484e-01
4.872321364162899293e-01
4.873247692878892590e-01
4.805095640523365796e-01
4.783889118817404307e-01
4.807884800572851391e-01
4.831768394581460457e-01
4.926986073161263580e-01
4.916216788745892963e-01
4.907782274135649159e-01
4.857011888326743243e-01
4.831581580034645662e-01
4.818612928647094673e-01
4.842010239262198867e-01
4.823132831417870081e-01
4.916053384570394647e-01
4.810899764095436515e-01
4.666274389513814791e-01
4.555386080771919310e-01
4.576714812745781291e-01
4.555785976607332755e-01
4.564016567796905233e-01
4.502666143377944685e-01
4.428470960890339425e-01
4.320515776185591128e-01
4.316345709014259291e-01
4.242760772274584702e-01
4.324475790997797664e-01
4.334039342815164120e-01
4.398209594663600175e-01
4.443884026620010808e-01
4.482206382284015245e-01
4.545457816147232544e-01
4.623249044923611328e-01
4.676004118998322578e-01
4.646876035462646493e-01
4.637815267991931001e-01
4.567878437093306210e-01
4.584903622160727554e-01
4.675777258996158259e-01
4.632511768161732268e-01
4.562989138270128753e-01
4.574484959604155909e-01
4.492480605572658492e-01
4.480755210503871155e-01
4.462733453356504953e-01
4.451701420649669672e-01
4.445322994857499044e-01
4.507969542063229307e-01
4.505023055059442227e-01
4.563932756254379663e-01
4.523438615222533654e-01
4.505794703477162821e-01
4.492679164196637931e-01
4.411776720902154114e-01
4.355631485434944272e-01
4.373510610868678317e-01
4.473265897286938797e-01
4.504178508023711780e-01
4.450915856839497975e-01
4.364125809804439426e-01
4.352200552785687737e-01
4.261879950599645195e-01
4.270949552108361247e-01
4.196216951020211861e-01
4.214001316908677630e-01
4.205578804465746057e-01
4.183029909509590749e-01
4.250526839078231367e-01
4.213210252685956059e-01
4.262964255114120027e-01
4.297074426498481148e-01
4.318290509113404951e-01
4.328109911371916807e-01
4.299465502580294141e-01
4.321523701002090712e-01
4.416126549519536759e-01
4.401411845575460835e-01
4.364234198505404505e-01
4.255703504754565492e-01
