1.145665237020829230e-01
1.200699059835532850e-01
1.184495133379235565e-01
1.207537523480061159e-01
1.193427492786364036e-01
1.187991607529827187e-01
1.173966351362700777e-01
1.221316375901072837e-01
1.183561129814084678e-01
1.188081597040549914e-01
1.229179460564367443e-01
1.154157218338816293e-01
1.175921077951853633e-01
1.220693878360263884e-01
1.181849387400259743e-01
1.199920985918757899e-01
1.193086337327222135e-01
1.150898899595095837e-01
1.192265119784625682e-01
1.194354727204920558e-01
1.218473841904801347e-01
1.166402737602398182e-01
1.250532276800269682e-01
1.166881922600891408e-01
1.186798240464273374e-01
1.175373124301494765e-01
1.185114370116825827e-01
1.188716346625332682e-01
1.184936087982606384e-01
1.174628301815732467e-01
1.217725546813708259e-01
1.183952061600684336e-01
1.163748451851187860e-01
1.218775748818797244e-01
1.158605126215717374e-01
1.174255657329780350e-01
1.190327887743155011e-01
1.163436084141595966e-01
1.203061605781288734e-01
1.224633040805137157e-01
1.233717468516411786e-01
1.181328863822388164e-01
1.236168098696093093e-01
1.160075437224697970e-01
1.171779713476166218e-01
1.198247950721381683e-01
1.204605269088256103e-01
1.176116220305979954e-01
1.233182195390337965e-01
1.165200899668950019e-01
1.209352222176656999e-01
1.170672590751876685e-01
1.185813841168335131e-01
1.186555918952155592e-01
1.193222955365009080e-01
1.160934303673480383e-01
1.217695805113377383e-01
1.208269225839605776e-01
1.176463893212674194e-01
1.196777201195957374e-01
1.222597921176305780e-01
1.207290219533879161e-01
1.201863845955018911e-01
1.150773604155918423e-01
1.187136186804754190e-01
1.173778739712501157e-01
1.168949016953575448e-01
1.162097209774477502e-01
1.168896152962284607e-01
1.161245988984968558e-01
1.180989072980388882e-01
1.182134173305121327e-01
1.202250206091484835e-01
1.182194585475431492e-01
1.148031826493693675e-01
1.191527660725100052e-01
1.182475952405697417e-01
1.190631334047431988e-01
1.163827917565876946e-01
1.190528957691024681e-01
1.191133124838990448e-01
1.156305197557852271e-01
1.157015463184122572e-01
1.179345310657221590e-01
1.165020128814098777e-01
1.186110112571398395e-01
1.232364136844016356e-01
1.162323616246188351e-01
1.226738135856191292e-01
1.188254289033621458e-01
1.205643310330691970e-01
1.186140156897494274e-01
1.188117030184624445e-01
1.228692203363116187e-01
1.181746237123600940e-01
1.200554521861396245e-01
1.195609952931143971e-01
1.193540502308805817e-01
1.155957603859036897e-01
1.196399181044255355e-01
