3.706345636817143241e-02
4.203181101946032450e-02
3.881546976464968213e-02
3.803873981313156405e-02
4.129699816241752530e-02
4.310999974654225464e-02
4.070474243662676461e-02
4.093520609131941212e-02
4.138563228808087024e-02
4.137096126399757851e-02
4.495193865994596971e-02
4.158837811697439768e-02
3.951962206149847723e-02
4.171188735803536829e-02
4.116036413068786121e-02
4.168662399080896863e-02
4.112354455229647043e-02
4.269656988813072540e-02
4.371992833577525994e-02
4.359118689086848714e-02
4.154429389417902546e-02
4.288638161161435758e-02
4.432406075775861820e-02
4.248269591670815470e-02
4.297688076592669215e-02
4.132043130515521828e-02
4.160173992269982496e-02
4.083638511159237705e-02
4.256982290975939304e-02
4.176143054687109224e-02
4.000153819526527932e-02
4.107065474878721090e-02
4.094145080291761163e-02
4.239023949873547970e-02
4.229233972858822271e-02
4.333417011287993281e-02
4.173162230352343849e-02
4.066535959628040514e-02
4.144074853763061311e-02
4.138653626531711704e-02
3.978786859938956977e-02
4.182900863573491002e-02
4.087582839021167841e-02
4.079353815912644537e-02
4.237639482406656277e-02
4.209633416354841007e-02
3.824932525457691579e-02
3.999335290507481655e-02
4.129933094367033153e-02
4.088721385073774972e-02
4.270377067497783952e-02
3.949824218402461784e-02
3.971639829728863813e-02
4.002732552564899904e-02
4.431676704494084268e-02
4.124274692498068606e-02
4.194777253718560278e-02
4.204803751918247123e-02
4.109331432567826098e-02
4.126855032758226099e-02
4.183951968082738615e-02
4.202985790990618198e-02
3.952338400603132296e-02
4.343326856636792188e-02
4.258371757022651888e-02
3.823127162618622510e-02
3.833269110897544185e-02
4.328521788272662874e-02
4.134527915022251365e-02
4.146263258877089936e-02
3.877898843290461528e-02
4.020384737627658023e-02
4.213503992099622286e-02
4.214012519046297922e-02
4.411359162044165005e-02
4.100717304541745545e-02
4.304445327755218598e-02
4.321889587703692942e-02
3.783559470949950099e-02
4.092062263532451200e-02
4.280846873256358848e-02
4.050793682218757630e-02
4.019124999461651249e-02
3.968139845115100511e-02
4.174948259174229848e-02
4.289314743908904243e-02
4.354989937821683588e-02
4.016862635100651446e-02
4.069071030326042171e-02
3.932986808130670142e-02
4.072868754164786498e-02
4.191869409324273238e-02
4.179434468905100786e-02
4.254768838758969662e-02
4.100619708784258161e-02
3.877649665295539172e-02
4.398195132977775895e-02
4.064727696430658205e-02
4.150871024943472015e-02
3.958569600743696432e-02
