7.697596793102603474e-01
7.758157053852428042e-01
7.753202871056296130e-01
7.753639255327124946e-01
7.815194977581474411e-01
7.776661111643620172e-01
7.785831165024468259e-01
7.747768483574917209e-01
7.748062659774492822e-01
7.768734432958738223e-01
7.753033918704044236e-01
7.796693138947410340e-01
7.772503099309302499e-01
7.770313849687375818e-01
7.785006713068753914e-01
7.765466638872686733e-01
7.755464012318673550e-01
7.800395063182103961e-01
7.723979711529207481e-01
7.777353431516347282e-01
7.776923285396792895e-01
7.765795142565417031e-01
7.787486542049240068e-01
7.826666044114884979e-01
7.819519809871249283e-01
7.807068147186819740e-01
7.838598779077339262e-01
7.829361580532399056e-01
7.793510708726500980e-01
7.804026234916189297e-01
7.815637394094550050e-01
7.815661035695911085e-01
7.788876820680618041e-01
7.796234398895236506e-01
7.749432096555548544e-01
7.744304082397930333e-01
7.781252877643837218e-01
7.797671282834596207e-01
7.784941283451946026e-01
7.806610162727717350e-01
7.820619127289362149e-01
7.789846441661871790e-01
7.789654848696465628e-01
7.768756476688044588e-01
7.764452946748006124e-01
7.792598246286932540e-01
7.777452145956523788e-01
7.770075721780871358e-01
7.792124875699466546e-01
7.796555291631567242e-01
7.773699763906620763e-01
7.756394349787063547e-01
7.774138808704178505e-01
7.806155780136703193e-01
7.780103872858211700e-01
7.769512158709876992e-01
7.802666993761054881e-01
7.792993358846129759e-01
7.723944709606227477e-01
7.774460160813829734e-01
7.775848126945921202e-01
7.787039830111622818e-01
7.778460634639690063e-01
7.775979570828148724e-01
7.758056316486128257e-01
7.798293913868963312e-01
7.794741008737573473e-01
7.822120455675801720e-01
7.797382497332658868e-01
7.806054607227319586e-01
7.839332511379655255e-01
7.812549244776484381e-01
7.765747525874119317e-01
7.799189334897995707e-01
7.810594071636030034e-01
7.783225952015393467e-01
7.840672231750190901e-01
7.826076931405303583e-01
7.821776604016376089e-01
7.793645612426710612e-01
7.823821124690125695e-01
7.821302182165210670e-01
7.797304728765257487e-01
7.792905039072972606e-01
7.799302268721759468e-01
7.825354583184422896e-01
7.800616951587010517e-01
7.779704379500544942e-01
7.818663264650991263e-01
7.802919737943714296e-01
7.805144583643536249e-01
7.784388161491891944e-01
7.811003462992276436e-01
7.793641661247785457e-01
7.790268613878492676e-01
7.812813204958090063e-01
7.780690900508522301e-01
7.807716949259551065e-01
7.794060609030624143e-01
7.812999617742391045e-01
