7.225872531558233391e-02
7.619244316142187445e-02
7.167712434647646735e-02
7.694988943633884748e-02
7.120314218297346676e-02
7.415241721869958447e-02
7.578365139100769199e-02
7.369301631664063046e-02
7.381562308867246902e-02
7.410973166167730830e-02
7.303743854209072961e-02
7.350033578492333464e-02
7.500070208553537288e-02
7.530250175107622290e-02
7.440661053884978227e-02
7.499299605647766209e-02
7.485322039444058939e-02
7.696877867356356762e-02
7.094992980534385596e-02
7.382848104304787218e-02
7.647401944704719512e-02
7.427596487223431243e-02
7.155733959090049279e-02
7.512787864535394600e-02
7.431492735940092853e-02
7.487817527293531839e-02
7.268139107448881586e-02
7.324927354924977430e-02
7.453842126130122425e-02
7.228668064927409875e-02
7.282768283205193205e-02
7.222135391777956270e-02
7.042013818873324449e-02
7.387883058610937581e-02
7.447198864851196920e-02
7.394050292720757978e-02
7.659826926346499643e-02
7.634108116574671310e-02
7.129079206485312847e-02
7.119221128009431410e-02
7.097012831471168071e-02
7.245867626944128836e-02
7.423429213260775150e-02
7.488848903919245736e-02
7.190761435821418912e-02
7.502788038405744375e-02
7.567620879379752252e-02
7.463188211011086148e-02
7.507939301988887648e-02
7.398061355775617520e-02
7.298307415810680043e-02
7.369875365650199739e-02
7.161206194180883000e-02
7.170804152056260705e-02
7.394924819402995397e-02
7.566198446351497797e-02
7.615540365445785942e-02
7.280673705945020502e-02
7.670436842321803894e-02
7.275387080713874299e-02
7.286619306986148736e-02
7.409434170443722489e-02
7.278795980793673071e-02
7.246930749464534915e-02
7.142381123320448721e-02
7.359984620843423864e-02
7.461251005028396444e-02
7.279702627448908503e-02
7.332941132265234641e-02
7.496183545845098994e-02
7.511066684760561718e-02
7.369851141672612016e-02
7.696598818462552227e-02
7.147857346270947154e-02
7.876188772479472688e-02
7.646232968503841043e-02
7.498884046937177861e-02
7.245768152952539176e-02
7.355388655801765874e-02
7.625059092516114911e-02
7.307214304895123802e-02
7.606195297278484091e-02
7.492952337245345484e-02
7.494675488497018478e-02
7.569290422193186707e-02
7.385025565573394291e-02
7.183116876044239041e-02
7.439019380356101663e-02
7.469094638215964532e-02
7.245798405766569472e-02
7.689943609331985341e-02
7.571009553645800805e-02
7.660138957868739551e-02
7.656525671723751758e-02
7.549370574619509999e-02
7.647637474020789472e-02
7.230075831155582944e-02
7.221936103113288374e-02
7.412175871851621467e-02
7.610713818265130159e-02
