6.600228896530518918e-01
6.648815985976452847e-01
6.657275231549735217e-01
6.649075353951684475e-01
6.617832054650213403e-01
6.665864232528981859e-01
6.640106364177021936e-01
6.622890995577108697e-01
6.665681885553629282e-01
6.642855020634279573e-01
6.636047119562579200e-01
6.651286000159134515e-01
6.626785153061817146e-01
6.626770692157906151e-01
6.603835560588480202e-01
6.601731829603825208e-01
6.638896853140403564e-01
6.612454085372148072e-01
6.596593461410892312e-01
6.584032597543474363e-01
6.591986586579529073e-01
6.566274861527376938e-01
6.620909501054907942e-01
6.583635517404011761e-01
6.550832902299522642e-01
6.587482901998265028e-01
6.576578106340722485e-01
6.579826355465695498e-01
6.517594728800955028e-01
6.529755954189089273e-01
6.492896806520490616e-01
6.506415221696268958e-01
6.412700092685822417e-01
6.438713593003637659e-01
6.473537791021157783e-01
6.466218121591364998e-01
6.492425915713617712e-01
6.372009543555348099e-01
6.432316417565349109e-01
6.444105557997575895e-01
6.431114115797799125e-01
6.437118624223627794e-01
6.402013326049401654e-01
6.409946594576241274e-01
6.397594353745414963e-01
6.378678683378929959e-01
6.392491425725606025e-01
6.365474438953779845e-01
6.368725971354800564e-01
6.437589456448624681e-01
6.368076852210914351e-01
6.367089976061662826e-01
6.416907711641290923e-01
6.434290451762065821e-01
6.443410317025364265e-01
6.419777970335968087e-01
6.394141257397959466e-01
6.397784675164801538e-01
6.371638051460790653e-01
6.346801130184105411e-01
6.406516270586189998e-01
6.375730305089721828e-01
6.341863299450031244e-01
6.302488649906521356e-01
6.316652873226784592e-01
6.217136927865705154e-01
6.312590151979939890e-01
6.349793370142812199e-01
6.290340250511738951e-01
6.281277281586840067e-01
6.304013181483475448e-01
6.249173166117943934e-01
6.325730932579700649e-01
6.263042272960598345e-01
6.256785135860614133e-01
6.275248518352224414e-01
6.328601791178702918e-01
6.322735014322798941e-01
6.446606347535068782e-01
6.477181300586181134e-01
6.508181149612781713e-01
6.484938894660188247e-01
6.526797557983190501e-01
6.513707991239083839e-01
6.539549507218477276e-01
6.577481067150896532e-01
6.597240886981429187e-01
6.589872300352591639e-01
6.569559322745552876e-01
6.600731145442115810e-01
6.566932190548865345e-01
6.633658191993915265e-01
6.609466522971078062e-01
6.631479968009719173e-01
6.615750877659094531e-01
6.623018116854794135e-01
6.549943548473091681e-01
6.581537866812356974e-01
6.539250162397226562e-01
6.546307056518109180e-01
