5.120091860656572624e-01
5.132669101341613693e-01
5.245191264789844654e-01
5.262595317549542129e-01
5.211525441265054681e-01
5.196176288703353574e-01
5.130205969332274352e-01
5.177003742523574870e-01
5.111286968110821949e-01
5.122110695715309525e-01
5.116615538879096814e-01
5.113636621232928725e-01
5.113146477152249458e-01
5.105172754347503394e-01
5.084497184039592499e-01
5.033971162502246521e-01
4.976947668107308820e-01
4.898442173120868270e-01
4.834653543824813937e-01
4.894085275596431472e-01
4.981046109720909665e-01
4.972377517702429861e-01
4.970296667258709000e-01
4.969111950509013109e-01
4.954169549355088575e-01
5.049704234834992977e-01
5.089367185592690301e-01
5.025907487059373402e-01
5.071791123176573324e-01
5.104545028961704478e-01
5.145764365449584377e-01
5.280929019659277301e-01
5.354051524760630176e-01
5.376488953795093284e-01
5.384981349510156168e-01
5.393925476640699657e-01
5.470102023871370456e-01
5.393045516402208417e-01
5.468306652101369014e-01
5.454721890287472785e-01
5.483897172018312727e-01
5.520647974622469034e-01
5.486835857488958634e-01
5.492827821430931179e-01
5.558861998725399545e-01
5.558667238805307109e-01
5.562527350615025235e-01
5.594642049683339335e-01
5.620940694043828900e-01
5.611984509655755238e-01
5.655912595127463582e-01
5.603331160764102314e-01
5.568005890039651185e-01
5.580663395846539032e-01
5.562247066479415469e-01
5.659984821467761718e-01
5.672390847627248878e-01
5.641497241805367713e-01
5.607049421914341858e-01
5.574234446790506947e-01
5.607818079743389639e-01
5.470057265564862714e-01
5.458134502603727567e-01
5.401011072165676774e-01
5.394785879347744340e-01
5.336227351494563509e-01
5.315791685571757963e-01
5.200785561621817932e-01
5.212322380203054939e-01
5.139916716079979686e-01
5.197186313857721229e-01
5.191369967137891006e-01
5.187823120094793294e-01
5.155711424789370945e-01
5.252388953712128217e-01
5.228868299676173725e-01
5.230685405050232717e-01
5.242012766305630400e-01
5.186417898539078530e-01
5.270212650647431163e-01
5.296035846542224146e-01
5.256403438398615791e-01
5.227628260506449465e-01
5.198900397026545717e-01
5.205551730910654706e-01
5.245652718185500607e-01
5.277076830776936678e-01
5.335625317040185722e-01
5.366139037819921409e-01
5.312138932415999548e-01
5.313523614310252663e-01
5.413328235736278859e-01
5.491795490911470790e-01
5.496315334620911486e-01
5.402755719184436645e-01
5.527550970946611963e-01
5.529933575400862722e-01
5.500217251716579270e-01
5.561233040517402637e-01
5.617113102040034445e-01
