5.123231193090209412e-02
5.860036408690703219e-02
5.621425982462603665e-02
5.611244303756406787e-02
5.875711519411748462e-02
5.778657847665891190e-02
5.941689454214316851e-02
5.719055195572690653e-02
5.887501178081497311e-02
5.435427826428846504e-02
5.910278331798879403e-02
5.879362451349473551e-02
5.454062507842346447e-02
5.626481277559018668e-02
5.689845814912505850e-02
5.561921195273652335e-02
5.758259113244251770e-02
5.524339656004654403e-02
5.616666062785606595e-02
5.885097190797652922e-02
5.685286121119594027e-02
5.591664707989248140e-02
5.335990299014786720e-02
5.644125697503490913e-02
5.528721382555836644e-02
5.691583165813966783e-02
5.705403241992844376e-02
5.846083566410720245e-02
5.824229035736755433e-02
5.608496891047881627e-02
5.683066287926418630e-02
5.618146403448873866e-02
5.737269774597542060e-02
5.868112679234447487e-02
5.891831850691423705e-02
5.847628044714987816e-02
5.783280682384975974e-02
5.615547877920808173e-02
5.641375806294391532e-02
5.810165369218616566e-02
5.663570274031985707e-02
5.736096249710562200e-02
5.879239053383880642e-02
5.970661842004466868e-02
6.024090549661068050e-02
5.651487393550234245e-02
5.630330367110579493e-02
5.648990171423068363e-02
5.560086442808523377e-02
5.413650336852096623e-02
5.400761780437936255e-02
5.755962912164995504e-02
5.660618795648292984e-02
5.808209064401583660e-02
5.857608486904446882e-02
5.686672227875923941e-02
5.723498590508054040e-02
5.583755911374911618e-02
5.832276057010657433e-02
5.725407067519414778e-02
5.647605593303992727e-02
5.473214501832082690e-02
5.679046813813359851e-02
5.826126582488243277e-02
5.589791488270650505e-02
5.913795447498553653e-02
5.329820843927302043e-02
5.843902873316491470e-02
5.694244703223383386e-02
5.553889270825070057e-02
5.862133661583672495e-02
5.756422490923193691e-02
5.795139250590487789e-02
5.735232514942825710e-02
5.584533810898512779e-02
5.545418127605475367e-02
5.706610385302274269e-02
5.947078846610699687e-02
5.991087038870174242e-02
6.197639349305553158e-02
5.809846181910087448e-02
5.700377174862900076e-02
5.546647119008510374e-02
5.667408198054078167e-02
5.813158433477245285e-02
5.756633523379933726e-02
5.588293630423705333e-02
5.915344431655823743e-02
5.593350017933665375e-02
5.467813931576673975e-02
6.008333934460668990e-02
6.008331937504730880e-02
5.679352957114433553e-02
5.625373883187458068e-02
5.607728855570025261e-02
5.815128426677462076e-02
5.717588165746262385e-02
5.780550043305674596e-02
5.475758363130926037e-02
6.057859617645874883e-02
