1.288681365399677314e-01
1.336520038558591250e-01
1.373630150208642320e-01
1.371198314845375188e-01
1.310831899137769874e-01
1.378917364101581167e-01
1.321114418632030052e-01
1.371922180910876699e-01
1.358432836825616274e-01
1.320662769852414820e-01
1.316752099375440299e-01
1.374967219785173944e-01
1.356181449963973495e-01
1.329003579409170077e-01
1.356746954458820098e-01
1.332220459994177542e-01
1.346130449280569796e-01
1.367532855633889766e-01
1.342362549785663106e-01
1.365603183180510438e-01
1.321369787813109764e-01
1.330724298496385738e-01
1.314522224982783705e-01
1.355371300761919195e-01
1.315467347060976233e-01
1.334866801716525497e-01
1.368470597003431377e-01
1.326203225531005225e-01
1.377138669996665898e-01
1.294401286883144209e-01
1.342381206868996091e-01
1.367927166335222711e-01
1.348996616747367983e-01
1.351655672358227367e-01
1.382048786663406803e-01
1.312999348385149867e-01
1.328189395681096396e-01
1.382676107245990604e-01
1.319760935457644502e-01
1.330437500768598680e-01
1.374017683500338149e-01
1.355499184061927098e-01
1.346235132701286974e-01
1.310164211237936360e-01
1.292815942357739001e-01
1.302812895307691732e-01
1.385403255839425252e-01
1.339420722080481851e-01
1.322164574313744734e-01
1.302953270156179122e-01
1.368304174589110023e-01
1.338500631756007198e-01
1.386996481529929048e-01
1.316155888005668961e-01
1.349087096810748232e-01
1.322147068434540995e-01
1.332166930120385895e-01
1.325886685202108395e-01
1.379617430154344293e-01
1.294478651352650722e-01
1.329062229575608267e-01
1.312781801013248595e-01
1.339718251367292556e-01
1.362486913595359894e-01
1.359222410710202444e-01
1.336725193114289834e-01
1.320374198372479824e-01
1.296648583640579444e-01
1.350897390059449532e-01
1.380557305782820210e-01
1.400360787021782405e-01
1.331695777717830098e-01
1.336829052938086071e-01
1.408626906193507500e-01
1.382965376280508307e-01
1.323823451217405744e-01
1.336884668483521166e-01
1.331238290831821547e-01
1.307511637950090344e-01
1.336566161900039629e-01
1.349064406734998833e-01
1.356298722822871783e-01
1.331768045579146686e-01
1.370275710609660524e-01
1.352583646439668441e-01
1.305802008126611402e-01
1.287239481627113769e-01
1.329972807474374963e-01
1.325765692921531125e-01
1.338377389502649062e-01
1.329062156836419151e-01
1.376370398624725544e-01
1.346176920880846617e-01
1.325120205140266350e-01
1.319582295838425123e-01
1.374675906419001725e-01
1.324715304716947706e-01
1.316696676109739284e-01
1.364057565744645206e-01
1.405297347706067346e-01
