1.406759629450415605e-01
1.555146860691568600e-01
1.485644908937037156e-01
1.519237579690999318e-01
1.523174816810791699e-01
1.505309557047579683e-01
1.463910197021326687e-01
1.509873377419454210e-01
1.457235730265166451e-01
1.424395456804224969e-01
1.487847583932846163e-01
1.471661132272077954e-01
1.428567324960831608e-01
1.484172589722287661e-01
1.481900699619041473e-01
1.491648190688134590e-01
1.481489120679243543e-01
1.517896230527001622e-01
1.513138791666013006e-01
1.511813647414999018e-01
1.496473725987438885e-01
1.480254628905263437e-01
1.489762064136153086e-01
1.480461101925658052e-01
1.526905791139246960e-01
1.517267537401914557e-01
1.511014445117432048e-01
1.560025212040553888e-01
1.476755876186975347e-01
1.487826274137587224e-01
1.483610705248506190e-01
1.486332379796054814e-01
1.479539603539516412e-01
1.501690132600817518e-01
1.493843625429514821e-01
1.555420153392106930e-01
1.473474257782166896e-01
1.451403067263716262e-01
1.541673266614735360e-01
1.555218696643580756e-01
1.494296110360201213e-01
1.503634557426553886e-01
1.552103526815590828e-01
1.523931352914871806e-01
1.505012540906986440e-01
1.462611693317307782e-01
1.491148398002259123e-01
1.470123326506775907e-01
1.539094875672203933e-01
1.472876068602921307e-01
1.517412207015280123e-01
1.553326390711922134e-01
1.461524821639396676e-01
1.543370060005908317e-01
1.446018123274882550e-01
1.487138335872840722e-01
1.482555262862600420e-01
1.489411322027995310e-01
1.528851734079446911e-01
1.507938625104617847e-01
1.465208156792587868e-01
1.501308455309867396e-01
1.483154139249540648e-01
1.536374707099550374e-01
1.529852297338005207e-01
1.538905021618973135e-01
2.687823983635465597e-01
3.936861309995964842e-01
4.163483353683330446e-01
4.187573449774956158e-01
4.069323622442463373e-01
4.105235118384029658e-01
4.192560769527263198e-01
4.134277972694918590e-01
4.123809276287347947e-01
4.112914936327338733e-01
4.069667863447402611e-01
4.058564387559666642e-01
4.009474928229779245e-01
3.990440769084162009e-01
3.918249267476026088e-01
3.937863101044791203e-01
3.906840872388610553e-01
3.994673382320794164e-01
4.068695746874281260e-01
4.107874301953553520e-01
4.162444249496304316e-01
4.188191816272786028e-01
4.275748054260648523e-01
4.339392750988747549e-01
4.404433867107191425e-01
4.433963302833529019e-01
4.444820486085018230e-01
4.530159146270090198e-01
4.504917088801735359e-01
4.497915568075012693e-01
4.484886301645975015e-01
4.393867805479173549e-01
4.365380784800622083e-01
4.280449384773543642e-01
