6.517019108469094268e-01
6.556128506086509322e-01
6.545364333292854608e-01
6.574084186692911169e-01
6.549212373290989042e-01
6.592964207122496978e-01
6.590229044368459688e-01
6.576120224395045621e-01
6.576230176131250271e-01
6.572213328907525742e-01
6.550858380379795953e-01
6.554080989480794983e-01
6.580075125543685122e-01
6.549505729634036433e-01
6.571276027264953967e-01
6.552165352575944901e-01
6.575601796135573940e-01
6.565953621602542700e-01
6.560904317313928091e-01
6.556833664915564519e-01
6.583639948152351096e-01
6.566995043056127468e-01
6.568753411344788740e-01
6.579908197152607441e-01
6.573297043878832957e-01
6.571752534630854736e-01
6.591398434568641607e-01
6.540969194856232072e-01
6.542783262915742304e-01
6.564643937536389640e-01
6.559670178784671180e-01
6.598496632470324252e-01
6.586450352531995067e-01
6.588883370510256743e-01
6.586041680088710049e-01
6.570737622629854169e-01
6.566253648329819503e-01
6.588742459932332984e-01
6.556125718699765681e-01
6.563336307666127745e-01
6.562490748466635049e-01
6.561209306896635951e-01
6.575744282170551402e-01
6.581473631493895970e-01
6.568613279267987437e-01
6.568718079477500194e-01
6.560006585875921559e-01
6.569926299241068968e-01
6.564655379936046309e-01
6.557896389113087032e-01
6.581671122940465635e-01
6.564664006791350870e-01
6.611813687193236477e-01
6.567149863294988732e-01
6.570773682114638969e-01
6.591120933008824956e-01
6.572644073396405329e-01
6.587664645875718206e-01
6.564369689767015625e-01
6.536074495078031399e-01
6.581987129870606745e-01
6.559133493293871631e-01
6.569712384302333064e-01
6.565465378942789698e-01
6.581790481214986333e-01
6.576071554629494553e-01
6.578412051245535741e-01
6.576308002775772543e-01
6.553784078205426855e-01
6.582623735373829277e-01
6.576188390741969370e-01
6.574639645595429238e-01
6.567598484138159609e-01
6.593075856536605439e-01
6.579201042022775336e-01
6.582645622388066942e-01
6.562922820057489615e-01
6.586786032849865080e-01
6.548541635484437240e-01
6.574782150614699727e-01
6.566585021499738994e-01
6.558859357659260203e-01
6.553952796914310763e-01
6.551398111114064005e-01
6.564610207000330933e-01
6.575789087387307053e-01
6.579063278150980576e-01
6.559067804359791642e-01
6.544927197545843400e-01
6.549306820689206887e-01
6.585163143489870530e-01
6.573061936491586543e-01
6.553976518890312075e-01
6.571528639953287954e-01
6.562294969766256925e-01
6.560694544367416947e-01
6.565893593825664620e-01
6.524963613746979085e-01
6.533896489444165345e-01
6.559725496095172304e-01
