1.358369179230265178e-01
1.424955081081259178e-01
1.386515643921459318e-01
1.432761263189979428e-01
1.445102841460522147e-01
1.391310557506819923e-01
1.428322464966163552e-01
1.403348723876259307e-01
1.384181791379103244e-01
1.407618849718241805e-01
1.420509703512753408e-01
1.422184854446059687e-01
1.397886752827252610e-01
1.382168574311989084e-01
1.359182534007099263e-01
1.450066643689693346e-01
1.412984705750688630e-01
1.439162561963122644e-01
1.372967332187819134e-01
1.420857912109570464e-01
1.358828617858382770e-01
1.369348914671225104e-01
1.398378896786020009e-01
1.389991968337565831e-01
1.406790297496097186e-01
1.422533087357855663e-01
1.435713120526390385e-01
1.434447152019778793e-01
1.448343078296170372e-01
1.438642094494891888e-01
1.393504052497885615e-01
1.346159178657334865e-01
1.394678560469881645e-01
1.412784740713303178e-01
1.414229247542020673e-01
1.399888547409286754e-01
1.426579434285470405e-01
1.368040683746162833e-01
1.407951534609363786e-01
1.421752012744020577e-01
1.403904089606414773e-01
1.453193230612798703e-01
1.366677994561084075e-01
1.387028372171449364e-01
1.408812785073861873e-01
1.404364995592940202e-01
1.485069035660057657e-01
1.438262278596711963e-01
1.369957497837783755e-01
1.385298210547608044e-01
1.412442595612870833e-01
1.432214499792545392e-01
1.363719863362811147e-01
1.404665650405366728e-01
1.470676996481369569e-01
1.390792605483484046e-01
1.423843213824022846e-01
1.433991348451272851e-01
1.386638822012052352e-01
1.410855323209918577e-01
1.382698859840749139e-01
1.389320727550817092e-01
1.467062446296460154e-01
1.367237658509932452e-01
1.399333465519534414e-01
1.465124864568092822e-01
1.390047583397941711e-01
1.411580704475969561e-01
1.428010194241671194e-01
1.404873938855228377e-01
1.432995639926084031e-01
1.424035482840523836e-01
1.428750332170354853e-01
1.421968790059698340e-01
1.435300003777643107e-01
1.406259713597949879e-01
1.393068304612350428e-01
1.419491343007262263e-01
1.407757243262300062e-01
1.437151124782513056e-01
1.415956243578506690e-01
1.418622664432712677e-01
1.385872283720546161e-01
1.376018526026004385e-01
1.468492960503233746e-01
1.421109093656045819e-01
1.446741314686746938e-01
1.414098523523932283e-01
1.421006341378437399e-01
1.417968178857089701e-01
1.380794565748148794e-01
1.388687922462329416e-01
1.411759683253888398e-01
1.440075731567284634e-01
1.434956580653419800e-01
1.407384962132401107e-01
1.402430969212490330e-01
1.412653769815934157e-01
1.486047184506285590e-01
1.421063466752048310e-01
