7.498830498597905403e-02
8.164782475858455013e-02
7.642618586650898327e-02
7.761405050214478796e-02
7.669850781209336388e-02
8.024035227893239197e-02
8.207659856643188812e-02
7.948101575125088303e-02
8.171284353264812728e-02
8.271834334341454653e-02
8.124418968598415280e-02
8.089100461431417144e-02
8.129985679292037193e-02
7.496885348130633009e-02
8.092514171419951108e-02
7.732192251819262896e-02
8.097583622123571967e-02
7.450999425965648681e-02
8.202068432314969793e-02
7.872505631845415353e-02
8.526737802016379209e-02
8.366684163700928434e-02
8.313340438321842329e-02
7.938122664157332142e-02
8.109103383895965855e-02
8.342984108363805940e-02
7.819491312472875988e-02
7.950637629529506978e-02
7.904249969405063858e-02
8.049162944881882442e-02
7.888274896699085104e-02
7.898771340591309587e-02
7.934283683711654267e-02
8.035758170877835282e-02
7.937117013700387136e-02
7.889606325976630807e-02
7.877005610020418325e-02
8.015124321856229028e-02
7.907269511198974921e-02
7.969448254970995515e-02
7.828799349407433716e-02
8.092080811997980072e-02
8.218445588529860180e-02
8.041720684936520813e-02
8.325762036690156909e-02
8.069507272471623804e-02
7.974000001386059855e-02
8.000697891705975395e-02
7.739928833667747421e-02
8.026240374775954478e-02
8.140878081543130584e-02
8.019056676891700430e-02
7.872272857963474868e-02
7.826046286278021125e-02
8.012456312370165590e-02
7.975712136243381933e-02
8.096249050844267492e-02
7.791603120991730247e-02
7.738214887697249245e-02
8.212338283252684779e-02
7.989084548675565167e-02
7.754881744185851411e-02
8.143823601216390595e-02
7.871303201035068087e-02
8.027641051154928153e-02
7.971292789408165880e-02
7.842654984231225979e-02
7.857134715768220035e-02
8.006676480010205266e-02
7.881578433401287276e-02
8.125576551624091870e-02
7.830085258614837007e-02
7.921580216711890388e-02
8.077808065247649161e-02
8.310154162507704667e-02
7.847550072846182223e-02
7.723037295180706918e-02
8.281722862596066492e-02
7.589090617284957596e-02
8.156932677759798356e-02
7.745598743557616239e-02
7.633901239709262043e-02
8.065230483248234106e-02
7.717910207987968563e-02
8.172166610840567169e-02
8.037078248295773109e-02
8.128829014432636946e-02
7.547676390444033045e-02
8.110656157675337485e-02
7.879243518789731671e-02
8.021621848893549511e-02
8.024756968309992855e-02
8.134479744311280680e-02
8.238852434704181660e-02
7.884547495542001960e-02
7.704969932042635139e-02
7.922304074815492148e-02
8.151904575201854297e-02
8.058202657005625325e-02
8.038191938477579068e-02
