6.468364397892402418e-02
6.759749671437884078e-02
7.010594025595670575e-02
6.984237764739409382e-02
6.943839127777458320e-02
6.726199763041999791e-02
7.064609572695031148e-02
6.833383091749613281e-02
7.222055827799728212e-02
6.875614812147372301e-02
7.045743412907408409e-02
6.942148539496413584e-02
7.118716565136767871e-02
7.002071540790480442e-02
6.865412417267659217e-02
6.540365433983286181e-02
6.883704683232502730e-02
7.085118314552932284e-02
6.541434076194069247e-02
7.070283959251350003e-02
6.741928688335568909e-02
7.005837233551812093e-02
7.322290619724153293e-02
7.168512230553497622e-02
6.672261763991468864e-02
6.755404312567508951e-02
6.811777423587897506e-02
6.623895268891695498e-02
6.836405654249166908e-02
7.120182046265592646e-02
6.943160061364028746e-02
6.716905016121760275e-02
6.985602248596511910e-02
7.072776342666609040e-02
6.715289949771124922e-02
6.900795890263902721e-02
6.854844406792576228e-02
6.924181274053017865e-02
6.993004183763330828e-02
6.896755858832709363e-02
6.833528744347740214e-02
7.020352070606097894e-02
6.886555674269861926e-02
6.607931010044683362e-02
6.708742692411000241e-02
6.432956354080504591e-02
6.749565183979136518e-02
7.096871572669904982e-02
6.815743047799158183e-02
7.029899230359210049e-02
6.771515674635987525e-02
6.753816590111454132e-02
6.899462965289390737e-02
6.933547983704281548e-02
6.888518864520154494e-02
6.786327944471433338e-02
7.113277870743273112e-02
6.960978233996942266e-02
6.521076413907248015e-02
6.535633897614917531e-02
6.749479457479487521e-02
6.994142166177935716e-02
7.054447603827662672e-02
6.848593979724594549e-02
6.552785506191187437e-02
6.896026741473548771e-02
6.722134973332248575e-02
6.909527481338265109e-02
6.726604551011215738e-02
6.807933715238771721e-02
6.875460138451541803e-02
6.856286642891876171e-02
6.863238153790682250e-02
6.956904732628330090e-02
6.967947850833043633e-02
6.784817382624180881e-02
6.982881134766050213e-02
7.174731800275918614e-02
6.562101560249060384e-02
6.835393708860602879e-02
7.032766515492033799e-02
6.840418612536941501e-02
6.934716037105993769e-02
6.877110678085403273e-02
6.946866419907288259e-02
6.963376864502539287e-02
6.541994200677379856e-02
6.605380690984199998e-02
6.555337379749701099e-02
6.682694645387300680e-02
6.821765442304102145e-02
6.637543540427770505e-02
7.168358294823017063e-02
6.921070675449758625e-02
6.770110990060815293e-02
6.457749375573959560e-02
6.536314168083415255e-02
6.797429560623846623e-02
6.842199986206051743e-02
6.921694548093172694e-02
