6.002345932658290639e-01
6.163853695019447798e-01
6.117392039927636027e-01
6.063827159257069166e-01
5.989506579079745263e-01
6.006664564659425221e-01
6.017112835808080540e-01
5.955878506727614319e-01
5.987151008487574533e-01
6.043089139241228924e-01
6.047003051704848975e-01
5.999492741667487028e-01
6.053958700678001570e-01
6.029901542201825393e-01
5.967408927596526969e-01
5.933472534864162595e-01
5.953998682025138933e-01
5.958081992660483328e-01
5.938035789872856407e-01
5.867900393780980384e-01
5.974780748605852398e-01
5.907154591304590863e-01
5.899040208994189571e-01
5.907582415465153503e-01
5.909280551372545487e-01
5.910305468229281045e-01
5.896049416579692837e-01
5.894407994920782823e-01
5.808003099372618383e-01
5.794918284075851744e-01
5.828983588082305989e-01
5.817460960272071713e-01
5.837894983263017812e-01
5.848222204894251153e-01
5.921888841590401409e-01
5.873168988988510808e-01
5.843957631678358133e-01
5.849815601279371169e-01
5.842189654408211918e-01
5.837692282774653574e-01
5.861623419727910456e-01
5.894730148210458598e-01
5.885975584534874905e-01
5.829587388230945688e-01
5.778355921614408697e-01
5.736874203972144315e-01
5.774772560835048640e-01
5.775914171160934085e-01
5.839332608782021872e-01
5.832858108521918883e-01
5.834262286518818730e-01
5.851319511570745036e-01
5.864294825180469406e-01
5.833230314570818642e-01
5.738622147372768323e-01
5.708539078322366622e-01
5.754583778334213529e-01
5.769130831850064478e-01
5.758258194735992319e-01
5.701389680276516270e-01
5.654738599274842237e-01
5.597556474295449780e-01
5.523599447689286901e-01
5.550148869972523213e-01
5.548303283851587775e-01
5.344958101082134538e-01
5.422988935179313685e-01
5.395451344264510229e-01
5.346750558146406984e-01
5.418118940443600318e-01
5.491489173965594661e-01
5.415687723078888016e-01
5.359971869445390169e-01
5.317735014233153645e-01
5.276048416344187864e-01
5.224340776370388628e-01
5.234226618072024273e-01
5.200969715677421501e-01
5.204490730243676033e-01
5.173617120715561235e-01
5.154315908705201510e-01
5.138801948415097076e-01
5.237879669537762739e-01
5.345436286878922916e-01
5.372939327137085108e-01
5.415820097822463541e-01
5.419290378485790427e-01
5.458122394407518563e-01
5.484108986099957006e-01
5.500815885336336475e-01
5.541402827480446103e-01
5.549698392277712111e-01
5.554742565776292773e-01
5.544839838445998481e-01
5.537192657414062857e-01
5.535868481412372644e-01
5.578866237321615795e-01
5.598178722487276993e-01
5.648012657510201873e-01
5.654310538275146847e-01
