7.039805446530058575e-01
7.197156497582173351e-01
7.155572370358755929e-01
7.174580640942085363e-01
7.128769667747960614e-01
7.216427849712574449e-01
7.244073733418796568e-01
7.244330716452291874e-01
7.252384197900294538e-01
7.219321012793401549e-01
7.210369854224192299e-01
7.222190493458517935e-01
7.316445619310019133e-01
7.272298445851232973e-01
7.303162742428438436e-01
7.328579829604690010e-01
7.355098547533726050e-01
7.321111130254014387e-01
7.344296056571915088e-01
7.392770764601900302e-01
7.336464506584046141e-01
7.396767707177140938e-01
7.392624755230303712e-01
7.379937923379914499e-01
7.349874487072755036e-01
7.377981060220525356e-01
7.362335020759404047e-01
7.297333312262486160e-01
7.274370289588039107e-01
7.252749227949131239e-01
7.200039690360948708e-01
7.229665261982349822e-01
7.208919628784644651e-01
7.151193935878437102e-01
7.119820241923058290e-01
7.078436088892969824e-01
7.075469598682282424e-01
7.098577803495176308e-01
7.193023887860657828e-01
7.131338514334931711e-01
7.143208194623258400e-01
7.192558543968716744e-01
7.241743391198810498e-01
7.197223204558653720e-01
7.214724402570910078e-01
7.335676934273782646e-01
7.253223581527113994e-01
7.340354218399243180e-01
7.317485520766615625e-01
7.273003302000640158e-01
7.217830899845466552e-01
7.152066737515221373e-01
7.142165548169279177e-01
7.096925739702755198e-01
7.070626490001159503e-01
7.033158462297681712e-01
6.938290408370160200e-01
6.972147056385111785e-01
7.040791595120620139e-01
7.009672871949275130e-01
7.036935405726527648e-01
6.981927004892832800e-01
6.978780311907775147e-01
7.072579720709903928e-01
7.170654613153004675e-01
7.156227343986554246e-01
7.179977322355761693e-01
7.156665665019749101e-01
7.107274847415969710e-01
7.086133620231641617e-01
7.118946475130122353e-01
7.171057493857819765e-01
7.171239180618482756e-01
7.136827118924986557e-01
7.167310490150922142e-01
7.259610337675015401e-01
7.408008001067680759e-01
7.428884486388119823e-01
7.442319963989458831e-01
7.448858650691521088e-01
7.463097804859477602e-01
7.478383054446561262e-01
7.548073941322464009e-01
7.534673206301689685e-01
7.500847324886725787e-01
7.521111058093186141e-01
7.498758531829760043e-01
7.440389319361642162e-01
7.428400918944519926e-01
7.362699575558895315e-01
7.300406001852517424e-01
7.233479154200229688e-01
7.221484051480905331e-01
7.259484463064063142e-01
7.305314996464910005e-01
7.312498920227257226e-01
7.320622782051828814e-01
7.367040394952018012e-01
7.367706254071886285e-01
7.365348470786803325e-01
