4.292744863915023412e-01
4.486658552791521481e-01
4.514035667476865576e-01
4.482037091449616595e-01
4.523212393647620400e-01
4.602778415541101120e-01
4.643819939950545317e-01
4.602199962824674029e-01
4.721865852608219116e-01
4.800624418191490328e-01
4.877379232978598100e-01
4.904437247109707521e-01
4.928128825238676791e-01
4.950775972369025890e-01
4.904115982165490051e-01
4.958804020165428206e-01
4.992697856563778069e-01
4.878385215775008499e-01
4.918877471159139869e-01
4.903800358970982209e-01
4.939122786632860751e-01
4.799519072833695610e-01
4.750586138543696491e-01
4.725572450328714424e-01
4.704609956265887738e-01
4.747563565016656995e-01
4.784721590390763613e-01
4.735201339124464059e-01
4.773602489124892934e-01
4.665537421707451893e-01
4.634879071879438595e-01
4.766280883396898926e-01
4.698818056689584854e-01
4.698135818450556167e-01
4.666526452089342358e-01
4.581633317680302020e-01
4.553338812014725567e-01
4.501387262936590861e-01
4.631358712572121172e-01
4.632111374617506883e-01
4.559655180883271930e-01
4.582328331581078107e-01
4.527524558078763750e-01
4.529836322062076870e-01
4.463109767724331434e-01
4.493622364027164973e-01
4.552995320604614760e-01
4.660374429868561208e-01
4.691682473210823101e-01
4.754009857830987507e-01
4.817947767755348387e-01
4.850045944191441749e-01
4.787289874359329511e-01
4.760599003892475034e-01
4.753214029973950039e-01
4.696582636885506812e-01
4.783805654365531068e-01
4.818904154587987931e-01
4.903906869300794780e-01
4.857409698958308208e-01
4.852981435208493233e-01
4.847345957614869194e-01
4.774206146790197502e-01
4.663333646860550741e-01
4.644542154115350874e-01
4.712041665635087195e-01
4.692644257827969234e-01
4.704319115046267652e-01
4.680505576568946835e-01
4.623513642053485029e-01
4.587865111710730526e-01
4.699650012320446546e-01
4.738006408062394037e-01
4.753162553931635226e-01
4.745182069757534205e-01
4.720215406931624891e-01
4.774627064580798663e-01
4.705426227999748301e-01
4.774697857538738877e-01
4.773097007997149088e-01
4.725920586838256998e-01
4.687479512167129769e-01
4.709598889748096151e-01
4.819961793315957754e-01
4.862426133506347337e-01
4.932001728062986867e-01
5.013444690432489192e-01
4.973310502822279600e-01
4.991498508852049709e-01
5.025040686515127586e-01
4.983481740279385175e-01
4.875908860134859357e-01
4.884279089179690003e-01
4.954098992103866950e-01
4.903394411873418512e-01
4.848861283341521222e-01
4.757471869095550310e-01
4.760348157645281075e-01
4.741854850290838086e-01
4.839874299743216479e-01
